2021-10-02T13:29:20.563+09:00,HanSeunghun,Action,NewClass,Assignment,Popup,D:/University/Java/Assignment/src/Week3/ReverseStringMain.java,,25,1,Default task
2021-10-02T13:29:30.923+09:00,HanSeunghun,KeyEvent,65535:17:2,Assignment,Popup,D:/University/Java/Assignment/src/Week3/ReverseStringMain.java,,25,1,Default task
2021-10-02T13:29:31.050+09:00,HanSeunghun,Action,EditorPaste,Assignment,Popup,D:/University/Java/Assignment/src/Week3/ReverseStringMain.java,,25,1,Default task
2021-10-02T13:29:31.118+09:00,HanSeunghun,KeyEvent,22:86:2,Assignment,Popup,D:/University/Java/Assignment/src/Week3/ReverseStringMain.java,,25,1,Default task
2021-10-02T13:29:32.485+09:00,HanSeunghun,KeyEvent,10:10:0,,,,,-1,-1,
2021-10-02T13:29:33.007+09:00,HanSeunghun,KeyEvent,65535:18:8,Assignment,Editor,D:/University/Java/Assignment/src/Week5/Cafe.java,,2,18,Default task
2021-10-02T13:29:46.037+09:00,HanSeunghun,Action,NewClass,Assignment,Popup,D:/University/Java/Assignment/src/Week5/Cafe.java,,2,18,Default task
2021-10-02T13:29:46.436+09:00,HanSeunghun,KeyEvent,65535:17:2,Assignment,Popup,D:/University/Java/Assignment/src/Week5/Cafe.java,,2,18,Default task
2021-10-02T13:29:46.565+09:00,HanSeunghun,Action,EditorPaste,Assignment,Popup,D:/University/Java/Assignment/src/Week5/Cafe.java,,2,18,Default task
2021-10-02T13:29:46.568+09:00,HanSeunghun,KeyEvent,22:86:2,Assignment,Popup,D:/University/Java/Assignment/src/Week5/Cafe.java,,2,18,Default task
2021-10-02T13:29:47.388+09:00,HanSeunghun,KeyEvent,10:10:0,,,,,-1,-1,
2021-10-02T13:29:47.877+09:00,HanSeunghun,KeyEvent,65535:18:8,Assignment,Editor,D:/University/Java/Assignment/src/Week5/Beverage.java,,2,22,Default task
2021-10-02T13:31:27.202+09:00,HanSeunghun,Action,EditorEnter,Assignment,Editor,D:/University/Java/Assignment/src/Week5/Cafe.java,,2,19,Default task
2021-10-02T13:31:27.276+09:00,HanSeunghun,KeyEvent,10:10:0,Assignment,Editor,D:/University/Java/Assignment/src/Week5/Cafe.java,,3,4,Default task
2021-10-02T13:33:05.060+09:00,HanSeunghun,KeyEvent,112:80:0,Assignment,Editor,D:/University/Java/Assignment/src/Week5/Cafe.java,,3,4,Default task
2021-10-02T13:33:05.172+09:00,HanSeunghun,KeyEvent,114:82:0,Assignment,Editor,D:/University/Java/Assignment/src/Week5/Cafe.java,,3,5,Default task
2021-10-02T13:33:05.332+09:00,HanSeunghun,KeyEvent,105:73:0,Assignment,Editor,D:/University/Java/Assignment/src/Week5/Cafe.java,,3,6,Default task
2021-10-02T13:33:05.493+09:00,HanSeunghun,KeyEvent,118:86:0,Assignment,Editor,D:/University/Java/Assignment/src/Week5/Cafe.java,,3,7,Default task
2021-10-02T13:33:05.573+09:00,HanSeunghun,KeyEvent,97:65:0,Assignment,Editor,D:/University/Java/Assignment/src/Week5/Cafe.java,,3,8,Default task
2021-10-02T13:33:05.756+09:00,HanSeunghun,KeyEvent,116:84:0,Assignment,Editor,D:/University/Java/Assignment/src/Week5/Cafe.java,,3,9,Default task
2021-10-02T13:33:05.837+09:00,HanSeunghun,KeyEvent,101:69:0,Assignment,Editor,D:/University/Java/Assignment/src/Week5/Cafe.java,,3,10,Default task
2021-10-02T13:33:06.003+09:00,HanSeunghun,KeyEvent,32:32:0,Assignment,Editor,D:/University/Java/Assignment/src/Week5/Cafe.java,,3,11,Default task
2021-10-02T13:33:06.597+09:00,HanSeunghun,KeyEvent,65535:20:0,Assignment,Editor,D:/University/Java/Assignment/src/Week5/Cafe.java,,3,12,Default task
2021-10-02T13:33:06.716+09:00,HanSeunghun,KeyEvent,83:83:0,Assignment,Editor,D:/University/Java/Assignment/src/Week5/Cafe.java,,3,12,Default task
2021-10-02T13:33:06.867+09:00,HanSeunghun,KeyEvent,65535:20:0,Assignment,Editor,D:/University/Java/Assignment/src/Week5/Cafe.java,,3,13,Default task
2021-10-02T13:33:06.927+09:00,HanSeunghun,KeyEvent,116:84:0,Assignment,Editor,D:/University/Java/Assignment/src/Week5/Cafe.java,,3,13,Default task
2021-10-02T13:33:07.075+09:00,HanSeunghun,KeyEvent,114:82:0,Assignment,Editor,D:/University/Java/Assignment/src/Week5/Cafe.java,,3,14,Default task
2021-10-02T13:33:07.171+09:00,HanSeunghun,KeyEvent,105:73:0,Assignment,Editor,D:/University/Java/Assignment/src/Week5/Cafe.java,,3,15,Default task
2021-10-02T13:33:07.292+09:00,HanSeunghun,KeyEvent,110:78:0,Assignment,Editor,D:/University/Java/Assignment/src/Week5/Cafe.java,,3,16,Default task
2021-10-02T13:33:07.356+09:00,HanSeunghun,KeyEvent,103:71:0,Assignment,Editor,D:/University/Java/Assignment/src/Week5/Cafe.java,,3,17,Default task
2021-10-02T13:33:07.454+09:00,HanSeunghun,KeyEvent,32:32:0,Assignment,Editor,D:/University/Java/Assignment/src/Week5/Cafe.java,,3,18,Default task
2021-10-02T13:33:07.596+09:00,HanSeunghun,KeyEvent,110:78:0,Assignment,Editor,D:/University/Java/Assignment/src/Week5/Cafe.java,,3,19,Default task
2021-10-02T13:33:07.692+09:00,HanSeunghun,KeyEvent,97:65:0,Assignment,Editor,D:/University/Java/Assignment/src/Week5/Cafe.java,,3,20,Default task
2021-10-02T13:33:07.980+09:00,HanSeunghun,KeyEvent,109:77:0,Assignment,Editor,D:/University/Java/Assignment/src/Week5/Cafe.java,,3,21,Default task
2021-10-02T13:33:08.076+09:00,HanSeunghun,KeyEvent,101:69:0,Assignment,Editor,D:/University/Java/Assignment/src/Week5/Cafe.java,,3,22,Default task
2021-10-02T13:33:08.676+09:00,HanSeunghun,KeyEvent,59:59:0,Assignment,Editor,D:/University/Java/Assignment/src/Week5/Cafe.java,,3,23,Default task
2021-10-02T13:33:09.534+09:00,HanSeunghun,Action,EditorEnter,Assignment,Editor,D:/University/Java/Assignment/src/Week5/Cafe.java,,3,24,Default task
2021-10-02T13:33:09.537+09:00,HanSeunghun,KeyEvent,10:10:0,Assignment,Editor,D:/University/Java/Assignment/src/Week5/Cafe.java,,4,4,Default task
2021-10-02T13:33:09.788+09:00,HanSeunghun,KeyEvent,112:80:0,Assignment,Editor,D:/University/Java/Assignment/src/Week5/Cafe.java,,4,4,Default task
2021-10-02T13:33:09.851+09:00,HanSeunghun,KeyEvent,114:82:0,Assignment,Editor,D:/University/Java/Assignment/src/Week5/Cafe.java,,4,5,Default task
2021-10-02T13:33:09.979+09:00,HanSeunghun,KeyEvent,105:73:0,Assignment,Editor,D:/University/Java/Assignment/src/Week5/Cafe.java,,4,6,Default task
2021-10-02T13:33:10.045+09:00,HanSeunghun,KeyEvent,118:86:0,Assignment,Editor,D:/University/Java/Assignment/src/Week5/Cafe.java,,4,7,Default task
2021-10-02T13:33:10.116+09:00,HanSeunghun,KeyEvent,97:65:0,Assignment,Editor,D:/University/Java/Assignment/src/Week5/Cafe.java,,4,8,Default task
2021-10-02T13:33:10.228+09:00,HanSeunghun,KeyEvent,116:84:0,Assignment,Editor,D:/University/Java/Assignment/src/Week5/Cafe.java,,4,9,Default task
2021-10-02T13:33:10.311+09:00,HanSeunghun,KeyEvent,101:69:0,Assignment,Editor,D:/University/Java/Assignment/src/Week5/Cafe.java,,4,10,Default task
2021-10-02T13:33:10.397+09:00,HanSeunghun,KeyEvent,32:32:0,Assignment,Editor,D:/University/Java/Assignment/src/Week5/Cafe.java,,4,11,Default task
2021-10-02T13:33:10.460+09:00,HanSeunghun,KeyEvent,65535:20:0,Assignment,Editor,D:/University/Java/Assignment/src/Week5/Cafe.java,,4,12,Default task
2021-10-02T13:33:10.612+09:00,HanSeunghun,KeyEvent,72:72:0,Assignment,Editor,D:/University/Java/Assignment/src/Week5/Cafe.java,,4,12,Default task
2021-10-02T13:33:10.676+09:00,HanSeunghun,KeyEvent,65535:20:0,Assignment,Editor,D:/University/Java/Assignment/src/Week5/Cafe.java,,4,13,Default task
2021-10-02T13:33:10.780+09:00,HanSeunghun,KeyEvent,97:65:0,Assignment,Editor,D:/University/Java/Assignment/src/Week5/Cafe.java,,4,13,Default task
2021-10-02T13:33:11.012+09:00,HanSeunghun,KeyEvent,115:83:0,Assignment,Editor,D:/University/Java/Assignment/src/Week5/Cafe.java,,4,14,Default task
2021-10-02T13:33:11.213+09:00,HanSeunghun,KeyEvent,104:72:0,Assignment,Editor,D:/University/Java/Assignment/src/Week5/Cafe.java,,4,15,Default task
2021-10-02T13:33:12.900+09:00,HanSeunghun,Action,EditorChooseLookupItem,Assignment,Editor,D:/University/Java/Assignment/src/Week5/Cafe.java,,4,16,Default task
2021-10-02T13:33:12.958+09:00,HanSeunghun,KeyEvent,10:10:0,Assignment,Editor,D:/University/Java/Assignment/src/Week5/Cafe.java,,6,19,Default task
2021-10-02T13:33:13.165+09:00,HanSeunghun,KeyEvent,65535:16:1,Assignment,Editor,D:/University/Java/Assignment/src/Week5/Cafe.java,,6,19,Default task
2021-10-02T13:33:13.300+09:00,HanSeunghun,KeyEvent,60:44:1,Assignment,Editor,D:/University/Java/Assignment/src/Week5/Cafe.java,,6,19,Default task
2021-10-02T13:33:13.588+09:00,HanSeunghun,KeyEvent,65535:20:0,Assignment,Editor,D:/University/Java/Assignment/src/Week5/Cafe.java,,6,20,Default task
2021-10-02T13:33:13.709+09:00,HanSeunghun,KeyEvent,83:83:0,Assignment,Editor,D:/University/Java/Assignment/src/Week5/Cafe.java,,6,20,Default task
2021-10-02T13:33:13.859+09:00,HanSeunghun,KeyEvent,65535:20:0,Assignment,Editor,D:/University/Java/Assignment/src/Week5/Cafe.java,,6,21,Default task
2021-10-02T13:33:13.971+09:00,HanSeunghun,KeyEvent,116:84:0,Assignment,Editor,D:/University/Java/Assignment/src/Week5/Cafe.java,,6,21,Default task
2021-10-02T13:33:14.128+09:00,HanSeunghun,KeyEvent,114:82:0,Assignment,Editor,D:/University/Java/Assignment/src/Week5/Cafe.java,,6,22,Default task
2021-10-02T13:33:14.219+09:00,HanSeunghun,KeyEvent,105:73:0,Assignment,Editor,D:/University/Java/Assignment/src/Week5/Cafe.java,,6,23,Default task
2021-10-02T13:33:14.379+09:00,HanSeunghun,KeyEvent,110:78:0,Assignment,Editor,D:/University/Java/Assignment/src/Week5/Cafe.java,,6,24,Default task
2021-10-02T13:33:14.468+09:00,HanSeunghun,KeyEvent,103:71:0,Assignment,Editor,D:/University/Java/Assignment/src/Week5/Cafe.java,,6,25,Default task
2021-10-02T13:33:15.308+09:00,HanSeunghun,KeyEvent,44:44:0,Assignment,Editor,D:/University/Java/Assignment/src/Week5/Cafe.java,,6,26,Default task
2021-10-02T13:33:15.605+09:00,HanSeunghun,KeyEvent,32:32:0,Assignment,Editor,D:/University/Java/Assignment/src/Week5/Cafe.java,,6,27,Default task
2021-10-02T13:33:15.725+09:00,HanSeunghun,KeyEvent,65535:20:0,Assignment,Editor,D:/University/Java/Assignment/src/Week5/Cafe.java,,6,28,Default task
2021-10-02T13:33:16.124+09:00,HanSeunghun,KeyEvent,66:66:0,Assignment,Editor,D:/University/Java/Assignment/src/Week5/Cafe.java,,6,28,Default task
2021-10-02T13:33:16.296+09:00,HanSeunghun,KeyEvent,65535:20:0,Assignment,Editor,D:/University/Java/Assignment/src/Week5/Cafe.java,,6,29,Default task
2021-10-02T13:33:16.404+09:00,HanSeunghun,KeyEvent,101:69:0,Assignment,Editor,D:/University/Java/Assignment/src/Week5/Cafe.java,,6,29,Default task
2021-10-02T13:33:16.684+09:00,HanSeunghun,KeyEvent,118:86:0,Assignment,Editor,D:/University/Java/Assignment/src/Week5/Cafe.java,,6,30,Default task
2021-10-02T13:33:17.012+09:00,HanSeunghun,Action,EditorChooseLookupItem,Assignment,Editor,D:/University/Java/Assignment/src/Week5/Cafe.java,,6,31,Default task
2021-10-02T13:33:17.024+09:00,HanSeunghun,KeyEvent,10:10:0,Assignment,Editor,D:/University/Java/Assignment/src/Week5/Cafe.java,,6,36,Default task
2021-10-02T13:33:17.585+09:00,HanSeunghun,Action,EditorRight,Assignment,Editor,D:/University/Java/Assignment/src/Week5/Cafe.java,,6,36,Default task
2021-10-02T13:33:17.587+09:00,HanSeunghun,KeyEvent,65535:39:0,Assignment,Editor,D:/University/Java/Assignment/src/Week5/Cafe.java,,6,37,Default task
2021-10-02T13:33:18.029+09:00,HanSeunghun,KeyEvent,32:32:0,Assignment,Editor,D:/University/Java/Assignment/src/Week5/Cafe.java,,6,37,Default task
2021-10-02T13:33:18.348+09:00,HanSeunghun,KeyEvent,65535:16:1,Assignment,Editor,D:/University/Java/Assignment/src/Week5/Cafe.java,,6,38,Default task
2021-10-02T13:33:18.876+09:00,HanSeunghun,KeyEvent,109:77:0,Assignment,Editor,D:/University/Java/Assignment/src/Week5/Cafe.java,,6,38,Default task
2021-10-02T13:33:18.941+09:00,HanSeunghun,KeyEvent,101:69:0,Assignment,Editor,D:/University/Java/Assignment/src/Week5/Cafe.java,,6,39,Default task
2021-10-02T13:33:19.188+09:00,HanSeunghun,KeyEvent,110:78:0,Assignment,Editor,D:/University/Java/Assignment/src/Week5/Cafe.java,,6,40,Default task
2021-10-02T13:33:19.364+09:00,HanSeunghun,KeyEvent,117:85:0,Assignment,Editor,D:/University/Java/Assignment/src/Week5/Cafe.java,,6,41,Default task
2021-10-02T13:33:19.668+09:00,HanSeunghun,KeyEvent,115:83:0,Assignment,Editor,D:/University/Java/Assignment/src/Week5/Cafe.java,,6,42,Default task
2021-10-02T13:33:20.125+09:00,HanSeunghun,KeyEvent,32:32:0,Assignment,Editor,D:/University/Java/Assignment/src/Week5/Cafe.java,,6,43,Default task
2021-10-02T13:33:20.247+09:00,HanSeunghun,KeyEvent,61:61:0,Assignment,Editor,D:/University/Java/Assignment/src/Week5/Cafe.java,,6,44,Default task
2021-10-02T13:33:20.389+09:00,HanSeunghun,KeyEvent,32:32:0,Assignment,Editor,D:/University/Java/Assignment/src/Week5/Cafe.java,,6,45,Default task
2021-10-02T13:33:20.548+09:00,HanSeunghun,KeyEvent,110:78:0,Assignment,Editor,D:/University/Java/Assignment/src/Week5/Cafe.java,,6,46,Default task
2021-10-02T13:33:20.662+09:00,HanSeunghun,KeyEvent,101:69:0,Assignment,Editor,D:/University/Java/Assignment/src/Week5/Cafe.java,,6,47,Default task
2021-10-02T13:33:20.820+09:00,HanSeunghun,KeyEvent,119:87:0,Assignment,Editor,D:/University/Java/Assignment/src/Week5/Cafe.java,,6,48,Default task
2021-10-02T13:33:20.916+09:00,HanSeunghun,KeyEvent,32:32:0,Assignment,Editor,D:/University/Java/Assignment/src/Week5/Cafe.java,,6,49,Default task
2021-10-02T13:33:21.484+09:00,HanSeunghun,Action,EditorChooseLookupItem,Assignment,Editor,D:/University/Java/Assignment/src/Week5/Cafe.java,,6,50,Default task
2021-10-02T13:33:21.521+09:00,HanSeunghun,KeyEvent,10:10:0,Assignment,Editor,D:/University/Java/Assignment/src/Week5/Cafe.java,,6,60,Default task
2021-10-02T13:33:21.942+09:00,HanSeunghun,Action,EditorRight,Assignment,Editor,D:/University/Java/Assignment/src/Week5/Cafe.java,,6,60,Default task
2021-10-02T13:33:21.943+09:00,HanSeunghun,KeyEvent,65535:39:0,Assignment,Editor,D:/University/Java/Assignment/src/Week5/Cafe.java,,6,61,Default task
2021-10-02T13:33:22.243+09:00,HanSeunghun,KeyEvent,59:59:0,Assignment,Editor,D:/University/Java/Assignment/src/Week5/Cafe.java,,6,61,Default task
2021-10-02T13:33:22.910+09:00,HanSeunghun,Action,EditorEnter,Assignment,Editor,D:/University/Java/Assignment/src/Week5/Cafe.java,,6,62,Default task
2021-10-02T13:33:22.912+09:00,HanSeunghun,KeyEvent,10:10:0,Assignment,Editor,D:/University/Java/Assignment/src/Week5/Cafe.java,,7,4,Default task
2021-10-02T13:33:23.277+09:00,HanSeunghun,Action,EditorEnter,Assignment,Editor,D:/University/Java/Assignment/src/Week5/Cafe.java,,7,4,Default task
2021-10-02T13:33:23.290+09:00,HanSeunghun,KeyEvent,10:10:0,Assignment,Editor,D:/University/Java/Assignment/src/Week5/Cafe.java,,8,4,Default task
2021-10-02T13:33:23.516+09:00,HanSeunghun,KeyEvent,112:80:0,Assignment,Editor,D:/University/Java/Assignment/src/Week5/Cafe.java,,8,4,Default task
2021-10-02T13:33:23.678+09:00,HanSeunghun,KeyEvent,117:85:0,Assignment,Editor,D:/University/Java/Assignment/src/Week5/Cafe.java,,8,5,Default task
2021-10-02T13:33:23.763+09:00,HanSeunghun,KeyEvent,98:66:0,Assignment,Editor,D:/University/Java/Assignment/src/Week5/Cafe.java,,8,6,Default task
2021-10-02T13:33:23.876+09:00,HanSeunghun,KeyEvent,108:76:0,Assignment,Editor,D:/University/Java/Assignment/src/Week5/Cafe.java,,8,7,Default task
2021-10-02T13:33:24.022+09:00,HanSeunghun,KeyEvent,105:73:0,Assignment,Editor,D:/University/Java/Assignment/src/Week5/Cafe.java,,8,8,Default task
2021-10-02T13:33:24.108+09:00,HanSeunghun,KeyEvent,99:67:0,Assignment,Editor,D:/University/Java/Assignment/src/Week5/Cafe.java,,8,9,Default task
2021-10-02T13:33:24.157+09:00,HanSeunghun,KeyEvent,32:32:0,Assignment,Editor,D:/University/Java/Assignment/src/Week5/Cafe.java,,8,10,Default task
2021-10-02T13:33:24.236+09:00,HanSeunghun,KeyEvent,65535:20:0,Assignment,Editor,D:/University/Java/Assignment/src/Week5/Cafe.java,,8,11,Default task
2021-10-02T13:33:24.332+09:00,HanSeunghun,KeyEvent,83:83:0,Assignment,Editor,D:/University/Java/Assignment/src/Week5/Cafe.java,,8,11,Default task
2021-10-02T13:33:24.479+09:00,HanSeunghun,KeyEvent,65535:20:0,Assignment,Editor,D:/University/Java/Assignment/src/Week5/Cafe.java,,8,12,Default task
2021-10-02T13:33:24.541+09:00,HanSeunghun,KeyEvent,116:84:0,Assignment,Editor,D:/University/Java/Assignment/src/Week5/Cafe.java,,8,12,Default task
2021-10-02T13:33:24.693+09:00,HanSeunghun,KeyEvent,114:82:0,Assignment,Editor,D:/University/Java/Assignment/src/Week5/Cafe.java,,8,13,Default task
2021-10-02T13:33:24.799+09:00,HanSeunghun,KeyEvent,105:73:0,Assignment,Editor,D:/University/Java/Assignment/src/Week5/Cafe.java,,8,14,Default task
2021-10-02T13:33:25.001+09:00,HanSeunghun,KeyEvent,110:78:0,Assignment,Editor,D:/University/Java/Assignment/src/Week5/Cafe.java,,8,15,Default task
2021-10-02T13:33:25.076+09:00,HanSeunghun,KeyEvent,103:71:0,Assignment,Editor,D:/University/Java/Assignment/src/Week5/Cafe.java,,8,16,Default task
2021-10-02T13:33:25.182+09:00,HanSeunghun,KeyEvent,32:32:0,Assignment,Editor,D:/University/Java/Assignment/src/Week5/Cafe.java,,8,17,Default task
2021-10-02T13:33:25.684+09:00,HanSeunghun,KeyEvent,116:84:0,Assignment,Editor,D:/University/Java/Assignment/src/Week5/Cafe.java,,8,18,Default task
2021-10-02T13:33:25.820+09:00,HanSeunghun,KeyEvent,111:79:0,Assignment,Editor,D:/University/Java/Assignment/src/Week5/Cafe.java,,8,19,Default task
2021-10-02T13:33:25.916+09:00,HanSeunghun,KeyEvent,65535:20:0,Assignment,Editor,D:/University/Java/Assignment/src/Week5/Cafe.java,,8,20,Default task
2021-10-02T13:33:26.052+09:00,HanSeunghun,KeyEvent,83:83:0,Assignment,Editor,D:/University/Java/Assignment/src/Week5/Cafe.java,,8,20,Default task
2021-10-02T13:33:26.175+09:00,HanSeunghun,KeyEvent,65535:20:0,Assignment,Editor,D:/University/Java/Assignment/src/Week5/Cafe.java,,8,21,Default task
2021-10-02T13:33:26.268+09:00,HanSeunghun,KeyEvent,116:84:0,Assignment,Editor,D:/University/Java/Assignment/src/Week5/Cafe.java,,8,21,Default task
2021-10-02T13:33:26.412+09:00,HanSeunghun,KeyEvent,114:82:0,Assignment,Editor,D:/University/Java/Assignment/src/Week5/Cafe.java,,8,22,Default task
2021-10-02T13:33:26.532+09:00,HanSeunghun,KeyEvent,105:73:0,Assignment,Editor,D:/University/Java/Assignment/src/Week5/Cafe.java,,8,23,Default task
2021-10-02T13:33:26.668+09:00,HanSeunghun,KeyEvent,110:78:0,Assignment,Editor,D:/University/Java/Assignment/src/Week5/Cafe.java,,8,24,Default task
2021-10-02T13:33:26.725+09:00,HanSeunghun,KeyEvent,103:71:0,Assignment,Editor,D:/University/Java/Assignment/src/Week5/Cafe.java,,8,25,Default task
2021-10-02T13:33:27.032+09:00,HanSeunghun,KeyEvent,27:27:0,Assignment,Editor,D:/University/Java/Assignment/src/Week5/Cafe.java,,8,26,Default task
2021-10-02T13:33:27.172+09:00,HanSeunghun,KeyEvent,65535:16:1,Assignment,Editor,D:/University/Java/Assignment/src/Week5/Cafe.java,,8,26,Default task
2021-10-02T13:33:27.672+09:00,HanSeunghun,KeyEvent,65535:16:1,Assignment,Editor,D:/University/Java/Assignment/src/Week5/Cafe.java,,8,26,Default task
2021-10-02T13:33:27.706+09:00,HanSeunghun,KeyEvent,65535:16:1,Assignment,Editor,D:/University/Java/Assignment/src/Week5/Cafe.java,,8,26,Default task
2021-10-02T13:33:27.707+09:00,HanSeunghun,KeyEvent,40:57:1,Assignment,Editor,D:/University/Java/Assignment/src/Week5/Cafe.java,,8,26,Default task
2021-10-02T13:33:27.884+09:00,HanSeunghun,KeyEvent,41:48:1,Assignment,Editor,D:/University/Java/Assignment/src/Week5/Cafe.java,Cafe::toString,8,27,Default task
2021-10-02T13:33:28.277+09:00,HanSeunghun,Action,EditorEnter,Assignment,Editor,D:/University/Java/Assignment/src/Week5/Cafe.java,,8,28,Default task
2021-10-02T13:33:28.286+09:00,HanSeunghun,KeyEvent,10:10:0,Assignment,Editor,D:/University/Java/Assignment/src/Week5/Cafe.java,,9,8,Default task
2021-10-02T13:33:28.534+09:00,HanSeunghun,KeyEvent,65535:16:1,Assignment,Editor,D:/University/Java/Assignment/src/Week5/Cafe.java,,9,8,Default task
2021-10-02T13:33:28.620+09:00,HanSeunghun,KeyEvent,123:91:1,Assignment,Editor,D:/University/Java/Assignment/src/Week5/Cafe.java,,9,8,Default task
2021-10-02T13:33:28.917+09:00,HanSeunghun,Action,EditorEnter,Assignment,Editor,D:/University/Java/Assignment/src/Week5/Cafe.java,Cafe::toString,9,5,Default task
2021-10-02T13:33:28.925+09:00,HanSeunghun,KeyEvent,10:10:0,Assignment,Editor,D:/University/Java/Assignment/src/Week5/Cafe.java,,10,8,Default task
2021-10-02T13:33:30.780+09:00,HanSeunghun,KeyEvent,65535:20:0,Assignment,Editor,D:/University/Java/Assignment/src/Week5/Cafe.java,Cafe::toString,10,8,Default task
2021-10-02T13:33:30.892+09:00,HanSeunghun,KeyEvent,83:83:0,Assignment,Editor,D:/University/Java/Assignment/src/Week5/Cafe.java,Cafe::toString,10,8,Default task
2021-10-02T13:33:31.050+09:00,HanSeunghun,KeyEvent,65535:20:0,Assignment,Editor,D:/University/Java/Assignment/src/Week5/Cafe.java,Cafe::toString,10,9,Default task
2021-10-02T13:33:31.131+09:00,HanSeunghun,KeyEvent,116:84:0,Assignment,Editor,D:/University/Java/Assignment/src/Week5/Cafe.java,Cafe::toString,10,9,Default task
2021-10-02T13:33:31.292+09:00,HanSeunghun,KeyEvent,114:82:0,Assignment,Editor,D:/University/Java/Assignment/src/Week5/Cafe.java,Cafe::toString,10,10,Default task
2021-10-02T13:33:31.367+09:00,HanSeunghun,KeyEvent,105:73:0,Assignment,Editor,D:/University/Java/Assignment/src/Week5/Cafe.java,Cafe::toString,10,11,Default task
2021-10-02T13:33:31.484+09:00,HanSeunghun,KeyEvent,110:78:0,Assignment,Editor,D:/University/Java/Assignment/src/Week5/Cafe.java,Cafe::toString,10,12,Default task
2021-10-02T13:33:31.556+09:00,HanSeunghun,KeyEvent,103:71:0,Assignment,Editor,D:/University/Java/Assignment/src/Week5/Cafe.java,Cafe::toString,10,13,Default task
2021-10-02T13:33:31.636+09:00,HanSeunghun,KeyEvent,32:32:0,Assignment,Editor,D:/University/Java/Assignment/src/Week5/Cafe.java,Cafe::toString,10,14,Default task
2021-10-02T13:33:31.748+09:00,HanSeunghun,KeyEvent,109:77:0,Assignment,Editor,D:/University/Java/Assignment/src/Week5/Cafe.java,Cafe::toString,10,15,Default task
2021-10-02T13:33:31.851+09:00,HanSeunghun,KeyEvent,115:83:0,Assignment,Editor,D:/University/Java/Assignment/src/Week5/Cafe.java,Cafe::toString,10,16,Default task
2021-10-02T13:33:32.132+09:00,HanSeunghun,KeyEvent,103:71:0,Assignment,Editor,D:/University/Java/Assignment/src/Week5/Cafe.java,Cafe::toString,10,17,Default task
2021-10-02T13:33:33.044+09:00,HanSeunghun,KeyEvent,32:32:0,Assignment,Editor,D:/University/Java/Assignment/src/Week5/Cafe.java,Cafe::toString,10,18,Default task
2021-10-02T13:33:33.391+09:00,HanSeunghun,KeyEvent,61:61:0,Assignment,Editor,D:/University/Java/Assignment/src/Week5/Cafe.java,Cafe::toString,10,19,Default task
2021-10-02T13:33:33.557+09:00,HanSeunghun,KeyEvent,32:32:0,Assignment,Editor,D:/University/Java/Assignment/src/Week5/Cafe.java,Cafe::toString,10,20,Default task
2021-10-02T13:33:33.791+09:00,HanSeunghun,KeyEvent,65535:16:1,Assignment,Editor,D:/University/Java/Assignment/src/Week5/Cafe.java,Cafe::toString,10,21,Default task
2021-10-02T13:33:34.108+09:00,HanSeunghun,KeyEvent,34:222:1,Assignment,Editor,D:/University/Java/Assignment/src/Week5/Cafe.java,Cafe::toString,10,21,Default task
2021-10-02T13:33:35.980+09:00,HanSeunghun,KeyEvent,65535:20:0,Assignment,Editor,D:/University/Java/Assignment/src/Week5/Cafe.java,Cafe::toString,10,22,Default task
2021-10-02T13:33:36.188+09:00,HanSeunghun,KeyEvent,67:67:0,Assignment,Editor,D:/University/Java/Assignment/src/Week5/Cafe.java,Cafe::toString,10,22,Default task
2021-10-02T13:33:36.311+09:00,HanSeunghun,KeyEvent,65535:20:0,Assignment,Editor,D:/University/Java/Assignment/src/Week5/Cafe.java,Cafe::toString,10,23,Default task
2021-10-02T13:33:36.476+09:00,HanSeunghun,KeyEvent,97:65:0,Assignment,Editor,D:/University/Java/Assignment/src/Week5/Cafe.java,Cafe::toString,10,23,Default task
2021-10-02T13:33:36.635+09:00,HanSeunghun,KeyEvent,102:70:0,Assignment,Editor,D:/University/Java/Assignment/src/Week5/Cafe.java,Cafe::toString,10,24,Default task
2021-10-02T13:33:36.846+09:00,HanSeunghun,KeyEvent,101:69:0,Assignment,Editor,D:/University/Java/Assignment/src/Week5/Cafe.java,Cafe::toString,10,25,Default task
2021-10-02T13:33:37.069+09:00,HanSeunghun,KeyEvent,65535:20:0,Assignment,Editor,D:/University/Java/Assignment/src/Week5/Cafe.java,Cafe::toString,10,26,Default task
2021-10-02T13:33:37.180+09:00,HanSeunghun,KeyEvent,78:78:0,Assignment,Editor,D:/University/Java/Assignment/src/Week5/Cafe.java,Cafe::toString,10,26,Default task
2021-10-02T13:33:37.616+09:00,HanSeunghun,Action,EditorBackSpace,Assignment,Editor,D:/University/Java/Assignment/src/Week5/Cafe.java,Cafe::toString,10,27,Default task
2021-10-02T13:33:37.626+09:00,HanSeunghun,KeyEvent,8:8:0,Assignment,Editor,D:/University/Java/Assignment/src/Week5/Cafe.java,Cafe::toString,10,26,Default task
2021-10-02T13:33:37.797+09:00,HanSeunghun,KeyEvent,32:32:0,Assignment,Editor,D:/University/Java/Assignment/src/Week5/Cafe.java,Cafe::toString,10,26,Default task
2021-10-02T13:33:38.012+09:00,HanSeunghun,KeyEvent,78:78:0,Assignment,Editor,D:/University/Java/Assignment/src/Week5/Cafe.java,Cafe::toString,10,27,Default task
2021-10-02T13:33:38.117+09:00,HanSeunghun,KeyEvent,65535:20:0,Assignment,Editor,D:/University/Java/Assignment/src/Week5/Cafe.java,Cafe::toString,10,28,Default task
2021-10-02T13:33:38.220+09:00,HanSeunghun,KeyEvent,97:65:0,Assignment,Editor,D:/University/Java/Assignment/src/Week5/Cafe.java,Cafe::toString,10,28,Default task
2021-10-02T13:33:38.340+09:00,HanSeunghun,KeyEvent,109:77:0,Assignment,Editor,D:/University/Java/Assignment/src/Week5/Cafe.java,Cafe::toString,10,29,Default task
2021-10-02T13:33:38.420+09:00,HanSeunghun,KeyEvent,101:69:0,Assignment,Editor,D:/University/Java/Assignment/src/Week5/Cafe.java,Cafe::toString,10,30,Default task
2021-10-02T13:33:39.637+09:00,HanSeunghun,KeyEvent,32:32:0,Assignment,Editor,D:/University/Java/Assignment/src/Week5/Cafe.java,Cafe::toString,10,31,Default task
2021-10-02T13:33:39.788+09:00,HanSeunghun,KeyEvent,65535:16:1,Assignment,Editor,D:/University/Java/Assignment/src/Week5/Cafe.java,Cafe::toString,10,32,Default task
2021-10-02T13:33:39.900+09:00,HanSeunghun,KeyEvent,58:59:1,Assignment,Editor,D:/University/Java/Assignment/src/Week5/Cafe.java,Cafe::toString,10,32,Default task
2021-10-02T13:33:40.245+09:00,HanSeunghun,KeyEvent,32:32:0,Assignment,Editor,D:/University/Java/Assignment/src/Week5/Cafe.java,Cafe::toString,10,33,Default task
2021-10-02T13:33:43.053+09:00,HanSeunghun,Action,EditorRight,Assignment,Editor,D:/University/Java/Assignment/src/Week5/Cafe.java,Cafe::toString,10,34,Default task
2021-10-02T13:33:43.054+09:00,HanSeunghun,KeyEvent,65535:39:0,Assignment,Editor,D:/University/Java/Assignment/src/Week5/Cafe.java,Cafe::toString,10,35,Default task
2021-10-02T13:33:43.364+09:00,HanSeunghun,KeyEvent,32:32:0,Assignment,Editor,D:/University/Java/Assignment/src/Week5/Cafe.java,Cafe::toString,10,35,Default task
2021-10-02T13:33:43.524+09:00,HanSeunghun,KeyEvent,65535:16:1,Assignment,Editor,D:/University/Java/Assignment/src/Week5/Cafe.java,Cafe::toString,10,36,Default task
2021-10-02T13:33:43.763+09:00,HanSeunghun,KeyEvent,43:61:1,Assignment,Editor,D:/University/Java/Assignment/src/Week5/Cafe.java,Cafe::toString,10,36,Default task
2021-10-02T13:33:43.949+09:00,HanSeunghun,KeyEvent,32:32:0,Assignment,Editor,D:/University/Java/Assignment/src/Week5/Cafe.java,Cafe::toString,10,37,Default task
2021-10-02T13:33:44.364+09:00,HanSeunghun,KeyEvent,110:78:0,Assignment,Editor,D:/University/Java/Assignment/src/Week5/Cafe.java,Cafe::toString,10,38,Default task
2021-10-02T13:33:44.419+09:00,HanSeunghun,KeyEvent,97:65:0,Assignment,Editor,D:/University/Java/Assignment/src/Week5/Cafe.java,Cafe::toString,10,39,Default task
2021-10-02T13:33:44.556+09:00,HanSeunghun,KeyEvent,109:77:0,Assignment,Editor,D:/University/Java/Assignment/src/Week5/Cafe.java,Cafe::toString,10,40,Default task
2021-10-02T13:33:44.644+09:00,HanSeunghun,KeyEvent,101:69:0,Assignment,Editor,D:/University/Java/Assignment/src/Week5/Cafe.java,Cafe::toString,10,41,Default task
2021-10-02T13:33:44.780+09:00,HanSeunghun,KeyEvent,32:32:0,Assignment,Editor,D:/University/Java/Assignment/src/Week5/Cafe.java,Cafe::toString,10,42,Default task
2021-10-02T13:33:45.275+09:00,HanSeunghun,KeyEvent,65535:16:1,Assignment,Editor,D:/University/Java/Assignment/src/Week5/Cafe.java,Cafe::toString,10,43,Default task
2021-10-02T13:33:45.700+09:00,HanSeunghun,KeyEvent,43:61:1,Assignment,Editor,D:/University/Java/Assignment/src/Week5/Cafe.java,Cafe::toString,10,43,Default task
2021-10-02T13:33:45.836+09:00,HanSeunghun,KeyEvent,32:32:0,Assignment,Editor,D:/University/Java/Assignment/src/Week5/Cafe.java,Cafe::toString,10,44,Default task
2021-10-02T13:33:46.141+09:00,HanSeunghun,KeyEvent,65535:16:1,Assignment,Editor,D:/University/Java/Assignment/src/Week5/Cafe.java,Cafe::toString,10,45,Default task
2021-10-02T13:33:46.268+09:00,HanSeunghun,KeyEvent,34:222:1,Assignment,Editor,D:/University/Java/Assignment/src/Week5/Cafe.java,Cafe::toString,10,45,Default task
2021-10-02T13:33:46.428+09:00,HanSeunghun,KeyEvent,65535:20:0,Assignment,Editor,D:/University/Java/Assignment/src/Week5/Cafe.java,Cafe::toString,10,46,Default task
2021-10-02T13:33:46.564+09:00,HanSeunghun,KeyEvent,66:66:0,Assignment,Editor,D:/University/Java/Assignment/src/Week5/Cafe.java,Cafe::toString,10,46,Default task
2021-10-02T13:33:46.684+09:00,HanSeunghun,KeyEvent,65535:20:0,Assignment,Editor,D:/University/Java/Assignment/src/Week5/Cafe.java,Cafe::toString,10,47,Default task
2021-10-02T13:33:46.780+09:00,HanSeunghun,KeyEvent,101:69:0,Assignment,Editor,D:/University/Java/Assignment/src/Week5/Cafe.java,Cafe::toString,10,47,Default task
2021-10-02T13:33:47.115+09:00,HanSeunghun,KeyEvent,118:86:0,Assignment,Editor,D:/University/Java/Assignment/src/Week5/Cafe.java,Cafe::toString,10,48,Default task
2021-10-02T13:33:47.220+09:00,HanSeunghun,KeyEvent,101:69:0,Assignment,Editor,D:/University/Java/Assignment/src/Week5/Cafe.java,Cafe::toString,10,49,Default task
2021-10-02T13:33:48.428+09:00,HanSeunghun,KeyEvent,114:82:0,Assignment,Editor,D:/University/Java/Assignment/src/Week5/Cafe.java,Cafe::toString,10,50,Default task
2021-10-02T13:33:48.612+09:00,HanSeunghun,KeyEvent,97:65:0,Assignment,Editor,D:/University/Java/Assignment/src/Week5/Cafe.java,Cafe::toString,10,51,Default task
2021-10-02T13:33:48.781+09:00,HanSeunghun,KeyEvent,103:71:0,Assignment,Editor,D:/University/Java/Assignment/src/Week5/Cafe.java,Cafe::toString,10,52,Default task
2021-10-02T13:33:48.957+09:00,HanSeunghun,KeyEvent,101:69:0,Assignment,Editor,D:/University/Java/Assignment/src/Week5/Cafe.java,Cafe::toString,10,53,Default task
2021-10-02T13:33:49.085+09:00,HanSeunghun,KeyEvent,32:32:0,Assignment,Editor,D:/University/Java/Assignment/src/Week5/Cafe.java,Cafe::toString,10,54,Default task
2021-10-02T13:33:49.220+09:00,HanSeunghun,KeyEvent,65535:20:0,Assignment,Editor,D:/University/Java/Assignment/src/Week5/Cafe.java,Cafe::toString,10,55,Default task
2021-10-02T13:33:49.300+09:00,HanSeunghun,KeyEvent,67:67:0,Assignment,Editor,D:/University/Java/Assignment/src/Week5/Cafe.java,Cafe::toString,10,55,Default task
2021-10-02T13:33:49.428+09:00,HanSeunghun,KeyEvent,65535:20:0,Assignment,Editor,D:/University/Java/Assignment/src/Week5/Cafe.java,Cafe::toString,10,56,Default task
2021-10-02T13:33:49.524+09:00,HanSeunghun,KeyEvent,111:79:0,Assignment,Editor,D:/University/Java/Assignment/src/Week5/Cafe.java,Cafe::toString,10,56,Default task
2021-10-02T13:33:49.603+09:00,HanSeunghun,KeyEvent,117:85:0,Assignment,Editor,D:/University/Java/Assignment/src/Week5/Cafe.java,Cafe::toString,10,57,Default task
2021-10-02T13:33:49.876+09:00,HanSeunghun,KeyEvent,110:78:0,Assignment,Editor,D:/University/Java/Assignment/src/Week5/Cafe.java,Cafe::toString,10,58,Default task
2021-10-02T13:33:49.996+09:00,HanSeunghun,KeyEvent,116:84:0,Assignment,Editor,D:/University/Java/Assignment/src/Week5/Cafe.java,Cafe::toString,10,59,Default task
2021-10-02T13:33:50.357+09:00,HanSeunghun,KeyEvent,65535:16:1,Assignment,Editor,D:/University/Java/Assignment/src/Week5/Cafe.java,Cafe::toString,10,60,Default task
2021-10-02T13:33:50.564+09:00,HanSeunghun,KeyEvent,58:59:1,Assignment,Editor,D:/University/Java/Assignment/src/Week5/Cafe.java,Cafe::toString,10,60,Default task
2021-10-02T13:33:50.789+09:00,HanSeunghun,KeyEvent,32:32:0,Assignment,Editor,D:/University/Java/Assignment/src/Week5/Cafe.java,Cafe::toString,10,61,Default task
2021-10-02T13:33:51.012+09:00,HanSeunghun,KeyEvent,65535:16:1,Assignment,Editor,D:/University/Java/Assignment/src/Week5/Cafe.java,Cafe::toString,10,62,Default task
2021-10-02T13:33:51.108+09:00,HanSeunghun,KeyEvent,34:222:1,Assignment,Editor,D:/University/Java/Assignment/src/Week5/Cafe.java,Cafe::toString,10,62,Default task
2021-10-02T13:33:51.436+09:00,HanSeunghun,Action,EditorRight,Assignment,Editor,D:/University/Java/Assignment/src/Week5/Cafe.java,Cafe::toString,10,63,Default task
2021-10-02T13:33:51.437+09:00,HanSeunghun,KeyEvent,65535:39:0,Assignment,Editor,D:/University/Java/Assignment/src/Week5/Cafe.java,Cafe::toString,11,0,Default task
2021-10-02T13:33:52.128+09:00,HanSeunghun,Action,EditorLeft,Assignment,Editor,D:/University/Java/Assignment/src/Week5/Cafe.java,Cafe::toString,11,0,Default task
2021-10-02T13:33:52.129+09:00,HanSeunghun,KeyEvent,65535:37:0,Assignment,Editor,D:/University/Java/Assignment/src/Week5/Cafe.java,Cafe::toString,10,63,Default task
2021-10-02T13:33:52.213+09:00,HanSeunghun,Action,EditorLeft,Assignment,Editor,D:/University/Java/Assignment/src/Week5/Cafe.java,Cafe::toString,10,63,Default task
2021-10-02T13:33:52.214+09:00,HanSeunghun,KeyEvent,65535:37:0,Assignment,Editor,D:/University/Java/Assignment/src/Week5/Cafe.java,Cafe::toString,10,62,Default task
2021-10-02T13:33:52.764+09:00,HanSeunghun,KeyEvent,32:32:0,Assignment,Editor,D:/University/Java/Assignment/src/Week5/Cafe.java,Cafe::toString,10,62,Default task
2021-10-02T13:33:53.261+09:00,HanSeunghun,Action,EditorBackSpace,Assignment,Editor,D:/University/Java/Assignment/src/Week5/Cafe.java,Cafe::toString,10,63,Default task
2021-10-02T13:33:53.265+09:00,HanSeunghun,KeyEvent,8:8:0,Assignment,Editor,D:/University/Java/Assignment/src/Week5/Cafe.java,Cafe::toString,10,62,Default task
2021-10-02T13:33:53.630+09:00,HanSeunghun,Action,EditorLineEnd,Assignment,Editor,D:/University/Java/Assignment/src/Week5/Cafe.java,Cafe::toString,10,62,Default task
2021-10-02T13:33:53.632+09:00,HanSeunghun,KeyEvent,65535:35:0,Assignment,Editor,D:/University/Java/Assignment/src/Week5/Cafe.java,Cafe::toString,10,63,Default task
2021-10-02T13:33:53.813+09:00,HanSeunghun,KeyEvent,32:32:0,Assignment,Editor,D:/University/Java/Assignment/src/Week5/Cafe.java,Cafe::toString,10,63,Default task
2021-10-02T13:33:54.084+09:00,HanSeunghun,KeyEvent,65535:16:1,Assignment,Editor,D:/University/Java/Assignment/src/Week5/Cafe.java,Cafe::toString,10,64,Default task
2021-10-02T13:33:54.388+09:00,HanSeunghun,KeyEvent,43:61:1,Assignment,Editor,D:/University/Java/Assignment/src/Week5/Cafe.java,Cafe::toString,10,64,Default task
2021-10-02T13:33:54.660+09:00,HanSeunghun,KeyEvent,32:32:0,Assignment,Editor,D:/University/Java/Assignment/src/Week5/Cafe.java,Cafe::toString,10,65,Default task
2021-10-02T13:33:55.004+09:00,HanSeunghun,KeyEvent,109:77:0,Assignment,Editor,D:/University/Java/Assignment/src/Week5/Cafe.java,Cafe::toString,10,66,Default task
2021-10-02T13:33:55.148+09:00,HanSeunghun,KeyEvent,101:69:0,Assignment,Editor,D:/University/Java/Assignment/src/Week5/Cafe.java,Cafe::toString,10,67,Default task
2021-10-02T13:33:55.588+09:00,HanSeunghun,Action,EditorChooseLookupItem,Assignment,Editor,D:/University/Java/Assignment/src/Week5/Cafe.java,Cafe::toString,10,68,Default task
2021-10-02T13:33:55.601+09:00,HanSeunghun,KeyEvent,10:10:0,Assignment,Editor,D:/University/Java/Assignment/src/Week5/Cafe.java,Cafe::toString,10,71,Default task
2021-10-02T13:33:55.804+09:00,HanSeunghun,KeyEvent,46:46:0,Assignment,Editor,D:/University/Java/Assignment/src/Week5/Cafe.java,Cafe::toString,10,71,Default task
2021-10-02T13:33:55.988+09:00,HanSeunghun,KeyEvent,115:83:0,Assignment,Editor,D:/University/Java/Assignment/src/Week5/Cafe.java,Cafe::toString,10,72,Default task
2021-10-02T13:33:56.436+09:00,HanSeunghun,Action,EditorChooseLookupItem,Assignment,Editor,D:/University/Java/Assignment/src/Week5/Cafe.java,Cafe::toString,10,73,Default task
2021-10-02T13:33:56.451+09:00,HanSeunghun,KeyEvent,10:10:0,Assignment,Editor,D:/University/Java/Assignment/src/Week5/Cafe.java,Cafe::toString,10,78,Default task
2021-10-02T13:33:57.246+09:00,HanSeunghun,KeyEvent,32:32:0,Assignment,Editor,D:/University/Java/Assignment/src/Week5/Cafe.java,Cafe::toString,10,78,Default task
2021-10-02T13:33:57.429+09:00,HanSeunghun,KeyEvent,65535:16:1,Assignment,Editor,D:/University/Java/Assignment/src/Week5/Cafe.java,Cafe::toString,10,79,Default task
2021-10-02T13:33:57.590+09:00,HanSeunghun,KeyEvent,43:61:1,Assignment,Editor,D:/University/Java/Assignment/src/Week5/Cafe.java,Cafe::toString,10,79,Default task
2021-10-02T13:33:57.764+09:00,HanSeunghun,KeyEvent,32:32:0,Assignment,Editor,D:/University/Java/Assignment/src/Week5/Cafe.java,Cafe::toString,10,80,Default task
2021-10-02T13:33:57.903+09:00,HanSeunghun,KeyEvent,65535:16:1,Assignment,Editor,D:/University/Java/Assignment/src/Week5/Cafe.java,Cafe::toString,10,81,Default task
2021-10-02T13:33:58.035+09:00,HanSeunghun,KeyEvent,34:222:1,Assignment,Editor,D:/University/Java/Assignment/src/Week5/Cafe.java,Cafe::toString,10,81,Default task
2021-10-02T13:33:58.964+09:00,HanSeunghun,KeyEvent,110:78:0,Assignment,Editor,D:/University/Java/Assignment/src/Week5/Cafe.java,Cafe::toString,10,82,Default task
2021-10-02T13:33:59.333+09:00,HanSeunghun,Action,EditorBackSpace,Assignment,Editor,D:/University/Java/Assignment/src/Week5/Cafe.java,Cafe::toString,10,83,Default task
2021-10-02T13:33:59.334+09:00,HanSeunghun,KeyEvent,8:8:0,Assignment,Editor,D:/University/Java/Assignment/src/Week5/Cafe.java,Cafe::toString,10,82,Default task
2021-10-02T13:33:59.540+09:00,HanSeunghun,KeyEvent,92:92:0,Assignment,Editor,D:/University/Java/Assignment/src/Week5/Cafe.java,Cafe::toString,10,82,Default task
2021-10-02T13:33:59.603+09:00,HanSeunghun,KeyEvent,110:78:0,Assignment,Editor,D:/University/Java/Assignment/src/Week5/Cafe.java,Cafe::toString,10,83,Default task
2021-10-02T13:33:59.749+09:00,HanSeunghun,Action,EditorRight,Assignment,Editor,D:/University/Java/Assignment/src/Week5/Cafe.java,Cafe::toString,10,84,Default task
2021-10-02T13:33:59.749+09:00,HanSeunghun,KeyEvent,65535:39:0,Assignment,Editor,D:/University/Java/Assignment/src/Week5/Cafe.java,Cafe::toString,10,85,Default task
2021-10-02T13:34:00.084+09:00,HanSeunghun,KeyEvent,39:222:0,Assignment,Editor,D:/University/Java/Assignment/src/Week5/Cafe.java,Cafe::toString,10,85,Default task
2021-10-02T13:34:00.092+09:00,HanSeunghun,KeyEvent,59:59:0,Assignment,Editor,D:/University/Java/Assignment/src/Week5/Cafe.java,Cafe::toString,10,86,Default task
2021-10-02T13:34:00.437+09:00,HanSeunghun,Action,EditorBackSpace,Assignment,Editor,D:/University/Java/Assignment/src/Week5/Cafe.java,Cafe::toString,10,87,Default task
2021-10-02T13:34:00.438+09:00,HanSeunghun,KeyEvent,8:8:0,Assignment,Editor,D:/University/Java/Assignment/src/Week5/Cafe.java,Cafe::toString,10,86,Default task
2021-10-02T13:34:00.684+09:00,HanSeunghun,Action,EditorBackSpace,Assignment,Editor,D:/University/Java/Assignment/src/Week5/Cafe.java,Cafe::toString,10,86,Default task
2021-10-02T13:34:00.686+09:00,HanSeunghun,KeyEvent,8:8:0,Assignment,Editor,D:/University/Java/Assignment/src/Week5/Cafe.java,Cafe::toString,10,85,Default task
2021-10-02T13:34:01.127+09:00,HanSeunghun,Action,EditorDelete,Assignment,Editor,D:/University/Java/Assignment/src/Week5/Cafe.java,Cafe::toString,10,85,Default task
2021-10-02T13:34:01.130+09:00,HanSeunghun,KeyEvent,127:127:0,Assignment,Editor,D:/University/Java/Assignment/src/Week5/Cafe.java,Cafe::toString,10,85,Default task
2021-10-02T13:34:01.748+09:00,HanSeunghun,KeyEvent,65535:17:2,Assignment,Editor,D:/University/Java/Assignment/src/Week5/Cafe.java,Cafe::toString,10,85,Default task
2021-10-02T13:34:01.861+09:00,HanSeunghun,Action,$Undo,Assignment,Editor,D:/University/Java/Assignment/src/Week5/Cafe.java,Cafe::toString,10,85,Default task
2021-10-02T13:34:01.868+09:00,HanSeunghun,KeyEvent,26:90:2,Assignment,Editor,D:/University/Java/Assignment/src/Week5/Cafe.java,Cafe::toString,10,85,Default task
2021-10-02T13:34:02.423+09:00,HanSeunghun,Action,EditorUp,Assignment,Editor,D:/University/Java/Assignment/src/Week5/Cafe.java,Cafe::toString,10,85,Default task
2021-10-02T13:34:02.423+09:00,HanSeunghun,KeyEvent,65535:38:0,Assignment,Editor,D:/University/Java/Assignment/src/Week5/Cafe.java,Cafe::toString,9,5,Default task
2021-10-02T13:34:02.646+09:00,HanSeunghun,Action,EditorLineEnd,Assignment,Editor,D:/University/Java/Assignment/src/Week5/Cafe.java,Cafe::toString,9,5,Default task
2021-10-02T13:34:02.646+09:00,HanSeunghun,KeyEvent,65535:35:0,Assignment,Editor,D:/University/Java/Assignment/src/Week5/Cafe.java,Cafe::toString,9,5,Default task
2021-10-02T13:34:03.120+09:00,HanSeunghun,Action,EditorDown,Assignment,Editor,D:/University/Java/Assignment/src/Week5/Cafe.java,Cafe::toString,9,5,Default task
2021-10-02T13:34:03.120+09:00,HanSeunghun,KeyEvent,65535:40:0,Assignment,Editor,D:/University/Java/Assignment/src/Week5/Cafe.java,Cafe::toString,10,5,Default task
2021-10-02T13:34:03.364+09:00,HanSeunghun,Action,EditorLineEnd,Assignment,Editor,D:/University/Java/Assignment/src/Week5/Cafe.java,Cafe::toString,10,5,Default task
2021-10-02T13:34:03.364+09:00,HanSeunghun,KeyEvent,65535:35:0,Assignment,Editor,D:/University/Java/Assignment/src/Week5/Cafe.java,Cafe::toString,10,85,Default task
2021-10-02T13:34:03.891+09:00,HanSeunghun,KeyEvent,59:59:0,Assignment,Editor,D:/University/Java/Assignment/src/Week5/Cafe.java,Cafe::toString,10,85,Default task
2021-10-02T13:34:04.100+09:00,HanSeunghun,Action,EditorBackSpace,Assignment,Editor,D:/University/Java/Assignment/src/Week5/Cafe.java,Cafe::toString,10,86,Default task
2021-10-02T13:34:04.102+09:00,HanSeunghun,KeyEvent,8:8:0,Assignment,Editor,D:/University/Java/Assignment/src/Week5/Cafe.java,Cafe::toString,10,85,Default task
2021-10-02T13:34:04.348+09:00,HanSeunghun,KeyEvent,59:59:0,Assignment,Editor,D:/University/Java/Assignment/src/Week5/Cafe.java,Cafe::toString,10,85,Default task
2021-10-02T13:34:04.525+09:00,HanSeunghun,Action,EditorBackSpace,Assignment,Editor,D:/University/Java/Assignment/src/Week5/Cafe.java,Cafe::toString,10,86,Default task
2021-10-02T13:34:04.527+09:00,HanSeunghun,KeyEvent,8:8:0,Assignment,Editor,D:/University/Java/Assignment/src/Week5/Cafe.java,Cafe::toString,10,85,Default task
2021-10-02T13:34:04.732+09:00,HanSeunghun,KeyEvent,59:59:0,Assignment,Editor,D:/University/Java/Assignment/src/Week5/Cafe.java,Cafe::toString,10,85,Default task
2021-10-02T13:34:04.892+09:00,HanSeunghun,Action,EditorBackSpace,Assignment,Editor,D:/University/Java/Assignment/src/Week5/Cafe.java,Cafe::toString,10,86,Default task
2021-10-02T13:34:04.894+09:00,HanSeunghun,KeyEvent,8:8:0,Assignment,Editor,D:/University/Java/Assignment/src/Week5/Cafe.java,Cafe::toString,10,85,Default task
2021-10-02T13:34:05.052+09:00,HanSeunghun,KeyEvent,59:59:0,Assignment,Editor,D:/University/Java/Assignment/src/Week5/Cafe.java,Cafe::toString,10,85,Default task
2021-10-02T13:34:05.204+09:00,HanSeunghun,Action,EditorBackSpace,Assignment,Editor,D:/University/Java/Assignment/src/Week5/Cafe.java,Cafe::toString,10,86,Default task
2021-10-02T13:34:05.206+09:00,HanSeunghun,KeyEvent,8:8:0,Assignment,Editor,D:/University/Java/Assignment/src/Week5/Cafe.java,Cafe::toString,10,85,Default task
2021-10-02T13:34:05.349+09:00,HanSeunghun,KeyEvent,59:59:0,Assignment,Editor,D:/University/Java/Assignment/src/Week5/Cafe.java,Cafe::toString,10,85,Default task
2021-10-02T13:34:05.493+09:00,HanSeunghun,Action,EditorBackSpace,Assignment,Editor,D:/University/Java/Assignment/src/Week5/Cafe.java,Cafe::toString,10,86,Default task
2021-10-02T13:34:05.494+09:00,HanSeunghun,KeyEvent,8:8:0,Assignment,Editor,D:/University/Java/Assignment/src/Week5/Cafe.java,Cafe::toString,10,85,Default task
2021-10-02T13:34:05.668+09:00,HanSeunghun,KeyEvent,59:59:0,Assignment,Editor,D:/University/Java/Assignment/src/Week5/Cafe.java,Cafe::toString,10,85,Default task
2021-10-02T13:34:05.811+09:00,HanSeunghun,Action,EditorBackSpace,Assignment,Editor,D:/University/Java/Assignment/src/Week5/Cafe.java,Cafe::toString,10,86,Default task
2021-10-02T13:34:05.814+09:00,HanSeunghun,KeyEvent,8:8:0,Assignment,Editor,D:/University/Java/Assignment/src/Week5/Cafe.java,Cafe::toString,10,85,Default task
2021-10-02T13:34:05.940+09:00,HanSeunghun,KeyEvent,59:59:0,Assignment,Editor,D:/University/Java/Assignment/src/Week5/Cafe.java,Cafe::toString,10,85,Default task
2021-10-02T13:34:06.148+09:00,HanSeunghun,Action,EditorEnter,Assignment,Editor,D:/University/Java/Assignment/src/Week5/Cafe.java,Cafe::toString,10,86,Default task
2021-10-02T13:34:06.151+09:00,HanSeunghun,KeyEvent,10:10:0,Assignment,Editor,D:/University/Java/Assignment/src/Week5/Cafe.java,,11,8,Default task
2021-10-02T13:34:06.325+09:00,HanSeunghun,KeyEvent,65535:20:0,Assignment,Editor,D:/University/Java/Assignment/src/Week5/Cafe.java,Cafe::toString,11,8,Default task
2021-10-02T13:34:06.412+09:00,HanSeunghun,KeyEvent,73:73:0,Assignment,Editor,D:/University/Java/Assignment/src/Week5/Cafe.java,Cafe::toString,11,8,Default task
2021-10-02T13:34:06.554+09:00,HanSeunghun,KeyEvent,65535:20:0,Assignment,Editor,D:/University/Java/Assignment/src/Week5/Cafe.java,Cafe::toString,11,9,Default task
2021-10-02T13:34:06.652+09:00,HanSeunghun,KeyEvent,116:84:0,Assignment,Editor,D:/University/Java/Assignment/src/Week5/Cafe.java,Cafe::toString,11,9,Default task
2021-10-02T13:34:06.788+09:00,HanSeunghun,KeyEvent,101:69:0,Assignment,Editor,D:/University/Java/Assignment/src/Week5/Cafe.java,Cafe::toString,11,10,Default task
2021-10-02T13:34:06.893+09:00,HanSeunghun,KeyEvent,114:82:0,Assignment,Editor,D:/University/Java/Assignment/src/Week5/Cafe.java,Cafe::toString,11,11,Default task
2021-10-02T13:34:07.196+09:00,HanSeunghun,KeyEvent,97:65:0,Assignment,Editor,D:/University/Java/Assignment/src/Week5/Cafe.java,Cafe::toString,11,12,Default task
2021-10-02T13:34:07.420+09:00,HanSeunghun,KeyEvent,116:84:0,Assignment,Editor,D:/University/Java/Assignment/src/Week5/Cafe.java,Cafe::toString,11,13,Default task
2021-10-02T13:34:07.516+09:00,HanSeunghun,KeyEvent,111:79:0,Assignment,Editor,D:/University/Java/Assignment/src/Week5/Cafe.java,Cafe::toString,11,14,Default task
2021-10-02T13:34:07.602+09:00,HanSeunghun,KeyEvent,114:82:0,Assignment,Editor,D:/University/Java/Assignment/src/Week5/Cafe.java,Cafe::toString,11,15,Default task
2021-10-02T13:34:08.861+09:00,HanSeunghun,Action,EditorChooseLookupItem,Assignment,Editor,D:/University/Java/Assignment/src/Week5/Cafe.java,Cafe::toString,11,16,Default task
2021-10-02T13:34:08.891+09:00,HanSeunghun,KeyEvent,10:10:0,Assignment,Editor,D:/University/Java/Assignment/src/Week5/Cafe.java,Cafe::toString,12,16,Default task
2021-10-02T13:34:09.227+09:00,HanSeunghun,KeyEvent,65535:16:1,Assignment,Editor,D:/University/Java/Assignment/src/Week5/Cafe.java,Cafe::toString,12,16,Default task
2021-10-02T13:34:09.308+09:00,HanSeunghun,KeyEvent,60:44:1,Assignment,Editor,D:/University/Java/Assignment/src/Week5/Cafe.java,Cafe::toString,12,16,Default task
2021-10-02T13:34:10.428+09:00,HanSeunghun,KeyEvent,65535:20:0,Assignment,Editor,D:/University/Java/Assignment/src/Week5/Cafe.java,Cafe::toString,12,17,Default task
2021-10-02T13:34:10.571+09:00,HanSeunghun,KeyEvent,66:66:0,Assignment,Editor,D:/University/Java/Assignment/src/Week5/Cafe.java,Cafe::toString,12,17,Default task
2021-10-02T13:34:10.715+09:00,HanSeunghun,KeyEvent,65535:20:0,Assignment,Editor,D:/University/Java/Assignment/src/Week5/Cafe.java,Cafe::toString,12,18,Default task
2021-10-02T13:34:10.788+09:00,HanSeunghun,KeyEvent,101:69:0,Assignment,Editor,D:/University/Java/Assignment/src/Week5/Cafe.java,Cafe::toString,12,18,Default task
2021-10-02T13:34:11.059+09:00,HanSeunghun,KeyEvent,118:86:0,Assignment,Editor,D:/University/Java/Assignment/src/Week5/Cafe.java,Cafe::toString,12,19,Default task
2021-10-02T13:34:11.157+09:00,HanSeunghun,KeyEvent,101:69:0,Assignment,Editor,D:/University/Java/Assignment/src/Week5/Cafe.java,Cafe::toString,12,20,Default task
2021-10-02T13:34:11.374+09:00,HanSeunghun,Action,EditorChooseLookupItem,Assignment,Editor,D:/University/Java/Assignment/src/Week5/Cafe.java,Cafe::toString,12,21,Default task
2021-10-02T13:34:11.383+09:00,HanSeunghun,KeyEvent,10:10:0,Assignment,Editor,D:/University/Java/Assignment/src/Week5/Cafe.java,Cafe::toString,12,25,Default task
2021-10-02T13:34:11.597+09:00,HanSeunghun,Action,EditorRight,Assignment,Editor,D:/University/Java/Assignment/src/Week5/Cafe.java,Cafe::toString,12,25,Default task
2021-10-02T13:34:11.598+09:00,HanSeunghun,KeyEvent,65535:39:0,Assignment,Editor,D:/University/Java/Assignment/src/Week5/Cafe.java,Cafe::toString,12,26,Default task
2021-10-02T13:34:12.780+09:00,HanSeunghun,KeyEvent,32:32:0,Assignment,Editor,D:/University/Java/Assignment/src/Week5/Cafe.java,Cafe::toString,12,26,Default task
2021-10-02T13:34:12.947+09:00,HanSeunghun,KeyEvent,118:86:0,Assignment,Editor,D:/University/Java/Assignment/src/Week5/Cafe.java,Cafe::toString,12,27,Default task
2021-10-02T13:34:13.076+09:00,HanSeunghun,KeyEvent,97:65:0,Assignment,Editor,D:/University/Java/Assignment/src/Week5/Cafe.java,Cafe::toString,12,28,Default task
2021-10-02T13:34:13.316+09:00,HanSeunghun,KeyEvent,108:76:0,Assignment,Editor,D:/University/Java/Assignment/src/Week5/Cafe.java,Cafe::toString,12,29,Default task
2021-10-02T13:34:13.420+09:00,HanSeunghun,KeyEvent,117:85:0,Assignment,Editor,D:/University/Java/Assignment/src/Week5/Cafe.java,Cafe::toString,12,30,Default task
2021-10-02T13:34:13.516+09:00,HanSeunghun,KeyEvent,101:69:0,Assignment,Editor,D:/University/Java/Assignment/src/Week5/Cafe.java,Cafe::toString,12,31,Default task
2021-10-02T13:34:13.692+09:00,HanSeunghun,KeyEvent,115:83:0,Assignment,Editor,D:/University/Java/Assignment/src/Week5/Cafe.java,Cafe::toString,12,32,Default task
2021-10-02T13:34:13.925+09:00,HanSeunghun,KeyEvent,32:32:0,Assignment,Editor,D:/University/Java/Assignment/src/Week5/Cafe.java,Cafe::toString,12,33,Default task
2021-10-02T13:34:14.277+09:00,HanSeunghun,KeyEvent,61:61:0,Assignment,Editor,D:/University/Java/Assignment/src/Week5/Cafe.java,Cafe::toString,12,34,Default task
2021-10-02T13:34:14.445+09:00,HanSeunghun,KeyEvent,32:32:0,Assignment,Editor,D:/University/Java/Assignment/src/Week5/Cafe.java,Cafe::toString,12,35,Default task
2021-10-02T13:34:14.877+09:00,HanSeunghun,KeyEvent,110:78:0,Assignment,Editor,D:/University/Java/Assignment/src/Week5/Cafe.java,Cafe::toString,12,36,Default task
2021-10-02T13:34:15.357+09:00,HanSeunghun,Action,EditorBackSpace,Assignment,Editor,D:/University/Java/Assignment/src/Week5/Cafe.java,Cafe::toString,12,37,Default task
2021-10-02T13:34:15.364+09:00,HanSeunghun,KeyEvent,8:8:0,Assignment,Editor,D:/University/Java/Assignment/src/Week5/Cafe.java,Cafe::toString,12,36,Default task
2021-10-02T13:34:15.596+09:00,HanSeunghun,KeyEvent,109:77:0,Assignment,Editor,D:/University/Java/Assignment/src/Week5/Cafe.java,Cafe::toString,12,36,Default task
2021-10-02T13:34:15.764+09:00,HanSeunghun,KeyEvent,101:69:0,Assignment,Editor,D:/University/Java/Assignment/src/Week5/Cafe.java,Cafe::toString,12,37,Default task
2021-10-02T13:34:16.181+09:00,HanSeunghun,Action,EditorChooseLookupItem,Assignment,Editor,D:/University/Java/Assignment/src/Week5/Cafe.java,Cafe::toString,12,38,Default task
2021-10-02T13:34:16.190+09:00,HanSeunghun,KeyEvent,10:10:0,Assignment,Editor,D:/University/Java/Assignment/src/Week5/Cafe.java,Cafe::toString,12,41,Default task
2021-10-02T13:34:17.141+09:00,HanSeunghun,KeyEvent,46:46:0,Assignment,Editor,D:/University/Java/Assignment/src/Week5/Cafe.java,Cafe::toString,12,41,Default task
2021-10-02T13:34:17.725+09:00,HanSeunghun,KeyEvent,118:86:0,Assignment,Editor,D:/University/Java/Assignment/src/Week5/Cafe.java,Cafe::toString,12,42,Default task
2021-10-02T13:34:17.869+09:00,HanSeunghun,KeyEvent,97:65:0,Assignment,Editor,D:/University/Java/Assignment/src/Week5/Cafe.java,Cafe::toString,12,43,Default task
2021-10-02T13:34:18.204+09:00,HanSeunghun,Action,EditorChooseLookupItem,Assignment,Editor,D:/University/Java/Assignment/src/Week5/Cafe.java,Cafe::toString,12,44,Default task
2021-10-02T13:34:18.216+09:00,HanSeunghun,KeyEvent,10:10:0,Assignment,Editor,D:/University/Java/Assignment/src/Week5/Cafe.java,Cafe::toString,12,50,Default task
2021-10-02T13:34:19.212+09:00,HanSeunghun,KeyEvent,46:46:0,Assignment,Editor,D:/University/Java/Assignment/src/Week5/Cafe.java,Cafe::toString,12,50,Default task
2021-10-02T13:34:19.660+09:00,HanSeunghun,KeyEvent,105:73:0,Assignment,Editor,D:/University/Java/Assignment/src/Week5/Cafe.java,Cafe::toString,12,51,Default task
2021-10-02T13:34:19.748+09:00,HanSeunghun,KeyEvent,116:84:0,Assignment,Editor,D:/University/Java/Assignment/src/Week5/Cafe.java,Cafe::toString,12,52,Default task
2021-10-02T13:34:20.046+09:00,HanSeunghun,Action,EditorChooseLookupItem,Assignment,Editor,D:/University/Java/Assignment/src/Week5/Cafe.java,Cafe::toString,12,53,Default task
2021-10-02T13:34:20.064+09:00,HanSeunghun,KeyEvent,10:10:0,Assignment,Editor,D:/University/Java/Assignment/src/Week5/Cafe.java,Cafe::toString,12,61,Default task
2021-10-02T13:34:20.852+09:00,HanSeunghun,KeyEvent,59:59:0,Assignment,Editor,D:/University/Java/Assignment/src/Week5/Cafe.java,Cafe::toString,12,61,Default task
2021-10-02T13:34:22.157+09:00,HanSeunghun,Action,EditorEnter,Assignment,Editor,D:/University/Java/Assignment/src/Week5/Cafe.java,Cafe::toString,12,62,Default task
2021-10-02T13:34:22.159+09:00,HanSeunghun,KeyEvent,10:10:0,Assignment,Editor,D:/University/Java/Assignment/src/Week5/Cafe.java,,13,8,Default task
2021-10-02T13:34:22.460+09:00,HanSeunghun,KeyEvent,119:87:0,Assignment,Editor,D:/University/Java/Assignment/src/Week5/Cafe.java,Cafe::toString,13,8,Default task
2021-10-02T13:34:22.564+09:00,HanSeunghun,KeyEvent,104:72:0,Assignment,Editor,D:/University/Java/Assignment/src/Week5/Cafe.java,Cafe::toString,13,9,Default task
2021-10-02T13:34:22.732+09:00,HanSeunghun,KeyEvent,105:73:0,Assignment,Editor,D:/University/Java/Assignment/src/Week5/Cafe.java,Cafe::toString,13,10,Default task
2021-10-02T13:34:22.916+09:00,HanSeunghun,KeyEvent,108:76:0,Assignment,Editor,D:/University/Java/Assignment/src/Week5/Cafe.java,Cafe::toString,13,11,Default task
2021-10-02T13:34:22.996+09:00,HanSeunghun,KeyEvent,101:69:0,Assignment,Editor,D:/University/Java/Assignment/src/Week5/Cafe.java,Cafe::toString,13,12,Default task
2021-10-02T13:34:23.149+09:00,HanSeunghun,KeyEvent,32:32:0,Assignment,Editor,D:/University/Java/Assignment/src/Week5/Cafe.java,Cafe::toString,13,13,Default task
2021-10-02T13:34:23.235+09:00,HanSeunghun,KeyEvent,65535:16:1,Assignment,Editor,D:/University/Java/Assignment/src/Week5/Cafe.java,Cafe::toString,13,14,Default task
2021-10-02T13:34:23.427+09:00,HanSeunghun,KeyEvent,40:57:1,Assignment,Editor,D:/University/Java/Assignment/src/Week5/Cafe.java,Cafe::toString,13,14,Default task
2021-10-02T13:34:23.636+09:00,HanSeunghun,KeyEvent,118:86:0,Assignment,Editor,D:/University/Java/Assignment/src/Week5/Cafe.java,Cafe::toString,13,15,Default task
2021-10-02T13:34:23.901+09:00,HanSeunghun,KeyEvent,101:69:0,Assignment,Editor,D:/University/Java/Assignment/src/Week5/Cafe.java,Cafe::toString,13,16,Default task
2021-10-02T13:34:24.388+09:00,HanSeunghun,Action,EditorBackSpace,Assignment,Editor,D:/University/Java/Assignment/src/Week5/Cafe.java,Cafe::toString,13,17,Default task
2021-10-02T13:34:24.392+09:00,HanSeunghun,KeyEvent,8:8:0,Assignment,Editor,D:/University/Java/Assignment/src/Week5/Cafe.java,Cafe::toString,13,16,Default task
2021-10-02T13:34:24.844+09:00,HanSeunghun,Action,EditorChooseLookupItem,Assignment,Editor,D:/University/Java/Assignment/src/Week5/Cafe.java,Cafe::toString,13,16,Default task
2021-10-02T13:34:24.852+09:00,HanSeunghun,KeyEvent,10:10:0,Assignment,Editor,D:/University/Java/Assignment/src/Week5/Cafe.java,Cafe::toString,13,21,Default task
2021-10-02T13:34:25.787+09:00,HanSeunghun,KeyEvent,46:46:0,Assignment,Editor,D:/University/Java/Assignment/src/Week5/Cafe.java,Cafe::toString,13,21,Default task
2021-10-02T13:34:26.141+09:00,HanSeunghun,KeyEvent,104:72:0,Assignment,Editor,D:/University/Java/Assignment/src/Week5/Cafe.java,Cafe::toString,13,22,Default task
2021-10-02T13:34:26.245+09:00,HanSeunghun,KeyEvent,97:65:0,Assignment,Editor,D:/University/Java/Assignment/src/Week5/Cafe.java,Cafe::toString,13,23,Default task
2021-10-02T13:34:26.589+09:00,HanSeunghun,Action,EditorChooseLookupItem,Assignment,Editor,D:/University/Java/Assignment/src/Week5/Cafe.java,Cafe::toString,13,24,Default task
2021-10-02T13:34:26.598+09:00,HanSeunghun,KeyEvent,10:10:0,Assignment,Editor,D:/University/Java/Assignment/src/Week5/Cafe.java,Cafe::toString,13,31,Default task
2021-10-02T13:34:26.932+09:00,HanSeunghun,Action,EditorRight,Assignment,Editor,D:/University/Java/Assignment/src/Week5/Cafe.java,Cafe::toString,13,31,Default task
2021-10-02T13:34:26.933+09:00,HanSeunghun,KeyEvent,65535:39:0,Assignment,Editor,D:/University/Java/Assignment/src/Week5/Cafe.java,Cafe::toString,13,32,Default task
2021-10-02T13:34:27.204+09:00,HanSeunghun,Action,EditorEnter,Assignment,Editor,D:/University/Java/Assignment/src/Week5/Cafe.java,Cafe::toString,13,32,Default task
2021-10-02T13:34:27.208+09:00,HanSeunghun,KeyEvent,10:10:0,Assignment,Editor,D:/University/Java/Assignment/src/Week5/Cafe.java,,14,12,Default task
2021-10-02T13:34:27.444+09:00,HanSeunghun,KeyEvent,65535:16:1,Assignment,Editor,D:/University/Java/Assignment/src/Week5/Cafe.java,Cafe::toString,14,12,Default task
2021-10-02T13:34:27.509+09:00,HanSeunghun,KeyEvent,123:91:1,Assignment,Editor,D:/University/Java/Assignment/src/Week5/Cafe.java,Cafe::toString,14,12,Default task
2021-10-02T13:34:27.804+09:00,HanSeunghun,Action,EditorEnter,Assignment,Editor,D:/University/Java/Assignment/src/Week5/Cafe.java,Cafe::toString,14,9,Default task
2021-10-02T13:34:27.813+09:00,HanSeunghun,KeyEvent,10:10:0,Assignment,Editor,D:/University/Java/Assignment/src/Week5/Cafe.java,Cafe::toString,15,12,Default task
2021-10-02T13:34:28.508+09:00,HanSeunghun,KeyEvent,100:68:0,Assignment,Editor,D:/University/Java/Assignment/src/Week5/Cafe.java,Cafe::toString,15,12,Default task
2021-10-02T13:34:28.604+09:00,HanSeunghun,KeyEvent,102:70:0,Assignment,Editor,D:/University/Java/Assignment/src/Week5/Cafe.java,Cafe::toString,15,13,Default task
2021-10-02T13:34:28.708+09:00,HanSeunghun,Action,EditorBackSpace,Assignment,Editor,D:/University/Java/Assignment/src/Week5/Cafe.java,Cafe::toString,15,14,Default task
2021-10-02T13:34:28.710+09:00,HanSeunghun,KeyEvent,8:8:0,Assignment,Editor,D:/University/Java/Assignment/src/Week5/Cafe.java,Cafe::toString,15,13,Default task
2021-10-02T13:34:28.900+09:00,HanSeunghun,Action,EditorBackSpace,Assignment,Editor,D:/University/Java/Assignment/src/Week5/Cafe.java,Cafe::toString,15,13,Default task
2021-10-02T13:34:28.902+09:00,HanSeunghun,KeyEvent,8:8:0,Assignment,Editor,D:/University/Java/Assignment/src/Week5/Cafe.java,Cafe::toString,15,12,Default task
2021-10-02T13:34:29.315+09:00,HanSeunghun,Action,EditorBackSpace,Assignment,Editor,D:/University/Java/Assignment/src/Week5/Cafe.java,Cafe::toString,15,13,Default task
2021-10-02T13:34:29.319+09:00,HanSeunghun,KeyEvent,8:8:0,Assignment,Editor,D:/University/Java/Assignment/src/Week5/Cafe.java,Cafe::toString,15,12,Default task
2021-10-02T13:34:29.413+09:00,HanSeunghun,KeyEvent,100:68:0,Assignment,Editor,D:/University/Java/Assignment/src/Week5/Cafe.java,Cafe::toString,15,12,Default task
2021-10-02T13:34:29.476+09:00,HanSeunghun,Action,EditorBackSpace,Assignment,Editor,D:/University/Java/Assignment/src/Week5/Cafe.java,Cafe::toString,15,13,Default task
2021-10-02T13:34:29.481+09:00,HanSeunghun,KeyEvent,8:8:0,Assignment,Editor,D:/University/Java/Assignment/src/Week5/Cafe.java,Cafe::toString,15,12,Default task
2021-10-02T13:34:29.483+09:00,HanSeunghun,KeyEvent,102:70:0,Assignment,Editor,D:/University/Java/Assignment/src/Week5/Cafe.java,Cafe::toString,15,12,Default task
2021-10-02T13:34:29.621+09:00,HanSeunghun,Action,EditorBackSpace,Assignment,Editor,D:/University/Java/Assignment/src/Week5/Cafe.java,Cafe::toString,15,13,Default task
2021-10-02T13:34:29.628+09:00,HanSeunghun,KeyEvent,8:8:0,Assignment,Editor,D:/University/Java/Assignment/src/Week5/Cafe.java,Cafe::toString,15,12,Default task
2021-10-02T13:34:29.989+09:00,HanSeunghun,Action,EditorBackSpace,Assignment,Editor,D:/University/Java/Assignment/src/Week5/Cafe.java,Cafe::toString,15,13,Default task
2021-10-02T13:34:29.991+09:00,HanSeunghun,KeyEvent,8:8:0,Assignment,Editor,D:/University/Java/Assignment/src/Week5/Cafe.java,Cafe::toString,15,12,Default task
2021-10-02T13:34:30.092+09:00,HanSeunghun,KeyEvent,100:68:0,Assignment,Editor,D:/University/Java/Assignment/src/Week5/Cafe.java,Cafe::toString,15,12,Default task
2021-10-02T13:34:30.156+09:00,HanSeunghun,KeyEvent,102:70:0,Assignment,Editor,D:/University/Java/Assignment/src/Week5/Cafe.java,Cafe::toString,15,13,Default task
2021-10-02T13:34:30.188+09:00,HanSeunghun,Action,EditorBackSpace,Assignment,Editor,D:/University/Java/Assignment/src/Week5/Cafe.java,Cafe::toString,15,14,Default task
2021-10-02T13:34:30.190+09:00,HanSeunghun,KeyEvent,8:8:0,Assignment,Editor,D:/University/Java/Assignment/src/Week5/Cafe.java,Cafe::toString,15,13,Default task
2021-10-02T13:34:30.356+09:00,HanSeunghun,Action,EditorBackSpace,Assignment,Editor,D:/University/Java/Assignment/src/Week5/Cafe.java,Cafe::toString,15,13,Default task
2021-10-02T13:34:30.358+09:00,HanSeunghun,KeyEvent,8:8:0,Assignment,Editor,D:/University/Java/Assignment/src/Week5/Cafe.java,Cafe::toString,15,12,Default task
2021-10-02T13:34:30.579+09:00,HanSeunghun,Action,EditorBackSpace,Assignment,Editor,D:/University/Java/Assignment/src/Week5/Cafe.java,Cafe::toString,15,12,Default task
2021-10-02T13:34:30.582+09:00,HanSeunghun,KeyEvent,8:8:0,Assignment,Editor,D:/University/Java/Assignment/src/Week5/Cafe.java,Cafe::toString,14,9,Default task
2021-10-02T13:34:30.861+09:00,HanSeunghun,Action,EditorEnter,Assignment,Editor,D:/University/Java/Assignment/src/Week5/Cafe.java,Cafe::toString,14,9,Default task
2021-10-02T13:34:30.863+09:00,HanSeunghun,KeyEvent,10:10:0,Assignment,Editor,D:/University/Java/Assignment/src/Week5/Cafe.java,Cafe::toString,15,12,Default task
2021-10-02T13:34:31.060+09:00,HanSeunghun,Action,EditorBackSpace,Assignment,Editor,D:/University/Java/Assignment/src/Week5/Cafe.java,Cafe::toString,15,12,Default task
2021-10-02T13:34:31.063+09:00,HanSeunghun,KeyEvent,8:8:0,Assignment,Editor,D:/University/Java/Assignment/src/Week5/Cafe.java,Cafe::toString,14,9,Default task
2021-10-02T13:34:31.300+09:00,HanSeunghun,Action,EditorEnter,Assignment,Editor,D:/University/Java/Assignment/src/Week5/Cafe.java,Cafe::toString,14,9,Default task
2021-10-02T13:34:31.302+09:00,HanSeunghun,KeyEvent,10:10:0,Assignment,Editor,D:/University/Java/Assignment/src/Week5/Cafe.java,Cafe::toString,15,12,Default task
2021-10-02T13:34:31.427+09:00,HanSeunghun,Action,EditorBackSpace,Assignment,Editor,D:/University/Java/Assignment/src/Week5/Cafe.java,Cafe::toString,15,12,Default task
2021-10-02T13:34:31.430+09:00,HanSeunghun,KeyEvent,8:8:0,Assignment,Editor,D:/University/Java/Assignment/src/Week5/Cafe.java,Cafe::toString,14,9,Default task
2021-10-02T13:34:31.653+09:00,HanSeunghun,Action,EditorEnter,Assignment,Editor,D:/University/Java/Assignment/src/Week5/Cafe.java,Cafe::toString,14,9,Default task
2021-10-02T13:34:31.655+09:00,HanSeunghun,KeyEvent,10:10:0,Assignment,Editor,D:/University/Java/Assignment/src/Week5/Cafe.java,Cafe::toString,15,12,Default task
2021-10-02T13:34:31.838+09:00,HanSeunghun,Action,EditorBackSpace,Assignment,Editor,D:/University/Java/Assignment/src/Week5/Cafe.java,Cafe::toString,15,12,Default task
2021-10-02T13:34:31.841+09:00,HanSeunghun,KeyEvent,8:8:0,Assignment,Editor,D:/University/Java/Assignment/src/Week5/Cafe.java,Cafe::toString,14,9,Default task
2021-10-02T13:34:32.100+09:00,HanSeunghun,Action,EditorEnter,Assignment,Editor,D:/University/Java/Assignment/src/Week5/Cafe.java,Cafe::toString,14,9,Default task
2021-10-02T13:34:32.103+09:00,HanSeunghun,KeyEvent,10:10:0,Assignment,Editor,D:/University/Java/Assignment/src/Week5/Cafe.java,Cafe::toString,15,12,Default task
2021-10-02T13:34:32.332+09:00,HanSeunghun,Action,EditorBackSpace,Assignment,Editor,D:/University/Java/Assignment/src/Week5/Cafe.java,Cafe::toString,15,12,Default task
2021-10-02T13:34:32.334+09:00,HanSeunghun,KeyEvent,8:8:0,Assignment,Editor,D:/University/Java/Assignment/src/Week5/Cafe.java,Cafe::toString,14,9,Default task
2021-10-02T13:34:32.596+09:00,HanSeunghun,Action,EditorEnter,Assignment,Editor,D:/University/Java/Assignment/src/Week5/Cafe.java,Cafe::toString,14,9,Default task
2021-10-02T13:34:32.599+09:00,HanSeunghun,KeyEvent,10:10:0,Assignment,Editor,D:/University/Java/Assignment/src/Week5/Cafe.java,Cafe::toString,15,12,Default task
2021-10-02T13:34:34.028+09:00,HanSeunghun,KeyEvent,109:77:0,Assignment,Editor,D:/University/Java/Assignment/src/Week5/Cafe.java,Cafe::toString,15,12,Default task
2021-10-02T13:34:34.140+09:00,HanSeunghun,KeyEvent,115:83:0,Assignment,Editor,D:/University/Java/Assignment/src/Week5/Cafe.java,Cafe::toString,15,13,Default task
2021-10-02T13:34:34.492+09:00,HanSeunghun,Action,EditorChooseLookupItem,Assignment,Editor,D:/University/Java/Assignment/src/Week5/Cafe.java,Cafe::toString,15,14,Default task
2021-10-02T13:34:34.500+09:00,HanSeunghun,KeyEvent,10:10:0,Assignment,Editor,D:/University/Java/Assignment/src/Week5/Cafe.java,Cafe::toString,15,15,Default task
2021-10-02T13:34:34.965+09:00,HanSeunghun,KeyEvent,32:32:0,Assignment,Editor,D:/University/Java/Assignment/src/Week5/Cafe.java,Cafe::toString,15,15,Default task
2021-10-02T13:34:35.220+09:00,HanSeunghun,KeyEvent,65535:16:1,Assignment,Editor,D:/University/Java/Assignment/src/Week5/Cafe.java,Cafe::toString,15,16,Default task
2021-10-02T13:34:35.436+09:00,HanSeunghun,KeyEvent,43:61:1,Assignment,Editor,D:/University/Java/Assignment/src/Week5/Cafe.java,Cafe::toString,15,16,Default task
2021-10-02T13:34:35.644+09:00,HanSeunghun,KeyEvent,61:61:0,Assignment,Editor,D:/University/Java/Assignment/src/Week5/Cafe.java,Cafe::toString,15,17,Default task
2021-10-02T13:34:35.772+09:00,HanSeunghun,KeyEvent,32:32:0,Assignment,Editor,D:/University/Java/Assignment/src/Week5/Cafe.java,Cafe::toString,15,18,Default task
2021-10-02T13:34:35.932+09:00,HanSeunghun,KeyEvent,65535:16:1,Assignment,Editor,D:/University/Java/Assignment/src/Week5/Cafe.java,Cafe::toString,15,19,Default task
2021-10-02T13:34:36.044+09:00,HanSeunghun,KeyEvent,34:222:1,Assignment,Editor,D:/University/Java/Assignment/src/Week5/Cafe.java,Cafe::toString,15,19,Default task
2021-10-02T13:34:36.588+09:00,HanSeunghun,KeyEvent,92:92:0,Assignment,Editor,D:/University/Java/Assignment/src/Week5/Cafe.java,Cafe::toString,15,20,Default task
2021-10-02T13:34:36.683+09:00,HanSeunghun,KeyEvent,116:84:0,Assignment,Editor,D:/University/Java/Assignment/src/Week5/Cafe.java,Cafe::toString,15,21,Default task
2021-10-02T13:34:37.045+09:00,HanSeunghun,Action,EditorRight,Assignment,Editor,D:/University/Java/Assignment/src/Week5/Cafe.java,Cafe::toString,15,22,Default task
2021-10-02T13:34:37.045+09:00,HanSeunghun,KeyEvent,65535:39:0,Assignment,Editor,D:/University/Java/Assignment/src/Week5/Cafe.java,Cafe::toString,15,23,Default task
2021-10-02T13:34:37.829+09:00,HanSeunghun,KeyEvent,32:32:0,Assignment,Editor,D:/University/Java/Assignment/src/Week5/Cafe.java,Cafe::toString,15,23,Default task
2021-10-02T13:34:37.996+09:00,HanSeunghun,KeyEvent,65535:16:1,Assignment,Editor,D:/University/Java/Assignment/src/Week5/Cafe.java,Cafe::toString,15,24,Default task
2021-10-02T13:34:38.188+09:00,HanSeunghun,KeyEvent,43:61:1,Assignment,Editor,D:/University/Java/Assignment/src/Week5/Cafe.java,Cafe::toString,15,24,Default task
2021-10-02T13:34:38.573+09:00,HanSeunghun,KeyEvent,32:32:0,Assignment,Editor,D:/University/Java/Assignment/src/Week5/Cafe.java,Cafe::toString,15,25,Default task
2021-10-02T13:34:38.741+09:00,HanSeunghun,KeyEvent,65535:16:1,Assignment,Editor,D:/University/Java/Assignment/src/Week5/Cafe.java,Cafe::toString,15,26,Default task
2021-10-02T13:34:38.838+09:00,HanSeunghun,KeyEvent,34:222:1,Assignment,Editor,D:/University/Java/Assignment/src/Week5/Cafe.java,Cafe::toString,15,26,Default task
2021-10-02T13:34:39.437+09:00,HanSeunghun,Action,EditorBackSpace,Assignment,Editor,D:/University/Java/Assignment/src/Week5/Cafe.java,Cafe::toString,15,27,Default task
2021-10-02T13:34:39.438+09:00,HanSeunghun,KeyEvent,8:8:0,Assignment,Editor,D:/University/Java/Assignment/src/Week5/Cafe.java,Cafe::toString,15,26,Default task
2021-10-02T13:34:39.660+09:00,HanSeunghun,KeyEvent,118:86:0,Assignment,Editor,D:/University/Java/Assignment/src/Week5/Cafe.java,Cafe::toString,15,26,Default task
2021-10-02T13:34:39.772+09:00,HanSeunghun,KeyEvent,97:65:0,Assignment,Editor,D:/University/Java/Assignment/src/Week5/Cafe.java,Cafe::toString,15,27,Default task
2021-10-02T13:34:39.876+09:00,HanSeunghun,KeyEvent,108:76:0,Assignment,Editor,D:/University/Java/Assignment/src/Week5/Cafe.java,Cafe::toString,15,28,Default task
2021-10-02T13:34:39.996+09:00,HanSeunghun,KeyEvent,117:85:0,Assignment,Editor,D:/University/Java/Assignment/src/Week5/Cafe.java,Cafe::toString,15,29,Default task
2021-10-02T13:34:40.092+09:00,HanSeunghun,KeyEvent,101:69:0,Assignment,Editor,D:/University/Java/Assignment/src/Week5/Cafe.java,Cafe::toString,15,30,Default task
2021-10-02T13:34:40.268+09:00,HanSeunghun,KeyEvent,115:83:0,Assignment,Editor,D:/University/Java/Assignment/src/Week5/Cafe.java,Cafe::toString,15,31,Default task
2021-10-02T13:34:40.397+09:00,HanSeunghun,KeyEvent,46:46:0,Assignment,Editor,D:/University/Java/Assignment/src/Week5/Cafe.java,Cafe::toString,15,32,Default task
2021-10-02T13:34:40.700+09:00,HanSeunghun,KeyEvent,110:78:0,Assignment,Editor,D:/University/Java/Assignment/src/Week5/Cafe.java,Cafe::toString,15,33,Default task
2021-10-02T13:34:40.828+09:00,HanSeunghun,KeyEvent,101:69:0,Assignment,Editor,D:/University/Java/Assignment/src/Week5/Cafe.java,Cafe::toString,15,34,Default task
2021-10-02T13:34:41.860+09:00,HanSeunghun,Action,EditorChooseLookupItem,Assignment,Editor,D:/University/Java/Assignment/src/Week5/Cafe.java,Cafe::toString,15,35,Default task
2021-10-02T13:34:41.870+09:00,HanSeunghun,KeyEvent,10:10:0,Assignment,Editor,D:/University/Java/Assignment/src/Week5/Cafe.java,Cafe::toString,15,39,Default task
2021-10-02T13:34:42.013+09:00,HanSeunghun,KeyEvent,32:32:0,Assignment,Editor,D:/University/Java/Assignment/src/Week5/Cafe.java,Cafe::toString,15,39,Default task
2021-10-02T13:34:42.164+09:00,HanSeunghun,KeyEvent,65535:16:1,Assignment,Editor,D:/University/Java/Assignment/src/Week5/Cafe.java,Cafe::toString,15,40,Default task
2021-10-02T13:34:42.348+09:00,HanSeunghun,KeyEvent,124:92:1,Assignment,Editor,D:/University/Java/Assignment/src/Week5/Cafe.java,Cafe::toString,15,40,Default task
2021-10-02T13:34:43.206+09:00,HanSeunghun,Action,EditorBackSpace,Assignment,Editor,D:/University/Java/Assignment/src/Week5/Cafe.java,Cafe::toString,15,41,Default task
2021-10-02T13:34:43.208+09:00,HanSeunghun,KeyEvent,8:8:0,Assignment,Editor,D:/University/Java/Assignment/src/Week5/Cafe.java,Cafe::toString,15,40,Default task
2021-10-02T13:34:43.437+09:00,HanSeunghun,KeyEvent,65535:16:1,Assignment,Editor,D:/University/Java/Assignment/src/Week5/Cafe.java,Cafe::toString,15,40,Default task
2021-10-02T13:34:43.556+09:00,HanSeunghun,KeyEvent,43:61:1,Assignment,Editor,D:/University/Java/Assignment/src/Week5/Cafe.java,Cafe::toString,15,40,Default task
2021-10-02T13:34:43.678+09:00,HanSeunghun,KeyEvent,32:32:1,Assignment,Editor,D:/University/Java/Assignment/src/Week5/Cafe.java,Cafe::toString,15,41,Default task
2021-10-02T13:34:44.028+09:00,HanSeunghun,KeyEvent,65535:16:1,Assignment,Editor,D:/University/Java/Assignment/src/Week5/Cafe.java,Cafe::toString,15,42,Default task
2021-10-02T13:34:44.196+09:00,HanSeunghun,KeyEvent,34:222:1,Assignment,Editor,D:/University/Java/Assignment/src/Week5/Cafe.java,Cafe::toString,15,42,Default task
2021-10-02T13:34:44.659+09:00,HanSeunghun,KeyEvent,92:92:0,Assignment,Editor,D:/University/Java/Assignment/src/Week5/Cafe.java,Cafe::toString,15,43,Default task
2021-10-02T13:34:44.796+09:00,HanSeunghun,KeyEvent,110:78:0,Assignment,Editor,D:/University/Java/Assignment/src/Week5/Cafe.java,Cafe::toString,15,44,Default task
2021-10-02T13:34:45.452+09:00,HanSeunghun,Action,EditorRight,Assignment,Editor,D:/University/Java/Assignment/src/Week5/Cafe.java,Cafe::toString,15,45,Default task
2021-10-02T13:34:45.453+09:00,HanSeunghun,KeyEvent,65535:39:0,Assignment,Editor,D:/University/Java/Assignment/src/Week5/Cafe.java,Cafe::toString,15,46,Default task
2021-10-02T13:34:46.172+09:00,HanSeunghun,KeyEvent,59:59:0,Assignment,Editor,D:/University/Java/Assignment/src/Week5/Cafe.java,Cafe::toString,15,46,Default task
2021-10-02T13:34:46.396+09:00,HanSeunghun,Action,EditorBackSpace,Assignment,Editor,D:/University/Java/Assignment/src/Week5/Cafe.java,Cafe::toString,15,47,Default task
2021-10-02T13:34:46.398+09:00,HanSeunghun,KeyEvent,8:8:0,Assignment,Editor,D:/University/Java/Assignment/src/Week5/Cafe.java,Cafe::toString,15,46,Default task
2021-10-02T13:34:46.636+09:00,HanSeunghun,KeyEvent,59:59:0,Assignment,Editor,D:/University/Java/Assignment/src/Week5/Cafe.java,Cafe::toString,15,46,Default task
2021-10-02T13:34:46.925+09:00,HanSeunghun,Action,EditorBackSpace,Assignment,Editor,D:/University/Java/Assignment/src/Week5/Cafe.java,Cafe::toString,15,47,Default task
2021-10-02T13:34:46.926+09:00,HanSeunghun,KeyEvent,8:8:0,Assignment,Editor,D:/University/Java/Assignment/src/Week5/Cafe.java,Cafe::toString,15,46,Default task
2021-10-02T13:34:47.172+09:00,HanSeunghun,KeyEvent,59:59:0,Assignment,Editor,D:/University/Java/Assignment/src/Week5/Cafe.java,Cafe::toString,15,46,Default task
2021-10-02T13:34:47.428+09:00,HanSeunghun,Action,EditorBackSpace,Assignment,Editor,D:/University/Java/Assignment/src/Week5/Cafe.java,Cafe::toString,15,47,Default task
2021-10-02T13:34:47.430+09:00,HanSeunghun,KeyEvent,8:8:0,Assignment,Editor,D:/University/Java/Assignment/src/Week5/Cafe.java,Cafe::toString,15,46,Default task
2021-10-02T13:34:47.668+09:00,HanSeunghun,KeyEvent,59:59:0,Assignment,Editor,D:/University/Java/Assignment/src/Week5/Cafe.java,Cafe::toString,15,46,Default task
2021-10-02T13:34:47.844+09:00,HanSeunghun,Action,EditorBackSpace,Assignment,Editor,D:/University/Java/Assignment/src/Week5/Cafe.java,Cafe::toString,15,47,Default task
2021-10-02T13:34:47.845+09:00,HanSeunghun,KeyEvent,8:8:0,Assignment,Editor,D:/University/Java/Assignment/src/Week5/Cafe.java,Cafe::toString,15,46,Default task
2021-10-02T13:34:47.996+09:00,HanSeunghun,KeyEvent,59:59:0,Assignment,Editor,D:/University/Java/Assignment/src/Week5/Cafe.java,Cafe::toString,15,46,Default task
2021-10-02T13:34:48.253+09:00,HanSeunghun,Action,EditorDown,Assignment,Editor,D:/University/Java/Assignment/src/Week5/Cafe.java,Cafe::toString,15,47,Default task
2021-10-02T13:34:48.254+09:00,HanSeunghun,KeyEvent,65535:40:0,Assignment,Editor,D:/University/Java/Assignment/src/Week5/Cafe.java,Cafe::toString,16,9,Default task
2021-10-02T13:34:48.548+09:00,HanSeunghun,Action,EditorEnter,Assignment,Editor,D:/University/Java/Assignment/src/Week5/Cafe.java,Cafe::toString,16,9,Default task
2021-10-02T13:34:48.551+09:00,HanSeunghun,KeyEvent,10:10:0,Assignment,Editor,D:/University/Java/Assignment/src/Week5/Cafe.java,,17,8,Default task
2021-10-02T13:34:48.821+09:00,HanSeunghun,Action,EditorEnter,Assignment,Editor,D:/University/Java/Assignment/src/Week5/Cafe.java,Cafe::toString,17,8,Default task
2021-10-02T13:34:48.823+09:00,HanSeunghun,KeyEvent,10:10:0,Assignment,Editor,D:/University/Java/Assignment/src/Week5/Cafe.java,,18,8,Default task
2021-10-02T13:34:48.925+09:00,HanSeunghun,KeyEvent,114:82:0,Assignment,Editor,D:/University/Java/Assignment/src/Week5/Cafe.java,Cafe::toString,18,8,Default task
2021-10-02T13:34:49.035+09:00,HanSeunghun,KeyEvent,101:69:0,Assignment,Editor,D:/University/Java/Assignment/src/Week5/Cafe.java,Cafe::toString,18,9,Default task
2021-10-02T13:34:49.132+09:00,HanSeunghun,KeyEvent,116:84:0,Assignment,Editor,D:/University/Java/Assignment/src/Week5/Cafe.java,Cafe::toString,18,10,Default task
2021-10-02T13:34:49.236+09:00,HanSeunghun,KeyEvent,117:85:0,Assignment,Editor,D:/University/Java/Assignment/src/Week5/Cafe.java,Cafe::toString,18,11,Default task
2021-10-02T13:34:49.356+09:00,HanSeunghun,KeyEvent,114:82:0,Assignment,Editor,D:/University/Java/Assignment/src/Week5/Cafe.java,Cafe::toString,18,12,Default task
2021-10-02T13:34:49.572+09:00,HanSeunghun,KeyEvent,110:78:0,Assignment,Editor,D:/University/Java/Assignment/src/Week5/Cafe.java,Cafe::toString,18,13,Default task
2021-10-02T13:34:49.828+09:00,HanSeunghun,KeyEvent,32:32:0,Assignment,Editor,D:/University/Java/Assignment/src/Week5/Cafe.java,Cafe::toString,18,14,Default task
2021-10-02T13:34:50.109+09:00,HanSeunghun,KeyEvent,109:77:0,Assignment,Editor,D:/University/Java/Assignment/src/Week5/Cafe.java,Cafe::toString,18,15,Default task
2021-10-02T13:34:50.251+09:00,HanSeunghun,KeyEvent,97:65:0,Assignment,Editor,D:/University/Java/Assignment/src/Week5/Cafe.java,Cafe::toString,18,16,Default task
2021-10-02T13:34:50.908+09:00,HanSeunghun,Action,EditorBackSpace,Assignment,Editor,D:/University/Java/Assignment/src/Week5/Cafe.java,Cafe::toString,18,17,Default task
2021-10-02T13:34:50.910+09:00,HanSeunghun,KeyEvent,8:8:0,Assignment,Editor,D:/University/Java/Assignment/src/Week5/Cafe.java,Cafe::toString,18,16,Default task
2021-10-02T13:34:50.988+09:00,HanSeunghun,KeyEvent,115:83:0,Assignment,Editor,D:/University/Java/Assignment/src/Week5/Cafe.java,Cafe::toString,18,16,Default task
2021-10-02T13:34:51.148+09:00,HanSeunghun,KeyEvent,103:71:0,Assignment,Editor,D:/University/Java/Assignment/src/Week5/Cafe.java,Cafe::toString,18,17,Default task
2021-10-02T13:34:51.347+09:00,HanSeunghun,KeyEvent,59:59:0,Assignment,Editor,D:/University/Java/Assignment/src/Week5/Cafe.java,Cafe::toString,18,18,Default task
2021-10-02T13:34:51.685+09:00,HanSeunghun,Action,EditorUp,Assignment,Editor,D:/University/Java/Assignment/src/Week5/Cafe.java,Cafe::toString,18,19,Default task
2021-10-02T13:34:51.685+09:00,HanSeunghun,KeyEvent,65535:38:0,Assignment,Editor,D:/University/Java/Assignment/src/Week5/Cafe.java,Cafe::toString,17,8,Default task
2021-10-02T13:34:52.452+09:00,HanSeunghun,Action,EditorBackSpace,Assignment,Editor,D:/University/Java/Assignment/src/Week5/Cafe.java,Cafe::toString,17,8,Default task
2021-10-02T13:34:52.454+09:00,HanSeunghun,KeyEvent,8:8:0,Assignment,Editor,D:/University/Java/Assignment/src/Week5/Cafe.java,Cafe::toString,16,9,Default task
2021-10-02T13:34:52.868+09:00,HanSeunghun,Action,EditorEnter,Assignment,Editor,D:/University/Java/Assignment/src/Week5/Cafe.java,Cafe::toString,16,9,Default task
2021-10-02T13:34:52.870+09:00,HanSeunghun,KeyEvent,10:10:0,Assignment,Editor,D:/University/Java/Assignment/src/Week5/Cafe.java,Cafe::toString,17,8,Default task
2021-10-02T13:34:53.309+09:00,HanSeunghun,Action,EditorDown,Assignment,Editor,D:/University/Java/Assignment/src/Week5/Cafe.java,Cafe::toString,17,8,Default task
2021-10-02T13:34:53.309+09:00,HanSeunghun,KeyEvent,65535:40:0,Assignment,Editor,D:/University/Java/Assignment/src/Week5/Cafe.java,Cafe::toString,18,8,Default task
2021-10-02T13:34:53.748+09:00,HanSeunghun,Action,EditorLineEnd,Assignment,Editor,D:/University/Java/Assignment/src/Week5/Cafe.java,Cafe::toString,18,8,Default task
2021-10-02T13:34:53.749+09:00,HanSeunghun,KeyEvent,65535:35:0,Assignment,Editor,D:/University/Java/Assignment/src/Week5/Cafe.java,Cafe::toString,18,19,Default task
2021-10-02T13:34:54.053+09:00,HanSeunghun,Action,EditorDown,Assignment,Editor,D:/University/Java/Assignment/src/Week5/Cafe.java,Cafe::toString,18,19,Default task
2021-10-02T13:34:54.053+09:00,HanSeunghun,KeyEvent,65535:40:0,Assignment,Editor,D:/University/Java/Assignment/src/Week5/Cafe.java,,19,5,Default task
2021-10-02T13:34:54.260+09:00,HanSeunghun,Action,EditorDown,Assignment,Editor,D:/University/Java/Assignment/src/Week5/Cafe.java,,19,5,Default task
2021-10-02T13:34:54.261+09:00,HanSeunghun,KeyEvent,65535:40:0,Assignment,Editor,D:/University/Java/Assignment/src/Week5/Cafe.java,,20,1,Default task
2021-10-02T13:34:54.613+09:00,HanSeunghun,Action,EditorDown,Assignment,Editor,D:/University/Java/Assignment/src/Week5/Cafe.java,,20,1,Default task
2021-10-02T13:34:54.614+09:00,HanSeunghun,KeyEvent,65535:40:0,Assignment,Editor,D:/University/Java/Assignment/src/Week5/Cafe.java,,21,0,Default task
2021-10-02T13:34:58.557+09:00,HanSeunghun,Action,EditorBackSpace,Assignment,Editor,D:/University/Java/Assignment/src/Week5/Cafe.java,,21,0,Default task
2021-10-02T13:34:58.558+09:00,HanSeunghun,KeyEvent,8:8:0,Assignment,Editor,D:/University/Java/Assignment/src/Week5/Cafe.java,,20,1,Default task
2021-10-02T13:34:59.084+09:00,HanSeunghun,Action,EditorUp,Assignment,Editor,D:/University/Java/Assignment/src/Week5/Cafe.java,,20,1,Default task
2021-10-02T13:34:59.085+09:00,HanSeunghun,KeyEvent,65535:38:0,Assignment,Editor,D:/University/Java/Assignment/src/Week5/Cafe.java,Cafe::toString,19,1,Default task
2021-10-02T13:34:59.461+09:00,HanSeunghun,Action,EditorLineEnd,Assignment,Editor,D:/University/Java/Assignment/src/Week5/Cafe.java,Cafe::toString,19,1,Default task
2021-10-02T13:34:59.462+09:00,HanSeunghun,KeyEvent,65535:35:0,Assignment,Editor,D:/University/Java/Assignment/src/Week5/Cafe.java,,19,5,Default task
2021-10-02T13:35:00.620+09:00,HanSeunghun,Action,EditorEnter,Assignment,Editor,D:/University/Java/Assignment/src/Week5/Cafe.java,,19,5,Default task
2021-10-02T13:35:00.622+09:00,HanSeunghun,KeyEvent,10:10:0,Assignment,Editor,D:/University/Java/Assignment/src/Week5/Cafe.java,,20,4,Default task
2021-10-02T13:35:01.020+09:00,HanSeunghun,Action,EditorBackSpace,Assignment,Editor,D:/University/Java/Assignment/src/Week5/Cafe.java,,20,4,Default task
2021-10-02T13:35:01.022+09:00,HanSeunghun,KeyEvent,8:8:0,Assignment,Editor,D:/University/Java/Assignment/src/Week5/Cafe.java,,19,5,Default task
2021-10-02T13:35:01.742+09:00,HanSeunghun,Action,EditorUp,Assignment,Editor,D:/University/Java/Assignment/src/Week5/Cafe.java,,19,5,Default task
2021-10-02T13:35:01.742+09:00,HanSeunghun,KeyEvent,65535:38:0,Assignment,Editor,D:/University/Java/Assignment/src/Week5/Cafe.java,Cafe::toString,18,5,Default task
2021-10-02T13:35:02.241+09:00,HanSeunghun,Action,EditorUp,Assignment,Editor,D:/University/Java/Assignment/src/Week5/Cafe.java,Cafe::toString,18,5,Default task
2021-10-02T13:35:02.241+09:00,HanSeunghun,KeyEvent,65535:38:0,Assignment,Editor,D:/University/Java/Assignment/src/Week5/Cafe.java,Cafe::toString,17,5,Default task
2021-10-02T13:35:02.275+09:00,HanSeunghun,Action,EditorUp,Assignment,Editor,D:/University/Java/Assignment/src/Week5/Cafe.java,Cafe::toString,17,5,Default task
2021-10-02T13:35:02.276+09:00,HanSeunghun,KeyEvent,65535:38:0,Assignment,Editor,D:/University/Java/Assignment/src/Week5/Cafe.java,Cafe::toString,16,5,Default task
2021-10-02T13:35:02.307+09:00,HanSeunghun,Action,EditorUp,Assignment,Editor,D:/University/Java/Assignment/src/Week5/Cafe.java,Cafe::toString,16,5,Default task
2021-10-02T13:35:02.308+09:00,HanSeunghun,KeyEvent,65535:38:0,Assignment,Editor,D:/University/Java/Assignment/src/Week5/Cafe.java,Cafe::toString,15,5,Default task
2021-10-02T13:35:02.341+09:00,HanSeunghun,Action,EditorUp,Assignment,Editor,D:/University/Java/Assignment/src/Week5/Cafe.java,Cafe::toString,15,5,Default task
2021-10-02T13:35:02.341+09:00,HanSeunghun,KeyEvent,65535:38:0,Assignment,Editor,D:/University/Java/Assignment/src/Week5/Cafe.java,Cafe::toString,14,5,Default task
2021-10-02T13:35:03.501+09:00,HanSeunghun,Action,EditorUp,Assignment,Editor,D:/University/Java/Assignment/src/Week5/Cafe.java,Cafe::toString,14,5,Default task
2021-10-02T13:35:03.501+09:00,HanSeunghun,KeyEvent,65535:38:0,Assignment,Editor,D:/University/Java/Assignment/src/Week5/Cafe.java,Cafe::toString,13,5,Default task
2021-10-02T13:35:03.701+09:00,HanSeunghun,Action,EditorUp,Assignment,Editor,D:/University/Java/Assignment/src/Week5/Cafe.java,Cafe::toString,13,5,Default task
2021-10-02T13:35:03.701+09:00,HanSeunghun,KeyEvent,65535:38:0,Assignment,Editor,D:/University/Java/Assignment/src/Week5/Cafe.java,Cafe::toString,12,5,Default task
2021-10-02T13:35:03.887+09:00,HanSeunghun,Action,EditorUp,Assignment,Editor,D:/University/Java/Assignment/src/Week5/Cafe.java,Cafe::toString,12,5,Default task
2021-10-02T13:35:03.887+09:00,HanSeunghun,KeyEvent,65535:38:0,Assignment,Editor,D:/University/Java/Assignment/src/Week5/Cafe.java,Cafe::toString,11,5,Default task
2021-10-02T13:35:04.061+09:00,HanSeunghun,Action,EditorUp,Assignment,Editor,D:/University/Java/Assignment/src/Week5/Cafe.java,Cafe::toString,11,5,Default task
2021-10-02T13:35:04.061+09:00,HanSeunghun,KeyEvent,65535:38:0,Assignment,Editor,D:/University/Java/Assignment/src/Week5/Cafe.java,Cafe::toString,10,5,Default task
2021-10-02T13:35:04.252+09:00,HanSeunghun,Action,EditorUp,Assignment,Editor,D:/University/Java/Assignment/src/Week5/Cafe.java,Cafe::toString,10,5,Default task
2021-10-02T13:35:04.253+09:00,HanSeunghun,KeyEvent,65535:38:0,Assignment,Editor,D:/University/Java/Assignment/src/Week5/Cafe.java,Cafe::toString,9,5,Default task
2021-10-02T13:35:04.420+09:00,HanSeunghun,Action,EditorUp,Assignment,Editor,D:/University/Java/Assignment/src/Week5/Cafe.java,Cafe::toString,9,5,Default task
2021-10-02T13:35:04.421+09:00,HanSeunghun,KeyEvent,65535:38:0,Assignment,Editor,D:/University/Java/Assignment/src/Week5/Cafe.java,,8,4,Default task
2021-10-02T13:35:04.669+09:00,HanSeunghun,Action,EditorEnter,Assignment,Editor,D:/University/Java/Assignment/src/Week5/Cafe.java,,8,4,Default task
2021-10-02T13:35:04.677+09:00,HanSeunghun,KeyEvent,10:10:0,Assignment,Editor,D:/University/Java/Assignment/src/Week5/Cafe.java,Cafe::toString,9,4,Default task
2021-10-02T13:35:04.876+09:00,HanSeunghun,Action,EditorUp,Assignment,Editor,D:/University/Java/Assignment/src/Week5/Cafe.java,,9,4,Default task
2021-10-02T13:35:04.877+09:00,HanSeunghun,KeyEvent,65535:38:0,Assignment,Editor,D:/University/Java/Assignment/src/Week5/Cafe.java,,8,4,Default task
2021-10-02T13:35:05.093+09:00,HanSeunghun,Action,EditorEnter,Assignment,Editor,D:/University/Java/Assignment/src/Week5/Cafe.java,,8,4,Default task
2021-10-02T13:35:05.095+09:00,HanSeunghun,KeyEvent,10:10:0,Assignment,Editor,D:/University/Java/Assignment/src/Week5/Cafe.java,,9,4,Default task
2021-10-02T13:35:05.317+09:00,HanSeunghun,KeyEvent,65535:17:2,Assignment,Editor,D:/University/Java/Assignment/src/Week5/Cafe.java,,9,4,Default task
2021-10-02T13:35:05.436+09:00,HanSeunghun,Action,SaveAll,Assignment,Editor,D:/University/Java/Assignment/src/Week5/Cafe.java,,9,4,Default task
2021-10-02T13:35:05.696+09:00,HanSeunghun,KeyEvent,19:83:2,Assignment,Editor,D:/University/Java/Assignment/src/Week5/Cafe.java,,9,4,Default task
2021-10-02T13:35:14.563+09:00,HanSeunghun,KeyEvent,112:80:0,Assignment,Editor,D:/University/Java/Assignment/src/Week5/Cafe.java,,9,4,Default task
2021-10-02T13:35:14.660+09:00,HanSeunghun,KeyEvent,117:85:0,Assignment,Editor,D:/University/Java/Assignment/src/Week5/Cafe.java,,9,5,Default task
2021-10-02T13:35:14.796+09:00,HanSeunghun,KeyEvent,98:66:0,Assignment,Editor,D:/University/Java/Assignment/src/Week5/Cafe.java,,9,6,Default task
2021-10-02T13:35:14.883+09:00,HanSeunghun,KeyEvent,108:76:0,Assignment,Editor,D:/University/Java/Assignment/src/Week5/Cafe.java,,9,7,Default task
2021-10-02T13:35:15.029+09:00,HanSeunghun,KeyEvent,105:73:0,Assignment,Editor,D:/University/Java/Assignment/src/Week5/Cafe.java,,9,8,Default task
2021-10-02T13:35:15.140+09:00,HanSeunghun,KeyEvent,99:67:0,Assignment,Editor,D:/University/Java/Assignment/src/Week5/Cafe.java,,9,9,Default task
2021-10-02T13:35:15.284+09:00,HanSeunghun,KeyEvent,32:32:0,Assignment,Editor,D:/University/Java/Assignment/src/Week5/Cafe.java,Cafe::toString,9,10,Default task
2021-10-02T13:35:16.876+09:00,HanSeunghun,KeyEvent,65535:17:2,Assignment,Editor,D:/University/Java/Assignment/src/Week5/Cafe.java,,5,17,Default task
2021-10-02T13:35:16.954+09:00,HanSeunghun,Action,EditorCopy,Assignment,Editor,D:/University/Java/Assignment/src/Week5/Cafe.java,,5,17,Default task
2021-10-02T13:35:17.017+09:00,HanSeunghun,KeyEvent,3:67:2,Assignment,Editor,D:/University/Java/Assignment/src/Week5/Cafe.java,,5,17,Default task
2021-10-02T13:35:17.868+09:00,HanSeunghun,KeyEvent,65535:17:2,Assignment,Editor,D:/University/Java/Assignment/src/Week5/Cafe.java,,5,17,Default task
2021-10-02T13:35:17.956+09:00,HanSeunghun,Action,EditorCopy,Assignment,Editor,D:/University/Java/Assignment/src/Week5/Cafe.java,,5,17,Default task
2021-10-02T13:35:17.959+09:00,HanSeunghun,KeyEvent,3:67:2,Assignment,Editor,D:/University/Java/Assignment/src/Week5/Cafe.java,,5,17,Default task
2021-10-02T13:35:18.516+09:00,HanSeunghun,KeyEvent,65535:17:2,Assignment,Editor,D:/University/Java/Assignment/src/Week5/Cafe.java,Cafe::toString,9,11,Default task
2021-10-02T13:35:18.564+09:00,HanSeunghun,Action,EditorPaste,Assignment,Editor,D:/University/Java/Assignment/src/Week5/Cafe.java,Cafe::toString,9,11,Default task
2021-10-02T13:35:18.597+09:00,HanSeunghun,KeyEvent,22:86:2,Assignment,Editor,D:/University/Java/Assignment/src/Week5/Cafe.java,,9,15,Default task
2021-10-02T13:35:19.092+09:00,HanSeunghun,KeyEvent,65535:16:1,Assignment,Editor,D:/University/Java/Assignment/src/Week5/Cafe.java,,9,15,Default task
2021-10-02T13:35:19.324+09:00,HanSeunghun,KeyEvent,40:57:1,Assignment,Editor,D:/University/Java/Assignment/src/Week5/Cafe.java,,9,15,Default task
2021-10-02T13:35:19.700+09:00,HanSeunghun,KeyEvent,65535:20:0,Assignment,Editor,D:/University/Java/Assignment/src/Week5/Cafe.java,Cafe::Cafe,9,16,Default task
2021-10-02T13:35:20.068+09:00,HanSeunghun,KeyEvent,83:83:0,Assignment,Editor,D:/University/Java/Assignment/src/Week5/Cafe.java,Cafe::Cafe,9,16,Default task
2021-10-02T13:35:20.223+09:00,HanSeunghun,KeyEvent,65535:20:0,Assignment,Editor,D:/University/Java/Assignment/src/Week5/Cafe.java,Cafe::Cafe,9,17,Default task
2021-10-02T13:35:20.331+09:00,HanSeunghun,KeyEvent,116:84:0,Assignment,Editor,D:/University/Java/Assignment/src/Week5/Cafe.java,Cafe::Cafe,9,17,Default task
2021-10-02T13:35:20.492+09:00,HanSeunghun,KeyEvent,114:82:0,Assignment,Editor,D:/University/Java/Assignment/src/Week5/Cafe.java,Cafe::Cafe,9,18,Default task
2021-10-02T13:35:20.587+09:00,HanSeunghun,KeyEvent,105:73:0,Assignment,Editor,D:/University/Java/Assignment/src/Week5/Cafe.java,Cafe::Cafe,9,19,Default task
2021-10-02T13:35:20.715+09:00,HanSeunghun,KeyEvent,110:78:0,Assignment,Editor,D:/University/Java/Assignment/src/Week5/Cafe.java,Cafe::Cafe,9,20,Default task
2021-10-02T13:35:20.787+09:00,HanSeunghun,KeyEvent,103:71:0,Assignment,Editor,D:/University/Java/Assignment/src/Week5/Cafe.java,Cafe::Cafe,9,21,Default task
2021-10-02T13:35:20.876+09:00,HanSeunghun,KeyEvent,32:32:0,Assignment,Editor,D:/University/Java/Assignment/src/Week5/Cafe.java,Cafe::Cafe,9,22,Default task
2021-10-02T13:35:21.036+09:00,HanSeunghun,KeyEvent,110:78:0,Assignment,Editor,D:/University/Java/Assignment/src/Week5/Cafe.java,Cafe::Cafe,9,23,Default task
2021-10-02T13:35:21.132+09:00,HanSeunghun,KeyEvent,97:65:0,Assignment,Editor,D:/University/Java/Assignment/src/Week5/Cafe.java,Cafe::Cafe,9,24,Default task
2021-10-02T13:35:21.293+09:00,HanSeunghun,KeyEvent,109:77:0,Assignment,Editor,D:/University/Java/Assignment/src/Week5/Cafe.java,Cafe::Cafe,9,25,Default task
2021-10-02T13:35:21.460+09:00,HanSeunghun,KeyEvent,101:69:0,Assignment,Editor,D:/University/Java/Assignment/src/Week5/Cafe.java,Cafe::Cafe,9,26,Default task
2021-10-02T13:35:21.728+09:00,HanSeunghun,KeyEvent,27:27:0,Assignment,Editor,D:/University/Java/Assignment/src/Week5/Cafe.java,Cafe::Cafe,9,27,Default task
2021-10-02T13:35:21.860+09:00,HanSeunghun,Action,EditorRight,Assignment,Editor,D:/University/Java/Assignment/src/Week5/Cafe.java,Cafe::Cafe,9,27,Default task
2021-10-02T13:35:21.861+09:00,HanSeunghun,KeyEvent,65535:39:0,Assignment,Editor,D:/University/Java/Assignment/src/Week5/Cafe.java,,9,28,Default task
2021-10-02T13:35:22.084+09:00,HanSeunghun,Action,EditorEnter,Assignment,Editor,D:/University/Java/Assignment/src/Week5/Cafe.java,,9,28,Default task
2021-10-02T13:35:22.088+09:00,HanSeunghun,KeyEvent,10:10:0,Assignment,Editor,D:/University/Java/Assignment/src/Week5/Cafe.java,,10,8,Default task
2021-10-02T13:35:22.316+09:00,HanSeunghun,KeyEvent,65535:16:1,Assignment,Editor,D:/University/Java/Assignment/src/Week5/Cafe.java,,10,8,Default task
2021-10-02T13:35:22.411+09:00,HanSeunghun,KeyEvent,123:91:1,Assignment,Editor,D:/University/Java/Assignment/src/Week5/Cafe.java,,10,8,Default task
2021-10-02T13:35:22.613+09:00,HanSeunghun,Action,EditorEnter,Assignment,Editor,D:/University/Java/Assignment/src/Week5/Cafe.java,Cafe::Cafe,10,5,Default task
2021-10-02T13:35:22.617+09:00,HanSeunghun,KeyEvent,10:10:0,Assignment,Editor,D:/University/Java/Assignment/src/Week5/Cafe.java,,11,8,Default task
2021-10-02T13:35:23.267+09:00,HanSeunghun,KeyEvent,116:84:0,Assignment,Editor,D:/University/Java/Assignment/src/Week5/Cafe.java,Cafe::Cafe,11,8,Default task
2021-10-02T13:35:23.372+09:00,HanSeunghun,KeyEvent,104:72:0,Assignment,Editor,D:/University/Java/Assignment/src/Week5/Cafe.java,Cafe::Cafe,11,9,Default task
2021-10-02T13:35:23.444+09:00,HanSeunghun,KeyEvent,105:73:0,Assignment,Editor,D:/University/Java/Assignment/src/Week5/Cafe.java,Cafe::Cafe,11,10,Default task
2021-10-02T13:35:23.547+09:00,HanSeunghun,KeyEvent,115:83:0,Assignment,Editor,D:/University/Java/Assignment/src/Week5/Cafe.java,Cafe::Cafe,11,11,Default task
2021-10-02T13:35:23.700+09:00,HanSeunghun,KeyEvent,46:46:0,Assignment,Editor,D:/University/Java/Assignment/src/Week5/Cafe.java,Cafe::Cafe,11,12,Default task
2021-10-02T13:35:23.956+09:00,HanSeunghun,KeyEvent,110:78:0,Assignment,Editor,D:/University/Java/Assignment/src/Week5/Cafe.java,Cafe::Cafe,11,13,Default task
2021-10-02T13:35:24.324+09:00,HanSeunghun,Action,EditorChooseLookupItem,Assignment,Editor,D:/University/Java/Assignment/src/Week5/Cafe.java,Cafe::Cafe,11,14,Default task
2021-10-02T13:35:24.332+09:00,HanSeunghun,KeyEvent,10:10:0,Assignment,Editor,D:/University/Java/Assignment/src/Week5/Cafe.java,Cafe::Cafe,11,17,Default task
2021-10-02T13:35:24.404+09:00,HanSeunghun,KeyEvent,32:32:0,Assignment,Editor,D:/University/Java/Assignment/src/Week5/Cafe.java,Cafe::Cafe,11,17,Default task
2021-10-02T13:35:24.541+09:00,HanSeunghun,KeyEvent,61:61:0,Assignment,Editor,D:/University/Java/Assignment/src/Week5/Cafe.java,Cafe::Cafe,11,18,Default task
2021-10-02T13:35:24.653+09:00,HanSeunghun,KeyEvent,32:32:0,Assignment,Editor,D:/University/Java/Assignment/src/Week5/Cafe.java,Cafe::Cafe,11,19,Default task
2021-10-02T13:35:24.836+09:00,HanSeunghun,KeyEvent,110:78:0,Assignment,Editor,D:/University/Java/Assignment/src/Week5/Cafe.java,Cafe::Cafe,11,20,Default task
2021-10-02T13:35:25.220+09:00,HanSeunghun,Action,EditorChooseLookupItem,Assignment,Editor,D:/University/Java/Assignment/src/Week5/Cafe.java,Cafe::Cafe,11,21,Default task
2021-10-02T13:35:25.229+09:00,HanSeunghun,KeyEvent,10:10:0,Assignment,Editor,D:/University/Java/Assignment/src/Week5/Cafe.java,Cafe::Cafe,11,24,Default task
2021-10-02T13:35:25.412+09:00,HanSeunghun,KeyEvent,59:59:0,Assignment,Editor,D:/University/Java/Assignment/src/Week5/Cafe.java,Cafe::Cafe,11,24,Default task
2021-10-02T13:36:21.652+09:00,HanSeunghun,Action,EditorEnter,Assignment,Editor,D:/University/Java/Assignment/src/Week5/Cafe.java,,12,5,Default task
2021-10-02T13:36:21.655+09:00,HanSeunghun,KeyEvent,10:10:0,Assignment,Editor,D:/University/Java/Assignment/src/Week5/Cafe.java,,13,4,Default task
2021-10-02T13:36:21.965+09:00,HanSeunghun,Action,EditorEnter,Assignment,Editor,D:/University/Java/Assignment/src/Week5/Cafe.java,,13,4,Default task
2021-10-02T13:36:21.966+09:00,HanSeunghun,KeyEvent,10:10:0,Assignment,Editor,D:/University/Java/Assignment/src/Week5/Cafe.java,,14,4,Default task
2021-10-02T13:36:22.348+09:00,HanSeunghun,KeyEvent,112:80:0,Assignment,Editor,D:/University/Java/Assignment/src/Week5/Cafe.java,,14,4,Default task
2021-10-02T13:36:22.387+09:00,HanSeunghun,KeyEvent,117:85:0,Assignment,Editor,D:/University/Java/Assignment/src/Week5/Cafe.java,,14,5,Default task
2021-10-02T13:36:22.575+09:00,HanSeunghun,KeyEvent,98:66:0,Assignment,Editor,D:/University/Java/Assignment/src/Week5/Cafe.java,,14,6,Default task
2021-10-02T13:36:22.651+09:00,HanSeunghun,KeyEvent,108:76:0,Assignment,Editor,D:/University/Java/Assignment/src/Week5/Cafe.java,,14,7,Default task
2021-10-02T13:36:22.772+09:00,HanSeunghun,KeyEvent,105:73:0,Assignment,Editor,D:/University/Java/Assignment/src/Week5/Cafe.java,,14,8,Default task
2021-10-02T13:36:22.829+09:00,HanSeunghun,KeyEvent,99:67:0,Assignment,Editor,D:/University/Java/Assignment/src/Week5/Cafe.java,,14,9,Default task
2021-10-02T13:36:22.901+09:00,HanSeunghun,KeyEvent,32:32:0,Assignment,Editor,D:/University/Java/Assignment/src/Week5/Cafe.java,Cafe::toString,14,10,Default task
2021-10-02T13:36:22.995+09:00,HanSeunghun,KeyEvent,118:86:0,Assignment,Editor,D:/University/Java/Assignment/src/Week5/Cafe.java,Cafe::toString,14,11,Default task
2021-10-02T13:36:23.059+09:00,HanSeunghun,KeyEvent,111:79:0,Assignment,Editor,D:/University/Java/Assignment/src/Week5/Cafe.java,,14,12,Default task
2021-10-02T13:36:23.195+09:00,HanSeunghun,KeyEvent,105:73:0,Assignment,Editor,D:/University/Java/Assignment/src/Week5/Cafe.java,,14,13,Default task
2021-10-02T13:36:23.254+09:00,HanSeunghun,KeyEvent,100:68:0,Assignment,Editor,D:/University/Java/Assignment/src/Week5/Cafe.java,,14,14,Default task
2021-10-02T13:36:23.356+09:00,HanSeunghun,KeyEvent,32:32:0,Assignment,Editor,D:/University/Java/Assignment/src/Week5/Cafe.java,,14,15,Default task
2021-10-02T13:36:23.457+09:00,HanSeunghun,KeyEvent,65535:20:0,Assignment,Editor,D:/University/Java/Assignment/src/Week5/Cafe.java,,14,16,Default task
2021-10-02T13:36:23.780+09:00,HanSeunghun,KeyEvent,65535:20:0,Assignment,Editor,D:/University/Java/Assignment/src/Week5/Cafe.java,,14,16,Default task
2021-10-02T13:36:24.084+09:00,HanSeunghun,KeyEvent,97:65:0,Assignment,Editor,D:/University/Java/Assignment/src/Week5/Cafe.java,,14,16,Default task
2021-10-02T13:36:24.332+09:00,HanSeunghun,KeyEvent,100:68:0,Assignment,Editor,D:/University/Java/Assignment/src/Week5/Cafe.java,,14,17,Default task
2021-10-02T13:36:24.483+09:00,HanSeunghun,KeyEvent,100:68:0,Assignment,Editor,D:/University/Java/Assignment/src/Week5/Cafe.java,,14,18,Default task
2021-10-02T13:36:24.803+09:00,HanSeunghun,KeyEvent,65535:20:0,Assignment,Editor,D:/University/Java/Assignment/src/Week5/Cafe.java,,14,19,Default task
2021-10-02T13:36:24.963+09:00,HanSeunghun,KeyEvent,66:66:0,Assignment,Editor,D:/University/Java/Assignment/src/Week5/Cafe.java,,14,19,Default task
2021-10-02T13:36:25.101+09:00,HanSeunghun,KeyEvent,65535:20:0,Assignment,Editor,D:/University/Java/Assignment/src/Week5/Cafe.java,,14,20,Default task
2021-10-02T13:36:25.204+09:00,HanSeunghun,KeyEvent,101:69:0,Assignment,Editor,D:/University/Java/Assignment/src/Week5/Cafe.java,,14,20,Default task
2021-10-02T13:36:26.356+09:00,HanSeunghun,KeyEvent,118:86:0,Assignment,Editor,D:/University/Java/Assignment/src/Week5/Cafe.java,,14,21,Default task
2021-10-02T13:36:26.475+09:00,HanSeunghun,KeyEvent,101:69:0,Assignment,Editor,D:/University/Java/Assignment/src/Week5/Cafe.java,,14,22,Default task
2021-10-02T13:36:26.587+09:00,HanSeunghun,KeyEvent,114:82:0,Assignment,Editor,D:/University/Java/Assignment/src/Week5/Cafe.java,,14,23,Default task
2021-10-02T13:36:26.740+09:00,HanSeunghun,KeyEvent,97:65:0,Assignment,Editor,D:/University/Java/Assignment/src/Week5/Cafe.java,,14,24,Default task
2021-10-02T13:36:26.844+09:00,HanSeunghun,KeyEvent,103:71:0,Assignment,Editor,D:/University/Java/Assignment/src/Week5/Cafe.java,,14,25,Default task
2021-10-02T13:36:26.947+09:00,HanSeunghun,KeyEvent,101:69:0,Assignment,Editor,D:/University/Java/Assignment/src/Week5/Cafe.java,,14,26,Default task
2021-10-02T13:36:27.236+09:00,HanSeunghun,KeyEvent,27:27:0,Assignment,Editor,D:/University/Java/Assignment/src/Week5/Cafe.java,,14,27,Default task
2021-10-02T13:36:27.484+09:00,HanSeunghun,KeyEvent,65535:16:1,Assignment,Editor,D:/University/Java/Assignment/src/Week5/Cafe.java,,14,27,Default task
2021-10-02T13:36:27.820+09:00,HanSeunghun,KeyEvent,40:57:1,Assignment,Editor,D:/University/Java/Assignment/src/Week5/Cafe.java,,14,27,Default task
2021-10-02T13:36:27.972+09:00,HanSeunghun,KeyEvent,41:48:1,Assignment,Editor,D:/University/Java/Assignment/src/Week5/Cafe.java,Cafe::addBeverage,14,28,Default task
2021-10-02T13:36:28.547+09:00,HanSeunghun,Action,EditorEnter,Assignment,Editor,D:/University/Java/Assignment/src/Week5/Cafe.java,,14,29,Default task
2021-10-02T13:36:28.551+09:00,HanSeunghun,KeyEvent,10:10:0,Assignment,Editor,D:/University/Java/Assignment/src/Week5/Cafe.java,,15,8,Default task
2021-10-02T13:36:28.764+09:00,HanSeunghun,KeyEvent,65535:16:1,Assignment,Editor,D:/University/Java/Assignment/src/Week5/Cafe.java,,15,8,Default task
2021-10-02T13:36:28.861+09:00,HanSeunghun,KeyEvent,123:91:1,Assignment,Editor,D:/University/Java/Assignment/src/Week5/Cafe.java,,15,8,Default task
2021-10-02T13:36:29.092+09:00,HanSeunghun,Action,EditorEnter,Assignment,Editor,D:/University/Java/Assignment/src/Week5/Cafe.java,Cafe::addBeverage,15,5,Default task
2021-10-02T13:36:29.098+09:00,HanSeunghun,KeyEvent,10:10:0,Assignment,Editor,D:/University/Java/Assignment/src/Week5/Cafe.java,,16,8,Default task
2021-10-02T13:36:29.867+09:00,HanSeunghun,KeyEvent,116:84:0,Assignment,Editor,D:/University/Java/Assignment/src/Week5/Cafe.java,Cafe::addBeverage,16,8,Default task
2021-10-02T13:36:29.968+09:00,HanSeunghun,KeyEvent,104:72:0,Assignment,Editor,D:/University/Java/Assignment/src/Week5/Cafe.java,Cafe::addBeverage,16,9,Default task
2021-10-02T13:36:30.035+09:00,HanSeunghun,KeyEvent,105:73:0,Assignment,Editor,D:/University/Java/Assignment/src/Week5/Cafe.java,Cafe::addBeverage,16,10,Default task
2021-10-02T13:36:30.140+09:00,HanSeunghun,KeyEvent,115:83:0,Assignment,Editor,D:/University/Java/Assignment/src/Week5/Cafe.java,Cafe::addBeverage,16,11,Default task
2021-10-02T13:36:30.332+09:00,HanSeunghun,KeyEvent,46:46:0,Assignment,Editor,D:/University/Java/Assignment/src/Week5/Cafe.java,Cafe::addBeverage,16,12,Default task
2021-10-02T13:36:30.637+09:00,HanSeunghun,KeyEvent,109:77:0,Assignment,Editor,D:/University/Java/Assignment/src/Week5/Cafe.java,Cafe::addBeverage,16,13,Default task
2021-10-02T13:36:31.179+09:00,HanSeunghun,Action,EditorBackSpace,Assignment,Editor,D:/University/Java/Assignment/src/Week5/Cafe.java,Cafe::addBeverage,16,14,Default task
2021-10-02T13:36:31.187+09:00,HanSeunghun,KeyEvent,8:8:0,Assignment,Editor,D:/University/Java/Assignment/src/Week5/Cafe.java,Cafe::addBeverage,16,13,Default task
2021-10-02T13:36:31.372+09:00,HanSeunghun,Action,EditorBackSpace,Assignment,Editor,D:/University/Java/Assignment/src/Week5/Cafe.java,Cafe::addBeverage,16,13,Default task
2021-10-02T13:36:31.378+09:00,HanSeunghun,KeyEvent,8:8:0,Assignment,Editor,D:/University/Java/Assignment/src/Week5/Cafe.java,Cafe::addBeverage,16,12,Default task
2021-10-02T13:36:31.563+09:00,HanSeunghun,Action,EditorBackSpace,Assignment,Editor,D:/University/Java/Assignment/src/Week5/Cafe.java,Cafe::addBeverage,16,12,Default task
2021-10-02T13:36:31.565+09:00,HanSeunghun,KeyEvent,8:8:0,Assignment,Editor,D:/University/Java/Assignment/src/Week5/Cafe.java,Cafe::addBeverage,16,11,Default task
2021-10-02T13:36:31.757+09:00,HanSeunghun,Action,EditorBackSpace,Assignment,Editor,D:/University/Java/Assignment/src/Week5/Cafe.java,Cafe::addBeverage,16,11,Default task
2021-10-02T13:36:31.758+09:00,HanSeunghun,KeyEvent,8:8:0,Assignment,Editor,D:/University/Java/Assignment/src/Week5/Cafe.java,Cafe::addBeverage,16,10,Default task
2021-10-02T13:36:31.932+09:00,HanSeunghun,Action,EditorBackSpace,Assignment,Editor,D:/University/Java/Assignment/src/Week5/Cafe.java,Cafe::addBeverage,16,10,Default task
2021-10-02T13:36:31.934+09:00,HanSeunghun,KeyEvent,8:8:0,Assignment,Editor,D:/University/Java/Assignment/src/Week5/Cafe.java,Cafe::addBeverage,16,9,Default task
2021-10-02T13:36:32.101+09:00,HanSeunghun,Action,EditorBackSpace,Assignment,Editor,D:/University/Java/Assignment/src/Week5/Cafe.java,Cafe::addBeverage,16,9,Default task
2021-10-02T13:36:32.102+09:00,HanSeunghun,KeyEvent,8:8:0,Assignment,Editor,D:/University/Java/Assignment/src/Week5/Cafe.java,Cafe::addBeverage,16,8,Default task
2021-10-02T13:36:32.268+09:00,HanSeunghun,KeyEvent,116:84:0,Assignment,Editor,D:/University/Java/Assignment/src/Week5/Cafe.java,Cafe::addBeverage,16,8,Default task
2021-10-02T13:36:32.403+09:00,HanSeunghun,KeyEvent,104:72:0,Assignment,Editor,D:/University/Java/Assignment/src/Week5/Cafe.java,Cafe::addBeverage,16,9,Default task
2021-10-02T13:36:32.444+09:00,HanSeunghun,KeyEvent,105:73:0,Assignment,Editor,D:/University/Java/Assignment/src/Week5/Cafe.java,Cafe::addBeverage,16,10,Default task
2021-10-02T13:36:32.659+09:00,HanSeunghun,KeyEvent,115:83:0,Assignment,Editor,D:/University/Java/Assignment/src/Week5/Cafe.java,Cafe::addBeverage,16,11,Default task
2021-10-02T13:36:32.869+09:00,HanSeunghun,KeyEvent,46:46:0,Assignment,Editor,D:/University/Java/Assignment/src/Week5/Cafe.java,Cafe::addBeverage,16,12,Default task
2021-10-02T13:36:33.131+09:00,HanSeunghun,KeyEvent,109:77:0,Assignment,Editor,D:/University/Java/Assignment/src/Week5/Cafe.java,Cafe::addBeverage,16,13,Default task
2021-10-02T13:36:33.508+09:00,HanSeunghun,Action,EditorChooseLookupItem,Assignment,Editor,D:/University/Java/Assignment/src/Week5/Cafe.java,Cafe::addBeverage,16,14,Default task
2021-10-02T13:36:33.515+09:00,HanSeunghun,KeyEvent,10:10:0,Assignment,Editor,D:/University/Java/Assignment/src/Week5/Cafe.java,Cafe::addBeverage,16,18,Default task
2021-10-02T13:36:34.540+09:00,HanSeunghun,KeyEvent,46:46:0,Assignment,Editor,D:/University/Java/Assignment/src/Week5/Cafe.java,Cafe::addBeverage,16,18,Default task
2021-10-02T13:36:34.892+09:00,HanSeunghun,KeyEvent,97:65:0,Assignment,Editor,D:/University/Java/Assignment/src/Week5/Cafe.java,Cafe::addBeverage,16,19,Default task
2021-10-02T13:36:35.196+09:00,HanSeunghun,KeyEvent,100:68:0,Assignment,Editor,D:/University/Java/Assignment/src/Week5/Cafe.java,Cafe::addBeverage,16,20,Default task
2021-10-02T13:36:35.796+09:00,HanSeunghun,Action,EditorBackSpace,Assignment,Editor,D:/University/Java/Assignment/src/Week5/Cafe.java,Cafe::addBeverage,16,21,Default task
2021-10-02T13:36:35.797+09:00,HanSeunghun,KeyEvent,8:8:0,Assignment,Editor,D:/University/Java/Assignment/src/Week5/Cafe.java,Cafe::addBeverage,16,20,Default task
2021-10-02T13:36:35.972+09:00,HanSeunghun,Action,EditorBackSpace,Assignment,Editor,D:/University/Java/Assignment/src/Week5/Cafe.java,Cafe::addBeverage,16,20,Default task
2021-10-02T13:36:35.974+09:00,HanSeunghun,KeyEvent,8:8:0,Assignment,Editor,D:/University/Java/Assignment/src/Week5/Cafe.java,Cafe::addBeverage,16,19,Default task
2021-10-02T13:36:36.140+09:00,HanSeunghun,Action,EditorBackSpace,Assignment,Editor,D:/University/Java/Assignment/src/Week5/Cafe.java,Cafe::addBeverage,16,19,Default task
2021-10-02T13:36:36.142+09:00,HanSeunghun,KeyEvent,8:8:0,Assignment,Editor,D:/University/Java/Assignment/src/Week5/Cafe.java,Cafe::addBeverage,16,18,Default task
2021-10-02T13:36:36.371+09:00,HanSeunghun,KeyEvent,46:46:0,Assignment,Editor,D:/University/Java/Assignment/src/Week5/Cafe.java,Cafe::addBeverage,16,18,Default task
2021-10-02T13:36:36.964+09:00,HanSeunghun,Action,EditorBackSpace,Assignment,Editor,D:/University/Java/Assignment/src/Week5/Cafe.java,Cafe::addBeverage,16,19,Default task
2021-10-02T13:36:36.970+09:00,HanSeunghun,KeyEvent,8:8:0,Assignment,Editor,D:/University/Java/Assignment/src/Week5/Cafe.java,Cafe::addBeverage,16,18,Default task
2021-10-02T13:36:37.220+09:00,HanSeunghun,KeyEvent,46:46:0,Assignment,Editor,D:/University/Java/Assignment/src/Week5/Cafe.java,Cafe::addBeverage,16,18,Default task
2021-10-02T13:36:37.547+09:00,HanSeunghun,Action,EditorBackSpace,Assignment,Editor,D:/University/Java/Assignment/src/Week5/Cafe.java,Cafe::addBeverage,16,19,Default task
2021-10-02T13:36:37.553+09:00,HanSeunghun,KeyEvent,8:8:0,Assignment,Editor,D:/University/Java/Assignment/src/Week5/Cafe.java,Cafe::addBeverage,16,18,Default task
2021-10-02T13:36:37.779+09:00,HanSeunghun,KeyEvent,46:46:0,Assignment,Editor,D:/University/Java/Assignment/src/Week5/Cafe.java,Cafe::addBeverage,16,18,Default task
2021-10-02T13:36:38.963+09:00,HanSeunghun,KeyEvent,112:80:0,Assignment,Editor,D:/University/Java/Assignment/src/Week5/Cafe.java,Cafe::addBeverage,16,19,Default task
2021-10-02T13:36:39.139+09:00,HanSeunghun,KeyEvent,117:85:0,Assignment,Editor,D:/University/Java/Assignment/src/Week5/Cafe.java,Cafe::addBeverage,16,20,Default task
2021-10-02T13:36:39.379+09:00,HanSeunghun,KeyEvent,115:83:0,Assignment,Editor,D:/University/Java/Assignment/src/Week5/Cafe.java,Cafe::addBeverage,16,21,Default task
2021-10-02T13:36:40.061+09:00,HanSeunghun,Action,EditorBackSpace,Assignment,Editor,D:/University/Java/Assignment/src/Week5/Cafe.java,Cafe::addBeverage,16,22,Default task
2021-10-02T13:36:40.062+09:00,HanSeunghun,KeyEvent,8:8:0,Assignment,Editor,D:/University/Java/Assignment/src/Week5/Cafe.java,Cafe::addBeverage,16,21,Default task
2021-10-02T13:36:40.779+09:00,HanSeunghun,Action,EditorBackSpace,Assignment,Editor,D:/University/Java/Assignment/src/Week5/Cafe.java,Cafe::addBeverage,16,21,Default task
2021-10-02T13:36:40.781+09:00,HanSeunghun,KeyEvent,8:8:0,Assignment,Editor,D:/University/Java/Assignment/src/Week5/Cafe.java,Cafe::addBeverage,16,20,Default task
2021-10-02T13:36:40.948+09:00,HanSeunghun,Action,EditorBackSpace,Assignment,Editor,D:/University/Java/Assignment/src/Week5/Cafe.java,Cafe::addBeverage,16,20,Default task
2021-10-02T13:36:40.949+09:00,HanSeunghun,KeyEvent,8:8:0,Assignment,Editor,D:/University/Java/Assignment/src/Week5/Cafe.java,Cafe::addBeverage,16,19,Default task
2021-10-02T13:36:41.092+09:00,HanSeunghun,Action,EditorBackSpace,Assignment,Editor,D:/University/Java/Assignment/src/Week5/Cafe.java,Cafe::addBeverage,16,19,Default task
2021-10-02T13:36:41.093+09:00,HanSeunghun,KeyEvent,8:8:0,Assignment,Editor,D:/University/Java/Assignment/src/Week5/Cafe.java,Cafe::addBeverage,16,18,Default task
2021-10-02T13:36:41.316+09:00,HanSeunghun,KeyEvent,46:46:0,Assignment,Editor,D:/University/Java/Assignment/src/Week5/Cafe.java,Cafe::addBeverage,16,18,Default task
2021-10-02T13:36:41.587+09:00,HanSeunghun,KeyEvent,112:80:0,Assignment,Editor,D:/University/Java/Assignment/src/Week5/Cafe.java,Cafe::addBeverage,16,19,Default task
2021-10-02T13:36:41.844+09:00,HanSeunghun,KeyEvent,117:85:0,Assignment,Editor,D:/University/Java/Assignment/src/Week5/Cafe.java,Cafe::addBeverage,16,20,Default task
2021-10-02T13:36:43.813+09:00,HanSeunghun,Action,EditorChooseLookupItem,Assignment,Editor,D:/University/Java/Assignment/src/Week5/Cafe.java,Cafe::addBeverage,16,21,Default task
2021-10-02T13:36:43.839+09:00,HanSeunghun,KeyEvent,10:10:0,Assignment,Editor,D:/University/Java/Assignment/src/Week5/Cafe.java,Cafe::addBeverage,16,23,Default task
2021-10-02T13:36:47.531+09:00,HanSeunghun,Action,EditorEscape,Assignment,Editor,D:/University/Java/Assignment/src/Week5/Cafe.java,Cafe::addBeverage,16,23,Default task
2021-10-02T13:36:47.533+09:00,HanSeunghun,KeyEvent,27:27:0,Assignment,Editor,D:/University/Java/Assignment/src/Week5/Cafe.java,Cafe::addBeverage,16,23,Default task
2021-10-02T13:36:54.325+09:00,HanSeunghun,KeyEvent,65535:20:0,Assignment,Editor,D:/University/Java/Assignment/src/Week5/Cafe.java,Cafe::addBeverage,14,28,Default task
2021-10-02T13:36:54.500+09:00,HanSeunghun,KeyEvent,66:66:0,Assignment,Editor,D:/University/Java/Assignment/src/Week5/Cafe.java,Cafe::addBeverage,14,28,Default task
2021-10-02T13:36:54.671+09:00,HanSeunghun,KeyEvent,65535:20:0,Assignment,Editor,D:/University/Java/Assignment/src/Week5/Cafe.java,Cafe::addBeverage,14,29,Default task
2021-10-02T13:36:54.777+09:00,HanSeunghun,KeyEvent,101:69:0,Assignment,Editor,D:/University/Java/Assignment/src/Week5/Cafe.java,Cafe::addBeverage,14,29,Default task
2021-10-02T13:36:55.027+09:00,HanSeunghun,KeyEvent,118:86:0,Assignment,Editor,D:/University/Java/Assignment/src/Week5/Cafe.java,Cafe::addBeverage,14,30,Default task
2021-10-02T13:36:55.155+09:00,HanSeunghun,KeyEvent,101:69:0,Assignment,Editor,D:/University/Java/Assignment/src/Week5/Cafe.java,Cafe::addBeverage,14,31,Default task
2021-10-02T13:36:55.315+09:00,HanSeunghun,Action,EditorChooseLookupItem,Assignment,Editor,D:/University/Java/Assignment/src/Week5/Cafe.java,Cafe::addBeverage,14,32,Default task
2021-10-02T13:36:55.326+09:00,HanSeunghun,KeyEvent,10:10:0,Assignment,Editor,D:/University/Java/Assignment/src/Week5/Cafe.java,Cafe::addBeverage,14,36,Default task
2021-10-02T13:36:55.646+09:00,HanSeunghun,KeyEvent,32:32:0,Assignment,Editor,D:/University/Java/Assignment/src/Week5/Cafe.java,Cafe::addBeverage,14,36,Default task
2021-10-02T13:36:55.915+09:00,HanSeunghun,KeyEvent,98:66:0,Assignment,Editor,D:/University/Java/Assignment/src/Week5/Cafe.java,Cafe::addBeverage,14,37,Default task
2021-10-02T13:36:56.084+09:00,HanSeunghun,KeyEvent,101:69:0,Assignment,Editor,D:/University/Java/Assignment/src/Week5/Cafe.java,Cafe::addBeverage,14,38,Default task
2021-10-02T13:36:56.276+09:00,HanSeunghun,KeyEvent,118:86:0,Assignment,Editor,D:/University/Java/Assignment/src/Week5/Cafe.java,Cafe::addBeverage,14,39,Default task
2021-10-02T13:36:56.371+09:00,HanSeunghun,KeyEvent,101:69:0,Assignment,Editor,D:/University/Java/Assignment/src/Week5/Cafe.java,Cafe::addBeverage,14,40,Default task
2021-10-02T13:36:56.467+09:00,HanSeunghun,KeyEvent,114:82:0,Assignment,Editor,D:/University/Java/Assignment/src/Week5/Cafe.java,Cafe::addBeverage,14,41,Default task
2021-10-02T13:36:56.587+09:00,HanSeunghun,KeyEvent,97:65:0,Assignment,Editor,D:/University/Java/Assignment/src/Week5/Cafe.java,Cafe::addBeverage,14,42,Default task
2021-10-02T13:36:56.700+09:00,HanSeunghun,KeyEvent,103:71:0,Assignment,Editor,D:/University/Java/Assignment/src/Week5/Cafe.java,Cafe::addBeverage,14,43,Default task
2021-10-02T13:36:56.780+09:00,HanSeunghun,KeyEvent,101:69:0,Assignment,Editor,D:/University/Java/Assignment/src/Week5/Cafe.java,Cafe::addBeverage,14,44,Default task
2021-10-02T13:36:57.037+09:00,HanSeunghun,KeyEvent,27:27:0,Assignment,Editor,D:/University/Java/Assignment/src/Week5/Cafe.java,Cafe::addBeverage,14,45,Default task
2021-10-02T13:36:57.309+09:00,HanSeunghun,Action,EditorRight,Assignment,Editor,D:/University/Java/Assignment/src/Week5/Cafe.java,Cafe::addBeverage,14,45,Default task
2021-10-02T13:36:57.309+09:00,HanSeunghun,KeyEvent,65535:39:0,Assignment,Editor,D:/University/Java/Assignment/src/Week5/Cafe.java,Cafe::addBeverage,14,46,Default task
2021-10-02T13:36:57.596+09:00,HanSeunghun,Action,EditorDown,Assignment,Editor,D:/University/Java/Assignment/src/Week5/Cafe.java,Cafe::addBeverage,14,46,Default task
2021-10-02T13:36:57.597+09:00,HanSeunghun,KeyEvent,65535:40:0,Assignment,Editor,D:/University/Java/Assignment/src/Week5/Cafe.java,Cafe::addBeverage,15,5,Default task
2021-10-02T13:36:57.805+09:00,HanSeunghun,Action,EditorDown,Assignment,Editor,D:/University/Java/Assignment/src/Week5/Cafe.java,Cafe::addBeverage,15,5,Default task
2021-10-02T13:36:57.806+09:00,HanSeunghun,KeyEvent,65535:40:0,Assignment,Editor,D:/University/Java/Assignment/src/Week5/Cafe.java,Cafe::addBeverage,16,24,Default task
2021-10-02T13:36:58.132+09:00,HanSeunghun,Action,EditorLeft,Assignment,Editor,D:/University/Java/Assignment/src/Week5/Cafe.java,Cafe::addBeverage,16,24,Default task
2021-10-02T13:36:58.132+09:00,HanSeunghun,KeyEvent,65535:37:0,Assignment,Editor,D:/University/Java/Assignment/src/Week5/Cafe.java,Cafe::addBeverage,16,23,Default task
2021-10-02T13:36:58.412+09:00,HanSeunghun,KeyEvent,98:66:0,Assignment,Editor,D:/University/Java/Assignment/src/Week5/Cafe.java,Cafe::addBeverage,16,23,Default task
2021-10-02T13:36:58.828+09:00,HanSeunghun,Action,EditorChooseLookupItem,Assignment,Editor,D:/University/Java/Assignment/src/Week5/Cafe.java,Cafe::addBeverage,16,24,Default task
2021-10-02T13:36:58.836+09:00,HanSeunghun,KeyEvent,10:10:0,Assignment,Editor,D:/University/Java/Assignment/src/Week5/Cafe.java,Cafe::addBeverage,16,31,Default task
2021-10-02T13:36:59.035+09:00,HanSeunghun,KeyEvent,46:46:0,Assignment,Editor,D:/University/Java/Assignment/src/Week5/Cafe.java,Cafe::addBeverage,16,31,Default task
2021-10-02T13:36:59.844+09:00,HanSeunghun,Action,EditorDown,Assignment,Editor,D:/University/Java/Assignment/src/Week5/Cafe.java,Cafe::addBeverage,16,32,Default task
2021-10-02T13:36:59.846+09:00,HanSeunghun,KeyEvent,65535:40:0,Assignment,Editor,D:/University/Java/Assignment/src/Week5/Cafe.java,Cafe::addBeverage,16,32,Default task
2021-10-02T13:37:00.084+09:00,HanSeunghun,Action,EditorDown,Assignment,Editor,D:/University/Java/Assignment/src/Week5/Cafe.java,Cafe::addBeverage,16,32,Default task
2021-10-02T13:37:00.086+09:00,HanSeunghun,KeyEvent,65535:40:0,Assignment,Editor,D:/University/Java/Assignment/src/Week5/Cafe.java,Cafe::addBeverage,16,32,Default task
2021-10-02T13:37:00.563+09:00,HanSeunghun,KeyEvent,110:78:0,Assignment,Editor,D:/University/Java/Assignment/src/Week5/Cafe.java,Cafe::addBeverage,16,32,Default task
2021-10-02T13:37:00.691+09:00,HanSeunghun,KeyEvent,97:65:0,Assignment,Editor,D:/University/Java/Assignment/src/Week5/Cafe.java,Cafe::addBeverage,16,33,Default task
2021-10-02T13:37:01.364+09:00,HanSeunghun,Action,EditorBackSpace,Assignment,Editor,D:/University/Java/Assignment/src/Week5/Cafe.java,Cafe::addBeverage,16,34,Default task
2021-10-02T13:37:01.369+09:00,HanSeunghun,KeyEvent,8:8:0,Assignment,Editor,D:/University/Java/Assignment/src/Week5/Cafe.java,Cafe::addBeverage,16,33,Default task
2021-10-02T13:37:01.547+09:00,HanSeunghun,Action,EditorBackSpace,Assignment,Editor,D:/University/Java/Assignment/src/Week5/Cafe.java,Cafe::addBeverage,16,33,Default task
2021-10-02T13:37:01.554+09:00,HanSeunghun,KeyEvent,8:8:0,Assignment,Editor,D:/University/Java/Assignment/src/Week5/Cafe.java,Cafe::addBeverage,16,32,Default task
2021-10-02T13:37:01.716+09:00,HanSeunghun,Action,EditorBackSpace,Assignment,Editor,D:/University/Java/Assignment/src/Week5/Cafe.java,Cafe::addBeverage,16,32,Default task
2021-10-02T13:37:01.721+09:00,HanSeunghun,KeyEvent,8:8:0,Assignment,Editor,D:/University/Java/Assignment/src/Week5/Cafe.java,Cafe::addBeverage,16,31,Default task
2021-10-02T13:37:02.452+09:00,HanSeunghun,Action,EditorBackSpace,Assignment,Editor,D:/University/Java/Assignment/src/Week5/Cafe.java,Cafe::addBeverage,16,31,Default task
2021-10-02T13:37:02.454+09:00,HanSeunghun,KeyEvent,8:8:0,Assignment,Editor,D:/University/Java/Assignment/src/Week5/Cafe.java,Cafe::addBeverage,16,30,Default task
2021-10-02T13:37:02.952+09:00,HanSeunghun,Action,EditorBackSpace,Assignment,Editor,D:/University/Java/Assignment/src/Week5/Cafe.java,Cafe::addBeverage,16,30,Default task
2021-10-02T13:37:02.954+09:00,HanSeunghun,KeyEvent,8:8:0,Assignment,Editor,D:/University/Java/Assignment/src/Week5/Cafe.java,Cafe::addBeverage,16,29,Default task
2021-10-02T13:37:02.985+09:00,HanSeunghun,Action,EditorBackSpace,Assignment,Editor,D:/University/Java/Assignment/src/Week5/Cafe.java,Cafe::addBeverage,16,29,Default task
2021-10-02T13:37:02.987+09:00,HanSeunghun,KeyEvent,8:8:0,Assignment,Editor,D:/University/Java/Assignment/src/Week5/Cafe.java,Cafe::addBeverage,16,28,Default task
2021-10-02T13:37:03.018+09:00,HanSeunghun,Action,EditorBackSpace,Assignment,Editor,D:/University/Java/Assignment/src/Week5/Cafe.java,Cafe::addBeverage,16,28,Default task
2021-10-02T13:37:03.019+09:00,HanSeunghun,KeyEvent,8:8:0,Assignment,Editor,D:/University/Java/Assignment/src/Week5/Cafe.java,Cafe::addBeverage,16,27,Default task
2021-10-02T13:37:03.050+09:00,HanSeunghun,Action,EditorBackSpace,Assignment,Editor,D:/University/Java/Assignment/src/Week5/Cafe.java,Cafe::addBeverage,16,27,Default task
2021-10-02T13:37:03.052+09:00,HanSeunghun,KeyEvent,8:8:0,Assignment,Editor,D:/University/Java/Assignment/src/Week5/Cafe.java,Cafe::addBeverage,16,26,Default task
2021-10-02T13:37:03.083+09:00,HanSeunghun,Action,EditorBackSpace,Assignment,Editor,D:/University/Java/Assignment/src/Week5/Cafe.java,Cafe::addBeverage,16,26,Default task
2021-10-02T13:37:03.085+09:00,HanSeunghun,KeyEvent,8:8:0,Assignment,Editor,D:/University/Java/Assignment/src/Week5/Cafe.java,Cafe::addBeverage,16,25,Default task
2021-10-02T13:37:03.117+09:00,HanSeunghun,Action,EditorBackSpace,Assignment,Editor,D:/University/Java/Assignment/src/Week5/Cafe.java,Cafe::addBeverage,16,25,Default task
2021-10-02T13:37:03.118+09:00,HanSeunghun,KeyEvent,8:8:0,Assignment,Editor,D:/University/Java/Assignment/src/Week5/Cafe.java,Cafe::addBeverage,16,24,Default task
2021-10-02T13:37:03.396+09:00,HanSeunghun,Action,EditorBackSpace,Assignment,Editor,D:/University/Java/Assignment/src/Week5/Cafe.java,Cafe::addBeverage,16,24,Default task
2021-10-02T13:37:03.397+09:00,HanSeunghun,KeyEvent,8:8:0,Assignment,Editor,D:/University/Java/Assignment/src/Week5/Cafe.java,Cafe::addBeverage,16,23,Default task
2021-10-02T13:37:03.916+09:00,HanSeunghun,Action,EditorLineEnd,Assignment,Editor,D:/University/Java/Assignment/src/Week5/Cafe.java,Cafe::addBeverage,16,23,Default task
2021-10-02T13:37:03.916+09:00,HanSeunghun,KeyEvent,65535:35:0,Assignment,Editor,D:/University/Java/Assignment/src/Week5/Cafe.java,Cafe::addBeverage,16,24,Default task
2021-10-02T13:37:04.244+09:00,HanSeunghun,KeyEvent,59:59:0,Assignment,Editor,D:/University/Java/Assignment/src/Week5/Cafe.java,Cafe::addBeverage,16,24,Default task
2021-10-02T13:37:04.614+09:00,HanSeunghun,Action,EditorDown,Assignment,Editor,D:/University/Java/Assignment/src/Week5/Cafe.java,Cafe::addBeverage,16,25,Default task
2021-10-02T13:37:04.615+09:00,HanSeunghun,KeyEvent,65535:40:0,Assignment,Editor,D:/University/Java/Assignment/src/Week5/Cafe.java,,17,5,Default task
2021-10-02T13:37:04.851+09:00,HanSeunghun,KeyEvent,65535:17:2,Assignment,Editor,D:/University/Java/Assignment/src/Week5/Cafe.java,,17,5,Default task
2021-10-02T13:37:04.972+09:00,HanSeunghun,Action,SaveAll,Assignment,Editor,D:/University/Java/Assignment/src/Week5/Cafe.java,,17,5,Default task
2021-10-02T13:37:05.224+09:00,HanSeunghun,KeyEvent,19:83:2,Assignment,Editor,D:/University/Java/Assignment/src/Week5/Cafe.java,Cafe::addBeverage,17,5,Default task
2021-10-02T13:37:08.119+09:00,HanSeunghun,Action,EditorEnter,Assignment,Editor,D:/University/Java/Assignment/src/Week5/Cafe.java,,17,5,Default task
2021-10-02T13:37:08.121+09:00,HanSeunghun,KeyEvent,10:10:0,Assignment,Editor,D:/University/Java/Assignment/src/Week5/Cafe.java,,18,4,Default task
2021-10-02T13:37:09.156+09:00,HanSeunghun,KeyEvent,112:80:0,Assignment,Editor,D:/University/Java/Assignment/src/Week5/Cafe.java,,18,4,Default task
2021-10-02T13:37:09.259+09:00,HanSeunghun,KeyEvent,117:85:0,Assignment,Editor,D:/University/Java/Assignment/src/Week5/Cafe.java,,18,5,Default task
2021-10-02T13:37:09.388+09:00,HanSeunghun,KeyEvent,98:66:0,Assignment,Editor,D:/University/Java/Assignment/src/Week5/Cafe.java,,18,6,Default task
2021-10-02T13:37:09.500+09:00,HanSeunghun,KeyEvent,108:76:0,Assignment,Editor,D:/University/Java/Assignment/src/Week5/Cafe.java,,18,7,Default task
2021-10-02T13:37:09.571+09:00,HanSeunghun,KeyEvent,105:73:0,Assignment,Editor,D:/University/Java/Assignment/src/Week5/Cafe.java,,18,8,Default task
2021-10-02T13:37:09.683+09:00,HanSeunghun,KeyEvent,99:67:0,Assignment,Editor,D:/University/Java/Assignment/src/Week5/Cafe.java,,18,9,Default task
2021-10-02T13:37:09.820+09:00,HanSeunghun,KeyEvent,32:32:0,Assignment,Editor,D:/University/Java/Assignment/src/Week5/Cafe.java,Cafe::toString,18,10,Default task
2021-10-02T13:37:10.115+09:00,HanSeunghun,KeyEvent,118:86:0,Assignment,Editor,D:/University/Java/Assignment/src/Week5/Cafe.java,Cafe::toString,18,11,Default task
2021-10-02T13:37:10.845+09:00,HanSeunghun,Action,EditorBackSpace,Assignment,Editor,D:/University/Java/Assignment/src/Week5/Cafe.java,,18,12,Default task
2021-10-02T13:37:10.848+09:00,HanSeunghun,KeyEvent,8:8:0,Assignment,Editor,D:/University/Java/Assignment/src/Week5/Cafe.java,,18,11,Default task
2021-10-02T13:37:11.132+09:00,HanSeunghun,KeyEvent,65535:20:0,Assignment,Editor,D:/University/Java/Assignment/src/Week5/Cafe.java,Cafe::toString,18,11,Default task
2021-10-02T13:37:11.323+09:00,HanSeunghun,KeyEvent,66:66:0,Assignment,Editor,D:/University/Java/Assignment/src/Week5/Cafe.java,Cafe::toString,18,11,Default task
2021-10-02T13:37:11.868+09:00,HanSeunghun,KeyEvent,65535:20:0,Assignment,Editor,D:/University/Java/Assignment/src/Week5/Cafe.java,,18,12,Default task
2021-10-02T13:37:12.899+09:00,HanSeunghun,KeyEvent,101:69:0,Assignment,Editor,D:/University/Java/Assignment/src/Week5/Cafe.java,,18,12,Default task
2021-10-02T13:37:13.092+09:00,HanSeunghun,KeyEvent,118:86:0,Assignment,Editor,D:/University/Java/Assignment/src/Week5/Cafe.java,,18,13,Default task
2021-10-02T13:37:13.194+09:00,HanSeunghun,KeyEvent,101:69:0,Assignment,Editor,D:/University/Java/Assignment/src/Week5/Cafe.java,,18,14,Default task
2021-10-02T13:37:13.556+09:00,HanSeunghun,Action,EditorChooseLookupItem,Assignment,Editor,D:/University/Java/Assignment/src/Week5/Cafe.java,,18,15,Default task
2021-10-02T13:37:13.565+09:00,HanSeunghun,KeyEvent,10:10:0,Assignment,Editor,D:/University/Java/Assignment/src/Week5/Cafe.java,,18,19,Default task
2021-10-02T13:37:13.907+09:00,HanSeunghun,KeyEvent,32:32:0,Assignment,Editor,D:/University/Java/Assignment/src/Week5/Cafe.java,,18,19,Default task
2021-10-02T13:37:14.083+09:00,HanSeunghun,KeyEvent,65535:20:0,Assignment,Editor,D:/University/Java/Assignment/src/Week5/Cafe.java,,18,20,Default task
2021-10-02T13:37:14.259+09:00,HanSeunghun,KeyEvent,70:70:0,Assignment,Editor,D:/University/Java/Assignment/src/Week5/Cafe.java,,18,20,Default task
2021-10-02T13:37:14.380+09:00,HanSeunghun,KeyEvent,65535:20:0,Assignment,Editor,D:/University/Java/Assignment/src/Week5/Cafe.java,,18,21,Default task
2021-10-02T13:37:14.892+09:00,HanSeunghun,Action,EditorBackSpace,Assignment,Editor,D:/University/Java/Assignment/src/Week5/Cafe.java,,18,21,Default task
2021-10-02T13:37:14.893+09:00,HanSeunghun,KeyEvent,8:8:0,Assignment,Editor,D:/University/Java/Assignment/src/Week5/Cafe.java,,18,20,Default task
2021-10-02T13:37:15.075+09:00,HanSeunghun,KeyEvent,102:70:0,Assignment,Editor,D:/University/Java/Assignment/src/Week5/Cafe.java,,18,20,Default task
2021-10-02T13:37:15.405+09:00,HanSeunghun,Action,EditorBackSpace,Assignment,Editor,D:/University/Java/Assignment/src/Week5/Cafe.java,,18,21,Default task
2021-10-02T13:37:15.410+09:00,HanSeunghun,KeyEvent,8:8:0,Assignment,Editor,D:/University/Java/Assignment/src/Week5/Cafe.java,,18,20,Default task
2021-10-02T13:37:15.627+09:00,HanSeunghun,KeyEvent,102:70:0,Assignment,Editor,D:/University/Java/Assignment/src/Week5/Cafe.java,,18,20,Default task
2021-10-02T13:37:15.915+09:00,HanSeunghun,KeyEvent,105:73:0,Assignment,Editor,D:/University/Java/Assignment/src/Week5/Cafe.java,,18,21,Default task
2021-10-02T13:37:16.315+09:00,HanSeunghun,KeyEvent,110:78:0,Assignment,Editor,D:/University/Java/Assignment/src/Week5/Cafe.java,,18,22,Default task
2021-10-02T13:37:17.172+09:00,HanSeunghun,KeyEvent,100:68:0,Assignment,Editor,D:/University/Java/Assignment/src/Week5/Cafe.java,,18,23,Default task
2021-10-02T13:37:18.067+09:00,HanSeunghun,KeyEvent,65535:20:0,Assignment,Editor,D:/University/Java/Assignment/src/Week5/Cafe.java,,18,24,Default task
2021-10-02T13:37:18.324+09:00,HanSeunghun,KeyEvent,66:66:0,Assignment,Editor,D:/University/Java/Assignment/src/Week5/Cafe.java,,18,24,Default task
2021-10-02T13:37:18.493+09:00,HanSeunghun,KeyEvent,65535:20:0,Assignment,Editor,D:/University/Java/Assignment/src/Week5/Cafe.java,,18,25,Default task
2021-10-02T13:37:18.644+09:00,HanSeunghun,KeyEvent,101:69:0,Assignment,Editor,D:/University/Java/Assignment/src/Week5/Cafe.java,,18,25,Default task
2021-10-02T13:37:18.931+09:00,HanSeunghun,KeyEvent,118:86:0,Assignment,Editor,D:/University/Java/Assignment/src/Week5/Cafe.java,,18,26,Default task
2021-10-02T13:37:19.020+09:00,HanSeunghun,KeyEvent,101:69:0,Assignment,Editor,D:/University/Java/Assignment/src/Week5/Cafe.java,,18,27,Default task
2021-10-02T13:37:19.155+09:00,HanSeunghun,KeyEvent,114:82:0,Assignment,Editor,D:/University/Java/Assignment/src/Week5/Cafe.java,,18,28,Default task
2021-10-02T13:37:19.275+09:00,HanSeunghun,KeyEvent,97:65:0,Assignment,Editor,D:/University/Java/Assignment/src/Week5/Cafe.java,,18,29,Default task
2021-10-02T13:37:19.387+09:00,HanSeunghun,KeyEvent,103:71:0,Assignment,Editor,D:/University/Java/Assignment/src/Week5/Cafe.java,,18,30,Default task
2021-10-02T13:37:19.484+09:00,HanSeunghun,KeyEvent,101:69:0,Assignment,Editor,D:/University/Java/Assignment/src/Week5/Cafe.java,,18,31,Default task
2021-10-02T13:37:19.780+09:00,HanSeunghun,KeyEvent,27:27:0,Assignment,Editor,D:/University/Java/Assignment/src/Week5/Cafe.java,,18,32,Default task
2021-10-02T13:37:19.972+09:00,HanSeunghun,KeyEvent,65535:16:1,Assignment,Editor,D:/University/Java/Assignment/src/Week5/Cafe.java,,18,32,Default task
2021-10-02T13:37:20.300+09:00,HanSeunghun,KeyEvent,40:57:1,Assignment,Editor,D:/University/Java/Assignment/src/Week5/Cafe.java,,18,32,Default task
2021-10-02T13:37:20.636+09:00,HanSeunghun,KeyEvent,41:48:1,Assignment,Editor,D:/University/Java/Assignment/src/Week5/Cafe.java,Cafe::findBeverage,18,33,Default task
2021-10-02T13:37:20.932+09:00,HanSeunghun,Action,EditorEnter,Assignment,Editor,D:/University/Java/Assignment/src/Week5/Cafe.java,,18,34,Default task
2021-10-02T13:37:20.936+09:00,HanSeunghun,KeyEvent,10:10:0,Assignment,Editor,D:/University/Java/Assignment/src/Week5/Cafe.java,,19,8,Default task
2021-10-02T13:37:21.262+09:00,HanSeunghun,KeyEvent,65535:16:1,Assignment,Editor,D:/University/Java/Assignment/src/Week5/Cafe.java,,19,8,Default task
2021-10-02T13:37:21.483+09:00,HanSeunghun,KeyEvent,123:91:1,Assignment,Editor,D:/University/Java/Assignment/src/Week5/Cafe.java,,19,8,Default task
2021-10-02T13:37:21.709+09:00,HanSeunghun,Action,EditorEnter,Assignment,Editor,D:/University/Java/Assignment/src/Week5/Cafe.java,Cafe::findBeverage,19,5,Default task
2021-10-02T13:37:21.713+09:00,HanSeunghun,KeyEvent,10:10:0,Assignment,Editor,D:/University/Java/Assignment/src/Week5/Cafe.java,,20,8,Default task
2021-10-02T13:37:23.667+09:00,HanSeunghun,Action,EditorDown,Assignment,Editor,D:/University/Java/Assignment/src/Week5/Cafe.java,Cafe::findBeverage,20,8,Default task
2021-10-02T13:37:23.668+09:00,HanSeunghun,KeyEvent,65535:40:0,Assignment,Editor,D:/University/Java/Assignment/src/Week5/Cafe.java,,21,5,Default task
2021-10-02T13:37:23.948+09:00,HanSeunghun,Action,EditorEnter,Assignment,Editor,D:/University/Java/Assignment/src/Week5/Cafe.java,,21,5,Default task
2021-10-02T13:37:23.950+09:00,HanSeunghun,KeyEvent,10:10:0,Assignment,Editor,D:/University/Java/Assignment/src/Week5/Cafe.java,,22,4,Default task
2021-10-02T13:37:24.243+09:00,HanSeunghun,KeyEvent,112:80:0,Assignment,Editor,D:/University/Java/Assignment/src/Week5/Cafe.java,,22,4,Default task
2021-10-02T13:37:24.444+09:00,HanSeunghun,KeyEvent,117:85:0,Assignment,Editor,D:/University/Java/Assignment/src/Week5/Cafe.java,,22,5,Default task
2021-10-02T13:37:24.563+09:00,HanSeunghun,KeyEvent,98:66:0,Assignment,Editor,D:/University/Java/Assignment/src/Week5/Cafe.java,,22,6,Default task
2021-10-02T13:37:24.669+09:00,HanSeunghun,KeyEvent,108:76:0,Assignment,Editor,D:/University/Java/Assignment/src/Week5/Cafe.java,,22,7,Default task
2021-10-02T13:37:24.803+09:00,HanSeunghun,KeyEvent,105:73:0,Assignment,Editor,D:/University/Java/Assignment/src/Week5/Cafe.java,,22,8,Default task
2021-10-02T13:37:24.931+09:00,HanSeunghun,KeyEvent,99:67:0,Assignment,Editor,D:/University/Java/Assignment/src/Week5/Cafe.java,,22,9,Default task
2021-10-02T13:37:25.061+09:00,HanSeunghun,KeyEvent,32:32:0,Assignment,Editor,D:/University/Java/Assignment/src/Week5/Cafe.java,Cafe::toString,22,10,Default task
2021-10-02T13:37:25.652+09:00,HanSeunghun,KeyEvent,118:86:0,Assignment,Editor,D:/University/Java/Assignment/src/Week5/Cafe.java,Cafe::toString,22,11,Default task
2021-10-02T13:37:25.757+09:00,HanSeunghun,KeyEvent,111:79:0,Assignment,Editor,D:/University/Java/Assignment/src/Week5/Cafe.java,,22,12,Default task
2021-10-02T13:37:26.030+09:00,HanSeunghun,KeyEvent,105:73:0,Assignment,Editor,D:/University/Java/Assignment/src/Week5/Cafe.java,,22,13,Default task
2021-10-02T13:37:26.132+09:00,HanSeunghun,KeyEvent,100:68:0,Assignment,Editor,D:/University/Java/Assignment/src/Week5/Cafe.java,,22,14,Default task
2021-10-02T13:37:26.284+09:00,HanSeunghun,KeyEvent,32:32:0,Assignment,Editor,D:/University/Java/Assignment/src/Week5/Cafe.java,,22,15,Default task
2021-10-02T13:37:26.341+09:00,HanSeunghun,KeyEvent,65535:20:0,Assignment,Editor,D:/University/Java/Assignment/src/Week5/Cafe.java,,22,16,Default task
2021-10-02T13:37:26.476+09:00,HanSeunghun,KeyEvent,82:82:0,Assignment,Editor,D:/University/Java/Assignment/src/Week5/Cafe.java,,22,16,Default task
2021-10-02T13:37:26.595+09:00,HanSeunghun,KeyEvent,65535:20:0,Assignment,Editor,D:/University/Java/Assignment/src/Week5/Cafe.java,,22,17,Default task
2021-10-02T13:37:26.668+09:00,HanSeunghun,KeyEvent,101:69:0,Assignment,Editor,D:/University/Java/Assignment/src/Week5/Cafe.java,,22,17,Default task
2021-10-02T13:37:26.851+09:00,HanSeunghun,KeyEvent,109:77:0,Assignment,Editor,D:/University/Java/Assignment/src/Week5/Cafe.java,,22,18,Default task
2021-10-02T13:37:26.932+09:00,HanSeunghun,KeyEvent,111:79:0,Assignment,Editor,D:/University/Java/Assignment/src/Week5/Cafe.java,,22,19,Default task
2021-10-02T13:37:27.235+09:00,HanSeunghun,Action,EditorBackSpace,Assignment,Editor,D:/University/Java/Assignment/src/Week5/Cafe.java,,22,20,Default task
2021-10-02T13:37:27.236+09:00,HanSeunghun,KeyEvent,8:8:0,Assignment,Editor,D:/University/Java/Assignment/src/Week5/Cafe.java,,22,19,Default task
2021-10-02T13:37:27.412+09:00,HanSeunghun,Action,EditorBackSpace,Assignment,Editor,D:/University/Java/Assignment/src/Week5/Cafe.java,,22,19,Default task
2021-10-02T13:37:27.413+09:00,HanSeunghun,KeyEvent,8:8:0,Assignment,Editor,D:/University/Java/Assignment/src/Week5/Cafe.java,,22,18,Default task
2021-10-02T13:37:27.572+09:00,HanSeunghun,Action,EditorBackSpace,Assignment,Editor,D:/University/Java/Assignment/src/Week5/Cafe.java,,22,18,Default task
2021-10-02T13:37:27.573+09:00,HanSeunghun,KeyEvent,8:8:0,Assignment,Editor,D:/University/Java/Assignment/src/Week5/Cafe.java,,22,17,Default task
2021-10-02T13:37:27.731+09:00,HanSeunghun,Action,EditorBackSpace,Assignment,Editor,D:/University/Java/Assignment/src/Week5/Cafe.java,,22,17,Default task
2021-10-02T13:37:27.732+09:00,HanSeunghun,KeyEvent,8:8:0,Assignment,Editor,D:/University/Java/Assignment/src/Week5/Cafe.java,,22,16,Default task
2021-10-02T13:37:27.819+09:00,HanSeunghun,KeyEvent,114:82:0,Assignment,Editor,D:/University/Java/Assignment/src/Week5/Cafe.java,,22,16,Default task
2021-10-02T13:37:27.900+09:00,HanSeunghun,KeyEvent,101:69:0,Assignment,Editor,D:/University/Java/Assignment/src/Week5/Cafe.java,,22,17,Default task
2021-10-02T13:37:28.035+09:00,HanSeunghun,KeyEvent,109:77:0,Assignment,Editor,D:/University/Java/Assignment/src/Week5/Cafe.java,,22,18,Default task
2021-10-02T13:37:28.099+09:00,HanSeunghun,KeyEvent,111:79:0,Assignment,Editor,D:/University/Java/Assignment/src/Week5/Cafe.java,,22,19,Default task
2021-10-02T13:37:28.203+09:00,HanSeunghun,KeyEvent,118:86:0,Assignment,Editor,D:/University/Java/Assignment/src/Week5/Cafe.java,,22,20,Default task
2021-10-02T13:37:28.276+09:00,HanSeunghun,KeyEvent,101:69:0,Assignment,Editor,D:/University/Java/Assignment/src/Week5/Cafe.java,,22,21,Default task
2021-10-02T13:37:28.707+09:00,HanSeunghun,KeyEvent,65535:20:0,Assignment,Editor,D:/University/Java/Assignment/src/Week5/Cafe.java,,22,22,Default task
2021-10-02T13:37:28.908+09:00,HanSeunghun,KeyEvent,65:65:0,Assignment,Editor,D:/University/Java/Assignment/src/Week5/Cafe.java,,22,22,Default task
2021-10-02T13:37:29.036+09:00,HanSeunghun,KeyEvent,65535:20:0,Assignment,Editor,D:/University/Java/Assignment/src/Week5/Cafe.java,,22,23,Default task
2021-10-02T13:37:29.188+09:00,HanSeunghun,KeyEvent,108:76:0,Assignment,Editor,D:/University/Java/Assignment/src/Week5/Cafe.java,,22,23,Default task
2021-10-02T13:37:29.366+09:00,HanSeunghun,KeyEvent,108:76:0,Assignment,Editor,D:/University/Java/Assignment/src/Week5/Cafe.java,,22,24,Default task
2021-10-02T13:37:29.411+09:00,HanSeunghun,KeyEvent,65535:20:0,Assignment,Editor,D:/University/Java/Assignment/src/Week5/Cafe.java,,22,25,Default task
2021-10-02T13:37:29.539+09:00,HanSeunghun,KeyEvent,66:66:0,Assignment,Editor,D:/University/Java/Assignment/src/Week5/Cafe.java,,22,25,Default task
2021-10-02T13:37:29.652+09:00,HanSeunghun,KeyEvent,65535:20:0,Assignment,Editor,D:/University/Java/Assignment/src/Week5/Cafe.java,,22,26,Default task
2021-10-02T13:37:29.766+09:00,HanSeunghun,KeyEvent,101:69:0,Assignment,Editor,D:/University/Java/Assignment/src/Week5/Cafe.java,,22,26,Default task
2021-10-02T13:37:30.044+09:00,HanSeunghun,KeyEvent,118:86:0,Assignment,Editor,D:/University/Java/Assignment/src/Week5/Cafe.java,,22,27,Default task
2021-10-02T13:37:30.124+09:00,HanSeunghun,KeyEvent,101:69:0,Assignment,Editor,D:/University/Java/Assignment/src/Week5/Cafe.java,,22,28,Default task
2021-10-02T13:37:30.235+09:00,HanSeunghun,KeyEvent,114:82:0,Assignment,Editor,D:/University/Java/Assignment/src/Week5/Cafe.java,,22,29,Default task
2021-10-02T13:37:30.340+09:00,HanSeunghun,KeyEvent,97:65:0,Assignment,Editor,D:/University/Java/Assignment/src/Week5/Cafe.java,,22,30,Default task
2021-10-02T13:37:30.443+09:00,HanSeunghun,KeyEvent,103:71:0,Assignment,Editor,D:/University/Java/Assignment/src/Week5/Cafe.java,,22,31,Default task
2021-10-02T13:37:30.532+09:00,HanSeunghun,KeyEvent,101:69:0,Assignment,Editor,D:/University/Java/Assignment/src/Week5/Cafe.java,,22,32,Default task
2021-10-02T13:37:30.835+09:00,HanSeunghun,KeyEvent,65535:16:1,Assignment,Editor,D:/University/Java/Assignment/src/Week5/Cafe.java,,22,33,Default task
2021-10-02T13:37:31.101+09:00,HanSeunghun,KeyEvent,40:57:1,Assignment,Editor,D:/University/Java/Assignment/src/Week5/Cafe.java,,22,33,Default task
2021-10-02T13:37:31.259+09:00,HanSeunghun,KeyEvent,41:48:1,Assignment,Editor,D:/University/Java/Assignment/src/Week5/Cafe.java,Cafe::removeAllBeverage,22,34,Default task
2021-10-02T13:37:31.493+09:00,HanSeunghun,Action,EditorEnter,Assignment,Editor,D:/University/Java/Assignment/src/Week5/Cafe.java,,22,35,Default task
2021-10-02T13:37:31.496+09:00,HanSeunghun,KeyEvent,10:10:0,Assignment,Editor,D:/University/Java/Assignment/src/Week5/Cafe.java,,23,8,Default task
2021-10-02T13:37:31.715+09:00,HanSeunghun,KeyEvent,65535:16:1,Assignment,Editor,D:/University/Java/Assignment/src/Week5/Cafe.java,,23,8,Default task
2021-10-02T13:37:31.819+09:00,HanSeunghun,KeyEvent,123:91:1,Assignment,Editor,D:/University/Java/Assignment/src/Week5/Cafe.java,,23,8,Default task
2021-10-02T13:37:32.004+09:00,HanSeunghun,Action,EditorEnter,Assignment,Editor,D:/University/Java/Assignment/src/Week5/Cafe.java,Cafe::removeAllBeverage,23,5,Default task
2021-10-02T13:37:32.009+09:00,HanSeunghun,KeyEvent,10:10:0,Assignment,Editor,D:/University/Java/Assignment/src/Week5/Cafe.java,,24,8,Default task
2021-10-02T13:37:32.340+09:00,HanSeunghun,Action,EditorDown,Assignment,Editor,D:/University/Java/Assignment/src/Week5/Cafe.java,Cafe::removeAllBeverage,24,8,Default task
2021-10-02T13:37:32.341+09:00,HanSeunghun,KeyEvent,65535:40:0,Assignment,Editor,D:/University/Java/Assignment/src/Week5/Cafe.java,,25,5,Default task
2021-10-02T13:37:54.291+09:00,HanSeunghun,KeyEvent,65535:17:2,Assignment,Editor,D:/University/Java/Assignment/src/Week5/Cafe.java,Cafe::removeAllBeverage,24,8,Default task
2021-10-02T13:37:54.444+09:00,HanSeunghun,Action,SaveAll,Assignment,Editor,D:/University/Java/Assignment/src/Week5/Cafe.java,Cafe::removeAllBeverage,24,8,Default task
2021-10-02T13:37:54.452+09:00,HanSeunghun,KeyEvent,19:83:2,Assignment,Editor,D:/University/Java/Assignment/src/Week5/Cafe.java,Cafe::removeAllBeverage,24,8,Default task
2021-10-02T13:38:01.332+09:00,HanSeunghun,Action,EditorEnter,Assignment,Editor,D:/University/Java/Assignment/src/Week5/Beverage.java,,2,23,Default task
2021-10-02T13:38:01.335+09:00,HanSeunghun,KeyEvent,10:10:0,Assignment,Editor,D:/University/Java/Assignment/src/Week5/Beverage.java,,3,4,Default task
2021-10-02T13:38:01.875+09:00,HanSeunghun,KeyEvent,112:80:0,Assignment,Editor,D:/University/Java/Assignment/src/Week5/Beverage.java,,3,4,Default task
2021-10-02T13:38:01.972+09:00,HanSeunghun,KeyEvent,114:82:0,Assignment,Editor,D:/University/Java/Assignment/src/Week5/Beverage.java,,3,5,Default task
2021-10-02T13:38:02.060+09:00,HanSeunghun,KeyEvent,105:73:0,Assignment,Editor,D:/University/Java/Assignment/src/Week5/Beverage.java,,3,6,Default task
2021-10-02T13:38:02.163+09:00,HanSeunghun,KeyEvent,118:86:0,Assignment,Editor,D:/University/Java/Assignment/src/Week5/Beverage.java,,3,7,Default task
2021-10-02T13:38:02.196+09:00,HanSeunghun,KeyEvent,97:65:0,Assignment,Editor,D:/University/Java/Assignment/src/Week5/Beverage.java,,3,8,Default task
2021-10-02T13:38:02.323+09:00,HanSeunghun,KeyEvent,116:84:0,Assignment,Editor,D:/University/Java/Assignment/src/Week5/Beverage.java,,3,9,Default task
2021-10-02T13:38:02.411+09:00,HanSeunghun,KeyEvent,101:69:0,Assignment,Editor,D:/University/Java/Assignment/src/Week5/Beverage.java,,3,10,Default task
2021-10-02T13:38:02.515+09:00,HanSeunghun,KeyEvent,32:32:0,Assignment,Editor,D:/University/Java/Assignment/src/Week5/Beverage.java,,3,11,Default task
2021-10-02T13:38:02.579+09:00,HanSeunghun,KeyEvent,65535:20:0,Assignment,Editor,D:/University/Java/Assignment/src/Week5/Beverage.java,,3,12,Default task
2021-10-02T13:38:02.667+09:00,HanSeunghun,KeyEvent,83:83:0,Assignment,Editor,D:/University/Java/Assignment/src/Week5/Beverage.java,,3,12,Default task
2021-10-02T13:38:02.836+09:00,HanSeunghun,KeyEvent,65535:20:0,Assignment,Editor,D:/University/Java/Assignment/src/Week5/Beverage.java,,3,13,Default task
2021-10-02T13:38:02.916+09:00,HanSeunghun,KeyEvent,116:84:0,Assignment,Editor,D:/University/Java/Assignment/src/Week5/Beverage.java,,3,13,Default task
2021-10-02T13:38:03.140+09:00,HanSeunghun,KeyEvent,114:82:0,Assignment,Editor,D:/University/Java/Assignment/src/Week5/Beverage.java,,3,14,Default task
2021-10-02T13:38:03.251+09:00,HanSeunghun,KeyEvent,105:73:0,Assignment,Editor,D:/University/Java/Assignment/src/Week5/Beverage.java,,3,15,Default task
2021-10-02T13:38:03.427+09:00,HanSeunghun,KeyEvent,110:78:0,Assignment,Editor,D:/University/Java/Assignment/src/Week5/Beverage.java,,3,16,Default task
2021-10-02T13:38:03.555+09:00,HanSeunghun,KeyEvent,103:71:0,Assignment,Editor,D:/University/Java/Assignment/src/Week5/Beverage.java,,3,17,Default task
2021-10-02T13:38:03.708+09:00,HanSeunghun,KeyEvent,32:32:0,Assignment,Editor,D:/University/Java/Assignment/src/Week5/Beverage.java,,3,18,Default task
2021-10-02T13:38:04.292+09:00,HanSeunghun,KeyEvent,116:84:0,Assignment,Editor,D:/University/Java/Assignment/src/Week5/Beverage.java,,3,19,Default task
2021-10-02T13:38:04.387+09:00,HanSeunghun,KeyEvent,121:89:0,Assignment,Editor,D:/University/Java/Assignment/src/Week5/Beverage.java,,3,20,Default task
2021-10-02T13:38:04.547+09:00,HanSeunghun,KeyEvent,112:80:0,Assignment,Editor,D:/University/Java/Assignment/src/Week5/Beverage.java,,3,21,Default task
2021-10-02T13:38:04.650+09:00,HanSeunghun,KeyEvent,101:69:0,Assignment,Editor,D:/University/Java/Assignment/src/Week5/Beverage.java,,3,22,Default task
2021-10-02T13:38:04.827+09:00,HanSeunghun,KeyEvent,59:59:0,Assignment,Editor,D:/University/Java/Assignment/src/Week5/Beverage.java,,3,23,Default task
2021-10-02T13:38:05.012+09:00,HanSeunghun,Action,EditorEnter,Assignment,Editor,D:/University/Java/Assignment/src/Week5/Beverage.java,,3,24,Default task
2021-10-02T13:38:05.014+09:00,HanSeunghun,KeyEvent,10:10:0,Assignment,Editor,D:/University/Java/Assignment/src/Week5/Beverage.java,,4,4,Default task
2021-10-02T13:38:05.323+09:00,HanSeunghun,KeyEvent,112:80:0,Assignment,Editor,D:/University/Java/Assignment/src/Week5/Beverage.java,,4,4,Default task
2021-10-02T13:38:05.372+09:00,HanSeunghun,KeyEvent,114:82:0,Assignment,Editor,D:/University/Java/Assignment/src/Week5/Beverage.java,,4,5,Default task
2021-10-02T13:38:05.516+09:00,HanSeunghun,KeyEvent,105:73:0,Assignment,Editor,D:/University/Java/Assignment/src/Week5/Beverage.java,,4,6,Default task
2021-10-02T13:38:05.641+09:00,HanSeunghun,KeyEvent,118:86:0,Assignment,Editor,D:/University/Java/Assignment/src/Week5/Beverage.java,,4,7,Default task
2021-10-02T13:38:05.699+09:00,HanSeunghun,KeyEvent,97:65:0,Assignment,Editor,D:/University/Java/Assignment/src/Week5/Beverage.java,,4,8,Default task
2021-10-02T13:38:05.819+09:00,HanSeunghun,KeyEvent,116:84:0,Assignment,Editor,D:/University/Java/Assignment/src/Week5/Beverage.java,,4,9,Default task
2021-10-02T13:38:05.915+09:00,HanSeunghun,KeyEvent,101:69:0,Assignment,Editor,D:/University/Java/Assignment/src/Week5/Beverage.java,,4,10,Default task
2021-10-02T13:38:06.036+09:00,HanSeunghun,KeyEvent,32:32:0,Assignment,Editor,D:/University/Java/Assignment/src/Week5/Beverage.java,,4,11,Default task
2021-10-02T13:38:06.156+09:00,HanSeunghun,KeyEvent,65535:20:0,Assignment,Editor,D:/University/Java/Assignment/src/Week5/Beverage.java,,4,12,Default task
2021-10-02T13:38:06.275+09:00,HanSeunghun,KeyEvent,83:83:0,Assignment,Editor,D:/University/Java/Assignment/src/Week5/Beverage.java,,4,12,Default task
2021-10-02T13:38:06.415+09:00,HanSeunghun,KeyEvent,65535:20:0,Assignment,Editor,D:/University/Java/Assignment/src/Week5/Beverage.java,,4,13,Default task
2021-10-02T13:38:06.504+09:00,HanSeunghun,KeyEvent,116:84:0,Assignment,Editor,D:/University/Java/Assignment/src/Week5/Beverage.java,,4,13,Default task
2021-10-02T13:38:06.644+09:00,HanSeunghun,KeyEvent,114:82:0,Assignment,Editor,D:/University/Java/Assignment/src/Week5/Beverage.java,,4,14,Default task
2021-10-02T13:38:06.715+09:00,HanSeunghun,KeyEvent,105:73:0,Assignment,Editor,D:/University/Java/Assignment/src/Week5/Beverage.java,,4,15,Default task
2021-10-02T13:38:06.851+09:00,HanSeunghun,KeyEvent,110:78:0,Assignment,Editor,D:/University/Java/Assignment/src/Week5/Beverage.java,,4,16,Default task
2021-10-02T13:38:06.899+09:00,HanSeunghun,KeyEvent,103:71:0,Assignment,Editor,D:/University/Java/Assignment/src/Week5/Beverage.java,,4,17,Default task
2021-10-02T13:38:06.995+09:00,HanSeunghun,KeyEvent,32:32:0,Assignment,Editor,D:/University/Java/Assignment/src/Week5/Beverage.java,,4,18,Default task
2021-10-02T13:38:07.092+09:00,HanSeunghun,KeyEvent,110:78:0,Assignment,Editor,D:/University/Java/Assignment/src/Week5/Beverage.java,,4,19,Default task
2021-10-02T13:38:07.187+09:00,HanSeunghun,KeyEvent,97:65:0,Assignment,Editor,D:/University/Java/Assignment/src/Week5/Beverage.java,,4,20,Default task
2021-10-02T13:38:07.340+09:00,HanSeunghun,KeyEvent,109:77:0,Assignment,Editor,D:/University/Java/Assignment/src/Week5/Beverage.java,,4,21,Default task
2021-10-02T13:38:07.411+09:00,HanSeunghun,KeyEvent,101:69:0,Assignment,Editor,D:/University/Java/Assignment/src/Week5/Beverage.java,,4,22,Default task
2021-10-02T13:38:07.580+09:00,HanSeunghun,KeyEvent,59:59:0,Assignment,Editor,D:/University/Java/Assignment/src/Week5/Beverage.java,,4,23,Default task
2021-10-02T13:38:08.068+09:00,HanSeunghun,Action,EditorBackSpace,Assignment,Editor,D:/University/Java/Assignment/src/Week5/Beverage.java,,4,24,Default task
2021-10-02T13:38:08.070+09:00,HanSeunghun,KeyEvent,8:8:0,Assignment,Editor,D:/University/Java/Assignment/src/Week5/Beverage.java,,4,23,Default task
2021-10-02T13:38:08.300+09:00,HanSeunghun,KeyEvent,59:59:0,Assignment,Editor,D:/University/Java/Assignment/src/Week5/Beverage.java,,4,23,Default task
2021-10-02T13:38:08.508+09:00,HanSeunghun,Action,EditorBackSpace,Assignment,Editor,D:/University/Java/Assignment/src/Week5/Beverage.java,,4,24,Default task
2021-10-02T13:38:08.509+09:00,HanSeunghun,KeyEvent,8:8:0,Assignment,Editor,D:/University/Java/Assignment/src/Week5/Beverage.java,,4,23,Default task
2021-10-02T13:38:08.708+09:00,HanSeunghun,KeyEvent,59:59:0,Assignment,Editor,D:/University/Java/Assignment/src/Week5/Beverage.java,,4,23,Default task
2021-10-02T13:38:08.867+09:00,HanSeunghun,Action,EditorBackSpace,Assignment,Editor,D:/University/Java/Assignment/src/Week5/Beverage.java,,4,24,Default task
2021-10-02T13:38:08.868+09:00,HanSeunghun,KeyEvent,8:8:0,Assignment,Editor,D:/University/Java/Assignment/src/Week5/Beverage.java,,4,23,Default task
2021-10-02T13:38:09.003+09:00,HanSeunghun,KeyEvent,59:59:0,Assignment,Editor,D:/University/Java/Assignment/src/Week5/Beverage.java,,4,23,Default task
2021-10-02T13:38:09.179+09:00,HanSeunghun,Action,EditorEnter,Assignment,Editor,D:/University/Java/Assignment/src/Week5/Beverage.java,,4,24,Default task
2021-10-02T13:38:09.181+09:00,HanSeunghun,KeyEvent,10:10:0,Assignment,Editor,D:/University/Java/Assignment/src/Week5/Beverage.java,,5,4,Default task
2021-10-02T13:38:09.396+09:00,HanSeunghun,Action,EditorEnter,Assignment,Editor,D:/University/Java/Assignment/src/Week5/Beverage.java,,5,4,Default task
2021-10-02T13:38:09.397+09:00,HanSeunghun,KeyEvent,10:10:0,Assignment,Editor,D:/University/Java/Assignment/src/Week5/Beverage.java,,6,4,Default task
2021-10-02T13:38:09.628+09:00,HanSeunghun,KeyEvent,112:80:0,Assignment,Editor,D:/University/Java/Assignment/src/Week5/Beverage.java,,6,4,Default task
2021-10-02T13:38:09.739+09:00,HanSeunghun,KeyEvent,117:85:0,Assignment,Editor,D:/University/Java/Assignment/src/Week5/Beverage.java,,6,5,Default task
2021-10-02T13:38:09.846+09:00,HanSeunghun,KeyEvent,98:66:0,Assignment,Editor,D:/University/Java/Assignment/src/Week5/Beverage.java,,6,6,Default task
2021-10-02T13:38:09.940+09:00,HanSeunghun,KeyEvent,108:76:0,Assignment,Editor,D:/University/Java/Assignment/src/Week5/Beverage.java,,6,7,Default task
2021-10-02T13:38:10.095+09:00,HanSeunghun,KeyEvent,105:73:0,Assignment,Editor,D:/University/Java/Assignment/src/Week5/Beverage.java,,6,8,Default task
2021-10-02T13:38:10.219+09:00,HanSeunghun,KeyEvent,99:67:0,Assignment,Editor,D:/University/Java/Assignment/src/Week5/Beverage.java,,6,9,Default task
2021-10-02T13:38:10.405+09:00,HanSeunghun,KeyEvent,32:32:0,Assignment,Editor,D:/University/Java/Assignment/src/Week5/Beverage.java,,6,10,Default task
2021-10-02T13:38:10.787+09:00,HanSeunghun,KeyEvent,65535:20:0,Assignment,Editor,D:/University/Java/Assignment/src/Week5/Beverage.java,,6,11,Default task
2021-10-02T13:38:10.907+09:00,HanSeunghun,KeyEvent,83:83:0,Assignment,Editor,D:/University/Java/Assignment/src/Week5/Beverage.java,,6,11,Default task
2021-10-02T13:38:11.012+09:00,HanSeunghun,KeyEvent,65535:20:0,Assignment,Editor,D:/University/Java/Assignment/src/Week5/Beverage.java,,6,12,Default task
2021-10-02T13:38:11.131+09:00,HanSeunghun,KeyEvent,116:84:0,Assignment,Editor,D:/University/Java/Assignment/src/Week5/Beverage.java,,6,12,Default task
2021-10-02T13:38:11.288+09:00,HanSeunghun,KeyEvent,114:82:0,Assignment,Editor,D:/University/Java/Assignment/src/Week5/Beverage.java,,6,13,Default task
2021-10-02T13:38:11.360+09:00,HanSeunghun,KeyEvent,105:73:0,Assignment,Editor,D:/University/Java/Assignment/src/Week5/Beverage.java,,6,14,Default task
2021-10-02T13:38:11.483+09:00,HanSeunghun,KeyEvent,110:78:0,Assignment,Editor,D:/University/Java/Assignment/src/Week5/Beverage.java,,6,15,Default task
2021-10-02T13:38:11.548+09:00,HanSeunghun,KeyEvent,103:71:0,Assignment,Editor,D:/University/Java/Assignment/src/Week5/Beverage.java,,6,16,Default task
2021-10-02T13:38:11.661+09:00,HanSeunghun,KeyEvent,32:32:0,Assignment,Editor,D:/University/Java/Assignment/src/Week5/Beverage.java,,6,17,Default task
2021-10-02T13:38:11.835+09:00,HanSeunghun,KeyEvent,103:71:0,Assignment,Editor,D:/University/Java/Assignment/src/Week5/Beverage.java,,6,18,Default task
2021-10-02T13:38:11.955+09:00,HanSeunghun,KeyEvent,101:69:0,Assignment,Editor,D:/University/Java/Assignment/src/Week5/Beverage.java,,6,19,Default task
2021-10-02T13:38:12.067+09:00,HanSeunghun,KeyEvent,116:84:0,Assignment,Editor,D:/University/Java/Assignment/src/Week5/Beverage.java,,6,20,Default task
2021-10-02T13:38:12.227+09:00,HanSeunghun,KeyEvent,65535:20:0,Assignment,Editor,D:/University/Java/Assignment/src/Week5/Beverage.java,,6,21,Default task
2021-10-02T13:38:12.323+09:00,HanSeunghun,KeyEvent,66:66:0,Assignment,Editor,D:/University/Java/Assignment/src/Week5/Beverage.java,,6,21,Default task
2021-10-02T13:38:12.452+09:00,HanSeunghun,KeyEvent,65535:20:0,Assignment,Editor,D:/University/Java/Assignment/src/Week5/Beverage.java,,6,22,Default task
2021-10-02T13:38:12.515+09:00,HanSeunghun,KeyEvent,101:69:0,Assignment,Editor,D:/University/Java/Assignment/src/Week5/Beverage.java,,6,22,Default task
2021-10-02T13:38:13.755+09:00,HanSeunghun,KeyEvent,118:86:0,Assignment,Editor,D:/University/Java/Assignment/src/Week5/Beverage.java,,6,23,Default task
2021-10-02T13:38:13.860+09:00,HanSeunghun,KeyEvent,101:69:0,Assignment,Editor,D:/University/Java/Assignment/src/Week5/Beverage.java,,6,24,Default task
2021-10-02T13:38:13.988+09:00,HanSeunghun,KeyEvent,114:82:0,Assignment,Editor,D:/University/Java/Assignment/src/Week5/Beverage.java,,6,25,Default task
2021-10-02T13:38:14.099+09:00,HanSeunghun,KeyEvent,97:65:0,Assignment,Editor,D:/University/Java/Assignment/src/Week5/Beverage.java,,6,26,Default task
2021-10-02T13:38:14.236+09:00,HanSeunghun,KeyEvent,103:71:0,Assignment,Editor,D:/University/Java/Assignment/src/Week5/Beverage.java,,6,27,Default task
2021-10-02T13:38:14.331+09:00,HanSeunghun,KeyEvent,101:69:0,Assignment,Editor,D:/University/Java/Assignment/src/Week5/Beverage.java,,6,28,Default task
2021-10-02T13:38:14.468+09:00,HanSeunghun,KeyEvent,65535:20:0,Assignment,Editor,D:/University/Java/Assignment/src/Week5/Beverage.java,,6,29,Default task
2021-10-02T13:38:14.587+09:00,HanSeunghun,KeyEvent,78:78:0,Assignment,Editor,D:/University/Java/Assignment/src/Week5/Beverage.java,,6,29,Default task
2021-10-02T13:38:14.668+09:00,HanSeunghun,KeyEvent,65535:20:0,Assignment,Editor,D:/University/Java/Assignment/src/Week5/Beverage.java,,6,30,Default task
2021-10-02T13:38:14.763+09:00,HanSeunghun,KeyEvent,97:65:0,Assignment,Editor,D:/University/Java/Assignment/src/Week5/Beverage.java,,6,30,Default task
2021-10-02T13:38:14.875+09:00,HanSeunghun,KeyEvent,109:77:0,Assignment,Editor,D:/University/Java/Assignment/src/Week5/Beverage.java,,6,31,Default task
2021-10-02T13:38:14.980+09:00,HanSeunghun,KeyEvent,101:69:0,Assignment,Editor,D:/University/Java/Assignment/src/Week5/Beverage.java,,6,32,Default task
2021-10-02T13:38:15.326+09:00,HanSeunghun,KeyEvent,65535:16:1,Assignment,Editor,D:/University/Java/Assignment/src/Week5/Beverage.java,,6,33,Default task
2021-10-02T13:38:15.691+09:00,HanSeunghun,KeyEvent,40:57:1,Assignment,Editor,D:/University/Java/Assignment/src/Week5/Beverage.java,,6,33,Default task
2021-10-02T13:38:15.867+09:00,HanSeunghun,KeyEvent,41:48:1,Assignment,Editor,D:/University/Java/Assignment/src/Week5/Beverage.java,Beverage::getBeverageName,6,34,Default task
2021-10-02T13:38:16.181+09:00,HanSeunghun,Action,EditorEnter,Assignment,Editor,D:/University/Java/Assignment/src/Week5/Beverage.java,,6,35,Default task
2021-10-02T13:38:16.187+09:00,HanSeunghun,KeyEvent,10:10:0,Assignment,Editor,D:/University/Java/Assignment/src/Week5/Beverage.java,,7,8,Default task
2021-10-02T13:38:16.586+09:00,HanSeunghun,KeyEvent,65535:16:1,Assignment,Editor,D:/University/Java/Assignment/src/Week5/Beverage.java,,7,8,Default task
2021-10-02T13:38:16.667+09:00,HanSeunghun,KeyEvent,123:91:1,Assignment,Editor,D:/University/Java/Assignment/src/Week5/Beverage.java,,7,8,Default task
2021-10-02T13:38:16.868+09:00,HanSeunghun,Action,EditorEnter,Assignment,Editor,D:/University/Java/Assignment/src/Week5/Beverage.java,Beverage::getBeverageName,7,5,Default task
2021-10-02T13:38:16.871+09:00,HanSeunghun,KeyEvent,10:10:0,Assignment,Editor,D:/University/Java/Assignment/src/Week5/Beverage.java,,8,8,Default task
2021-10-02T13:38:16.972+09:00,HanSeunghun,KeyEvent,114:82:0,Assignment,Editor,D:/University/Java/Assignment/src/Week5/Beverage.java,Beverage::getBeverageName,8,8,Default task
2021-10-02T13:38:17.067+09:00,HanSeunghun,KeyEvent,101:69:0,Assignment,Editor,D:/University/Java/Assignment/src/Week5/Beverage.java,Beverage::getBeverageName,8,9,Default task
2021-10-02T13:38:17.172+09:00,HanSeunghun,KeyEvent,116:84:0,Assignment,Editor,D:/University/Java/Assignment/src/Week5/Beverage.java,Beverage::getBeverageName,8,10,Default task
2021-10-02T13:38:17.275+09:00,HanSeunghun,KeyEvent,117:85:0,Assignment,Editor,D:/University/Java/Assignment/src/Week5/Beverage.java,Beverage::getBeverageName,8,11,Default task
2021-10-02T13:38:17.395+09:00,HanSeunghun,KeyEvent,114:82:0,Assignment,Editor,D:/University/Java/Assignment/src/Week5/Beverage.java,Beverage::getBeverageName,8,12,Default task
2021-10-02T13:38:17.547+09:00,HanSeunghun,KeyEvent,110:78:0,Assignment,Editor,D:/University/Java/Assignment/src/Week5/Beverage.java,Beverage::getBeverageName,8,13,Default task
2021-10-02T13:38:17.732+09:00,HanSeunghun,KeyEvent,32:32:0,Assignment,Editor,D:/University/Java/Assignment/src/Week5/Beverage.java,Beverage::getBeverageName,8,14,Default task
2021-10-02T13:38:18.019+09:00,HanSeunghun,KeyEvent,110:78:0,Assignment,Editor,D:/University/Java/Assignment/src/Week5/Beverage.java,Beverage::getBeverageName,8,15,Default task
2021-10-02T13:38:18.099+09:00,HanSeunghun,KeyEvent,97:65:0,Assignment,Editor,D:/University/Java/Assignment/src/Week5/Beverage.java,Beverage::getBeverageName,8,16,Default task
2021-10-02T13:38:18.219+09:00,HanSeunghun,KeyEvent,109:77:0,Assignment,Editor,D:/University/Java/Assignment/src/Week5/Beverage.java,Beverage::getBeverageName,8,17,Default task
2021-10-02T13:38:18.275+09:00,HanSeunghun,KeyEvent,101:69:0,Assignment,Editor,D:/University/Java/Assignment/src/Week5/Beverage.java,Beverage::getBeverageName,8,18,Default task
2021-10-02T13:38:18.443+09:00,HanSeunghun,KeyEvent,59:59:0,Assignment,Editor,D:/University/Java/Assignment/src/Week5/Beverage.java,Beverage::getBeverageName,8,19,Default task
2021-10-02T13:38:18.900+09:00,HanSeunghun,Action,EditorUp,Assignment,Editor,D:/University/Java/Assignment/src/Week5/Beverage.java,Beverage::getBeverageName,8,20,Default task
2021-10-02T13:38:18.901+09:00,HanSeunghun,KeyEvent,65535:38:0,Assignment,Editor,D:/University/Java/Assignment/src/Week5/Beverage.java,Beverage::getBeverageName,7,5,Default task
2021-10-02T13:38:19.412+09:00,HanSeunghun,Action,EditorDown,Assignment,Editor,D:/University/Java/Assignment/src/Week5/Beverage.java,Beverage::getBeverageName,7,5,Default task
2021-10-02T13:38:19.412+09:00,HanSeunghun,KeyEvent,65535:40:0,Assignment,Editor,D:/University/Java/Assignment/src/Week5/Beverage.java,Beverage::getBeverageName,8,20,Default task
2021-10-02T13:38:19.740+09:00,HanSeunghun,Action,EditorDown,Assignment,Editor,D:/University/Java/Assignment/src/Week5/Beverage.java,Beverage::getBeverageName,8,20,Default task
2021-10-02T13:38:19.741+09:00,HanSeunghun,KeyEvent,65535:40:0,Assignment,Editor,D:/University/Java/Assignment/src/Week5/Beverage.java,,9,5,Default task
2021-10-02T13:38:20.540+09:00,HanSeunghun,Action,EditorEnter,Assignment,Editor,D:/University/Java/Assignment/src/Week5/Beverage.java,,9,5,Default task
2021-10-02T13:38:20.542+09:00,HanSeunghun,KeyEvent,10:10:0,Assignment,Editor,D:/University/Java/Assignment/src/Week5/Beverage.java,,10,4,Default task
2021-10-02T13:38:21.547+09:00,HanSeunghun,Action,EditorBackSpace,Assignment,Editor,D:/University/Java/Assignment/src/Week5/Beverage.java,,10,4,Default task
2021-10-02T13:38:21.549+09:00,HanSeunghun,KeyEvent,8:8:0,Assignment,Editor,D:/University/Java/Assignment/src/Week5/Beverage.java,,9,5,Default task
2021-10-02T13:38:22.023+09:00,HanSeunghun,Action,EditorUp,Assignment,Editor,D:/University/Java/Assignment/src/Week5/Beverage.java,,9,5,Default task
2021-10-02T13:38:22.025+09:00,HanSeunghun,KeyEvent,65535:38:0,Assignment,Editor,D:/University/Java/Assignment/src/Week5/Beverage.java,Beverage::getBeverageName,8,5,Default task
2021-10-02T13:38:22.235+09:00,HanSeunghun,Action,EditorUp,Assignment,Editor,D:/University/Java/Assignment/src/Week5/Beverage.java,Beverage::getBeverageName,8,5,Default task
2021-10-02T13:38:22.236+09:00,HanSeunghun,KeyEvent,65535:38:0,Assignment,Editor,D:/University/Java/Assignment/src/Week5/Beverage.java,Beverage::getBeverageName,7,5,Default task
2021-10-02T13:38:22.427+09:00,HanSeunghun,Action,EditorUp,Assignment,Editor,D:/University/Java/Assignment/src/Week5/Beverage.java,Beverage::getBeverageName,7,5,Default task
2021-10-02T13:38:22.428+09:00,HanSeunghun,KeyEvent,65535:38:0,Assignment,Editor,D:/University/Java/Assignment/src/Week5/Beverage.java,Beverage::getBeverageName,6,5,Default task
2021-10-02T13:38:22.708+09:00,HanSeunghun,Action,EditorUp,Assignment,Editor,D:/University/Java/Assignment/src/Week5/Beverage.java,Beverage::getBeverageName,6,5,Default task
2021-10-02T13:38:22.709+09:00,HanSeunghun,KeyEvent,65535:38:0,Assignment,Editor,D:/University/Java/Assignment/src/Week5/Beverage.java,,5,4,Default task
2021-10-02T13:38:23.644+09:00,HanSeunghun,Action,EditorDown,Assignment,Editor,D:/University/Java/Assignment/src/Week5/Beverage.java,,5,4,Default task
2021-10-02T13:38:23.644+09:00,HanSeunghun,KeyEvent,65535:40:0,Assignment,Editor,D:/University/Java/Assignment/src/Week5/Beverage.java,Beverage::getBeverageName,6,5,Default task
2021-10-02T13:38:23.833+09:00,HanSeunghun,Action,EditorDown,Assignment,Editor,D:/University/Java/Assignment/src/Week5/Beverage.java,Beverage::getBeverageName,6,5,Default task
2021-10-02T13:38:23.833+09:00,HanSeunghun,KeyEvent,65535:40:0,Assignment,Editor,D:/University/Java/Assignment/src/Week5/Beverage.java,Beverage::getBeverageName,7,5,Default task
2021-10-02T13:38:23.996+09:00,HanSeunghun,Action,EditorDown,Assignment,Editor,D:/University/Java/Assignment/src/Week5/Beverage.java,Beverage::getBeverageName,7,5,Default task
2021-10-02T13:38:23.997+09:00,HanSeunghun,KeyEvent,65535:40:0,Assignment,Editor,D:/University/Java/Assignment/src/Week5/Beverage.java,Beverage::getBeverageName,8,5,Default task
2021-10-02T13:38:24.164+09:00,HanSeunghun,Action,EditorDown,Assignment,Editor,D:/University/Java/Assignment/src/Week5/Beverage.java,Beverage::getBeverageName,8,5,Default task
2021-10-02T13:38:24.165+09:00,HanSeunghun,KeyEvent,65535:40:0,Assignment,Editor,D:/University/Java/Assignment/src/Week5/Beverage.java,,9,5,Default task
2021-10-02T13:38:24.317+09:00,HanSeunghun,Action,EditorDown,Assignment,Editor,D:/University/Java/Assignment/src/Week5/Beverage.java,,9,5,Default task
2021-10-02T13:38:24.317+09:00,HanSeunghun,KeyEvent,65535:40:0,Assignment,Editor,D:/University/Java/Assignment/src/Week5/Beverage.java,,10,1,Default task
2021-10-02T13:38:24.484+09:00,HanSeunghun,Action,EditorDown,Assignment,Editor,D:/University/Java/Assignment/src/Week5/Beverage.java,,10,1,Default task
2021-10-02T13:38:24.484+09:00,HanSeunghun,KeyEvent,65535:40:0,Assignment,Editor,D:/University/Java/Assignment/src/Week5/Beverage.java,,11,0,Default task
2021-10-02T13:38:24.900+09:00,HanSeunghun,Action,EditorDown,Assignment,Editor,D:/University/Java/Assignment/src/Week5/Beverage.java,,11,0,Default task
2021-10-02T13:38:24.900+09:00,HanSeunghun,KeyEvent,65535:40:0,Assignment,Editor,D:/University/Java/Assignment/src/Week5/Beverage.java,,11,0,Default task
2021-10-02T13:38:25.180+09:00,HanSeunghun,Action,EditorBackSpace,Assignment,Editor,D:/University/Java/Assignment/src/Week5/Beverage.java,,11,0,Default task
2021-10-02T13:38:25.181+09:00,HanSeunghun,KeyEvent,8:8:0,Assignment,Editor,D:/University/Java/Assignment/src/Week5/Beverage.java,,10,1,Default task
2021-10-02T13:38:25.508+09:00,HanSeunghun,Action,EditorUp,Assignment,Editor,D:/University/Java/Assignment/src/Week5/Beverage.java,,10,1,Default task
2021-10-02T13:38:25.509+09:00,HanSeunghun,KeyEvent,65535:38:0,Assignment,Editor,D:/University/Java/Assignment/src/Week5/Beverage.java,Beverage::getBeverageName,9,1,Default task
2021-10-02T13:38:25.691+09:00,HanSeunghun,Action,EditorUp,Assignment,Editor,D:/University/Java/Assignment/src/Week5/Beverage.java,Beverage::getBeverageName,9,1,Default task
2021-10-02T13:38:25.692+09:00,HanSeunghun,KeyEvent,65535:38:0,Assignment,Editor,D:/University/Java/Assignment/src/Week5/Beverage.java,Beverage::getBeverageName,8,1,Default task
2021-10-02T13:38:25.868+09:00,HanSeunghun,Action,EditorUp,Assignment,Editor,D:/University/Java/Assignment/src/Week5/Beverage.java,Beverage::getBeverageName,8,1,Default task
2021-10-02T13:38:25.869+09:00,HanSeunghun,KeyEvent,65535:38:0,Assignment,Editor,D:/University/Java/Assignment/src/Week5/Beverage.java,Beverage::getBeverageName,7,1,Default task
2021-10-02T13:38:26.044+09:00,HanSeunghun,Action,EditorUp,Assignment,Editor,D:/University/Java/Assignment/src/Week5/Beverage.java,Beverage::getBeverageName,7,1,Default task
2021-10-02T13:38:26.045+09:00,HanSeunghun,KeyEvent,65535:38:0,Assignment,Editor,D:/University/Java/Assignment/src/Week5/Beverage.java,,6,1,Default task
2021-10-02T13:38:26.228+09:00,HanSeunghun,Action,EditorUp,Assignment,Editor,D:/University/Java/Assignment/src/Week5/Beverage.java,,6,1,Default task
2021-10-02T13:38:26.229+09:00,HanSeunghun,KeyEvent,65535:38:0,Assignment,Editor,D:/University/Java/Assignment/src/Week5/Beverage.java,,5,1,Default task
2021-10-02T13:38:26.539+09:00,HanSeunghun,KeyEvent,65535:17:2,Assignment,Editor,D:/University/Java/Assignment/src/Week5/Beverage.java,,5,1,Default task
2021-10-02T13:38:26.660+09:00,HanSeunghun,Action,SaveAll,Assignment,Editor,D:/University/Java/Assignment/src/Week5/Beverage.java,,5,1,Default task
2021-10-02T13:38:26.703+09:00,HanSeunghun,KeyEvent,19:83:2,Assignment,Editor,D:/University/Java/Assignment/src/Week5/Beverage.java,,5,1,Default task
2021-10-02T13:38:26.936+09:00,HanSeunghun,Action,EditorTab,Assignment,Editor,D:/University/Java/Assignment/src/Week5/Beverage.java,,5,1,Default task
2021-10-02T13:38:26.938+09:00,HanSeunghun,KeyEvent,9:9:0,Assignment,Editor,D:/University/Java/Assignment/src/Week5/Beverage.java,,5,4,Default task
2021-10-02T13:38:27.132+09:00,HanSeunghun,KeyEvent,65535:17:2,Assignment,Editor,D:/University/Java/Assignment/src/Week5/Beverage.java,,5,4,Default task
2021-10-02T13:38:27.300+09:00,HanSeunghun,Action,SaveAll,Assignment,Editor,D:/University/Java/Assignment/src/Week5/Beverage.java,,5,4,Default task
2021-10-02T13:38:27.336+09:00,HanSeunghun,KeyEvent,19:83:2,Assignment,Editor,D:/University/Java/Assignment/src/Week5/Beverage.java,,5,4,Default task
2021-10-02T13:38:40.076+09:00,HanSeunghun,Action,EditorEnter,Assignment,Editor,D:/University/Java/Assignment/src/Week5/Beverage.java,,9,5,Default task
2021-10-02T13:38:40.078+09:00,HanSeunghun,KeyEvent,10:10:0,Assignment,Editor,D:/University/Java/Assignment/src/Week5/Beverage.java,,10,4,Default task
2021-10-02T13:38:40.269+09:00,HanSeunghun,Action,EditorEnter,Assignment,Editor,D:/University/Java/Assignment/src/Week5/Beverage.java,,10,4,Default task
2021-10-02T13:38:40.271+09:00,HanSeunghun,KeyEvent,10:10:0,Assignment,Editor,D:/University/Java/Assignment/src/Week5/Beverage.java,,11,4,Default task
2021-10-02T13:38:40.788+09:00,HanSeunghun,KeyEvent,112:80:0,Assignment,Editor,D:/University/Java/Assignment/src/Week5/Beverage.java,,11,4,Default task
2021-10-02T13:38:40.916+09:00,HanSeunghun,KeyEvent,117:85:0,Assignment,Editor,D:/University/Java/Assignment/src/Week5/Beverage.java,,11,5,Default task
2021-10-02T13:38:41.043+09:00,HanSeunghun,KeyEvent,98:66:0,Assignment,Editor,D:/University/Java/Assignment/src/Week5/Beverage.java,,11,6,Default task
2021-10-02T13:38:41.148+09:00,HanSeunghun,KeyEvent,108:76:0,Assignment,Editor,D:/University/Java/Assignment/src/Week5/Beverage.java,,11,7,Default task
2021-10-02T13:38:41.413+09:00,HanSeunghun,KeyEvent,105:73:0,Assignment,Editor,D:/University/Java/Assignment/src/Week5/Beverage.java,,11,8,Default task
2021-10-02T13:38:41.524+09:00,HanSeunghun,KeyEvent,99:67:0,Assignment,Editor,D:/University/Java/Assignment/src/Week5/Beverage.java,,11,9,Default task
2021-10-02T13:38:41.933+09:00,HanSeunghun,KeyEvent,32:32:0,Assignment,Editor,D:/University/Java/Assignment/src/Week5/Beverage.java,,11,10,Default task
2021-10-02T13:38:43.395+09:00,HanSeunghun,KeyEvent,118:86:0,Assignment,Editor,D:/University/Java/Assignment/src/Week5/Beverage.java,,11,11,Default task
2021-10-02T13:38:43.515+09:00,HanSeunghun,KeyEvent,111:79:0,Assignment,Editor,D:/University/Java/Assignment/src/Week5/Beverage.java,,11,12,Default task
2021-10-02T13:38:43.756+09:00,HanSeunghun,KeyEvent,105:73:0,Assignment,Editor,D:/University/Java/Assignment/src/Week5/Beverage.java,,11,13,Default task
2021-10-02T13:38:43.867+09:00,HanSeunghun,KeyEvent,100:68:0,Assignment,Editor,D:/University/Java/Assignment/src/Week5/Beverage.java,,11,14,Default task
2021-10-02T13:38:44.052+09:00,HanSeunghun,KeyEvent,32:32:0,Assignment,Editor,D:/University/Java/Assignment/src/Week5/Beverage.java,,11,15,Default task
2021-10-02T13:38:44.835+09:00,HanSeunghun,KeyEvent,116:84:0,Assignment,Editor,D:/University/Java/Assignment/src/Week5/Beverage.java,,11,16,Default task
2021-10-02T13:38:45.003+09:00,HanSeunghun,KeyEvent,111:79:0,Assignment,Editor,D:/University/Java/Assignment/src/Week5/Beverage.java,,11,17,Default task
2021-10-02T13:38:45.116+09:00,HanSeunghun,KeyEvent,65535:20:0,Assignment,Editor,D:/University/Java/Assignment/src/Week5/Beverage.java,,11,18,Default task
2021-10-02T13:38:45.251+09:00,HanSeunghun,KeyEvent,83:83:0,Assignment,Editor,D:/University/Java/Assignment/src/Week5/Beverage.java,,11,18,Default task
2021-10-02T13:38:45.371+09:00,HanSeunghun,KeyEvent,65535:20:0,Assignment,Editor,D:/University/Java/Assignment/src/Week5/Beverage.java,,11,19,Default task
2021-10-02T13:38:45.475+09:00,HanSeunghun,KeyEvent,116:84:0,Assignment,Editor,D:/University/Java/Assignment/src/Week5/Beverage.java,,11,19,Default task
2021-10-02T13:38:45.635+09:00,HanSeunghun,KeyEvent,114:82:0,Assignment,Editor,D:/University/Java/Assignment/src/Week5/Beverage.java,,11,20,Default task
2021-10-02T13:38:45.763+09:00,HanSeunghun,KeyEvent,105:73:0,Assignment,Editor,D:/University/Java/Assignment/src/Week5/Beverage.java,,11,21,Default task
2021-10-02T13:38:45.891+09:00,HanSeunghun,KeyEvent,110:78:0,Assignment,Editor,D:/University/Java/Assignment/src/Week5/Beverage.java,,11,22,Default task
2021-10-02T13:38:45.979+09:00,HanSeunghun,KeyEvent,103:71:0,Assignment,Editor,D:/University/Java/Assignment/src/Week5/Beverage.java,,11,23,Default task
2021-10-02T13:38:46.228+09:00,HanSeunghun,KeyEvent,27:27:0,Assignment,Editor,D:/University/Java/Assignment/src/Week5/Beverage.java,,11,24,Default task
2021-10-02T13:38:46.445+09:00,HanSeunghun,KeyEvent,65535:16:1,Assignment,Editor,D:/University/Java/Assignment/src/Week5/Beverage.java,,11,24,Default task
2021-10-02T13:38:46.747+09:00,HanSeunghun,KeyEvent,40:57:1,Assignment,Editor,D:/University/Java/Assignment/src/Week5/Beverage.java,,11,24,Default task
2021-10-02T13:38:46.884+09:00,HanSeunghun,KeyEvent,41:48:1,Assignment,Editor,D:/University/Java/Assignment/src/Week5/Beverage.java,Beverage::toString,11,25,Default task
2021-10-02T13:38:47.099+09:00,HanSeunghun,Action,EditorEnter,Assignment,Editor,D:/University/Java/Assignment/src/Week5/Beverage.java,,11,26,Default task
2021-10-02T13:38:47.103+09:00,HanSeunghun,KeyEvent,10:10:0,Assignment,Editor,D:/University/Java/Assignment/src/Week5/Beverage.java,,12,8,Default task
2021-10-02T13:38:47.299+09:00,HanSeunghun,KeyEvent,65535:16:1,Assignment,Editor,D:/University/Java/Assignment/src/Week5/Beverage.java,,12,8,Default task
2021-10-02T13:38:47.406+09:00,HanSeunghun,KeyEvent,123:91:1,Assignment,Editor,D:/University/Java/Assignment/src/Week5/Beverage.java,,12,8,Default task
2021-10-02T13:38:47.596+09:00,HanSeunghun,Action,EditorEnter,Assignment,Editor,D:/University/Java/Assignment/src/Week5/Beverage.java,Beverage::toString,12,5,Default task
2021-10-02T13:38:47.600+09:00,HanSeunghun,KeyEvent,10:10:0,Assignment,Editor,D:/University/Java/Assignment/src/Week5/Beverage.java,,13,8,Default task
2021-10-02T13:38:48.219+09:00,HanSeunghun,Action,EditorBackSpace,Assignment,Editor,D:/University/Java/Assignment/src/Week5/Beverage.java,Beverage::toString,13,9,Default task
2021-10-02T13:38:48.221+09:00,HanSeunghun,KeyEvent,8:8:0,Assignment,Editor,D:/University/Java/Assignment/src/Week5/Beverage.java,Beverage::toString,13,8,Default task
2021-10-02T13:38:48.299+09:00,HanSeunghun,KeyEvent,100:68:0,Assignment,Editor,D:/University/Java/Assignment/src/Week5/Beverage.java,Beverage::toString,13,8,Default task
2021-10-02T13:38:48.347+09:00,HanSeunghun,KeyEvent,102:70:0,Assignment,Editor,D:/University/Java/Assignment/src/Week5/Beverage.java,Beverage::toString,13,9,Default task
2021-10-02T13:38:48.412+09:00,HanSeunghun,Action,EditorBackSpace,Assignment,Editor,D:/University/Java/Assignment/src/Week5/Beverage.java,Beverage::toString,13,10,Default task
2021-10-02T13:38:48.413+09:00,HanSeunghun,KeyEvent,8:8:0,Assignment,Editor,D:/University/Java/Assignment/src/Week5/Beverage.java,Beverage::toString,13,9,Default task
2021-10-02T13:38:48.532+09:00,HanSeunghun,Action,EditorBackSpace,Assignment,Editor,D:/University/Java/Assignment/src/Week5/Beverage.java,Beverage::toString,13,9,Default task
2021-10-02T13:38:48.533+09:00,HanSeunghun,KeyEvent,8:8:0,Assignment,Editor,D:/University/Java/Assignment/src/Week5/Beverage.java,Beverage::toString,13,8,Default task
2021-10-02T13:38:48.876+09:00,HanSeunghun,Action,EditorBackSpace,Assignment,Editor,D:/University/Java/Assignment/src/Week5/Beverage.java,Beverage::toString,13,9,Default task
2021-10-02T13:38:48.877+09:00,HanSeunghun,KeyEvent,8:8:0,Assignment,Editor,D:/University/Java/Assignment/src/Week5/Beverage.java,Beverage::toString,13,8,Default task
2021-10-02T13:38:48.932+09:00,HanSeunghun,KeyEvent,100:68:0,Assignment,Editor,D:/University/Java/Assignment/src/Week5/Beverage.java,Beverage::toString,13,8,Default task
2021-10-02T13:38:48.995+09:00,HanSeunghun,KeyEvent,102:70:0,Assignment,Editor,D:/University/Java/Assignment/src/Week5/Beverage.java,Beverage::toString,13,9,Default task
2021-10-02T13:38:49.068+09:00,HanSeunghun,Action,EditorBackSpace,Assignment,Editor,D:/University/Java/Assignment/src/Week5/Beverage.java,Beverage::toString,13,10,Default task
2021-10-02T13:38:49.070+09:00,HanSeunghun,KeyEvent,8:8:0,Assignment,Editor,D:/University/Java/Assignment/src/Week5/Beverage.java,Beverage::toString,13,9,Default task
2021-10-02T13:38:49.228+09:00,HanSeunghun,Action,EditorBackSpace,Assignment,Editor,D:/University/Java/Assignment/src/Week5/Beverage.java,Beverage::toString,13,9,Default task
2021-10-02T13:38:49.229+09:00,HanSeunghun,KeyEvent,8:8:0,Assignment,Editor,D:/University/Java/Assignment/src/Week5/Beverage.java,Beverage::toString,13,8,Default task
2021-10-02T13:38:49.436+09:00,HanSeunghun,Action,EditorBackSpace,Assignment,Editor,D:/University/Java/Assignment/src/Week5/Beverage.java,Beverage::toString,13,8,Default task
2021-10-02T13:38:49.438+09:00,HanSeunghun,KeyEvent,8:8:0,Assignment,Editor,D:/University/Java/Assignment/src/Week5/Beverage.java,Beverage::toString,12,5,Default task
2021-10-02T13:38:49.693+09:00,HanSeunghun,Action,EditorEnter,Assignment,Editor,D:/University/Java/Assignment/src/Week5/Beverage.java,Beverage::toString,12,5,Default task
2021-10-02T13:38:49.695+09:00,HanSeunghun,KeyEvent,10:10:0,Assignment,Editor,D:/University/Java/Assignment/src/Week5/Beverage.java,,13,8,Default task
2021-10-02T13:38:49.884+09:00,HanSeunghun,Action,EditorBackSpace,Assignment,Editor,D:/University/Java/Assignment/src/Week5/Beverage.java,Beverage::toString,13,8,Default task
2021-10-02T13:38:49.886+09:00,HanSeunghun,KeyEvent,8:8:0,Assignment,Editor,D:/University/Java/Assignment/src/Week5/Beverage.java,Beverage::toString,12,5,Default task
2021-10-02T13:38:50.084+09:00,HanSeunghun,Action,EditorEnter,Assignment,Editor,D:/University/Java/Assignment/src/Week5/Beverage.java,Beverage::toString,12,5,Default task
2021-10-02T13:38:50.086+09:00,HanSeunghun,KeyEvent,10:10:0,Assignment,Editor,D:/University/Java/Assignment/src/Week5/Beverage.java,,13,8,Default task
2021-10-02T13:38:50.292+09:00,HanSeunghun,Action,EditorBackSpace,Assignment,Editor,D:/University/Java/Assignment/src/Week5/Beverage.java,Beverage::toString,13,8,Default task
2021-10-02T13:38:50.294+09:00,HanSeunghun,KeyEvent,8:8:0,Assignment,Editor,D:/University/Java/Assignment/src/Week5/Beverage.java,Beverage::toString,12,5,Default task
2021-10-02T13:38:50.509+09:00,HanSeunghun,Action,EditorEnter,Assignment,Editor,D:/University/Java/Assignment/src/Week5/Beverage.java,Beverage::toString,12,5,Default task
2021-10-02T13:38:50.511+09:00,HanSeunghun,KeyEvent,10:10:0,Assignment,Editor,D:/University/Java/Assignment/src/Week5/Beverage.java,,13,8,Default task
2021-10-02T13:38:51.083+09:00,HanSeunghun,Action,EditorBackSpace,Assignment,Editor,D:/University/Java/Assignment/src/Week5/Beverage.java,Beverage::toString,13,8,Default task
2021-10-02T13:38:51.085+09:00,HanSeunghun,KeyEvent,8:8:0,Assignment,Editor,D:/University/Java/Assignment/src/Week5/Beverage.java,Beverage::toString,12,5,Default task
2021-10-02T13:38:51.428+09:00,HanSeunghun,Action,EditorEnter,Assignment,Editor,D:/University/Java/Assignment/src/Week5/Beverage.java,Beverage::toString,12,5,Default task
2021-10-02T13:38:51.430+09:00,HanSeunghun,KeyEvent,10:10:0,Assignment,Editor,D:/University/Java/Assignment/src/Week5/Beverage.java,,13,8,Default task
2021-10-02T13:38:55.880+09:00,HanSeunghun,KeyEvent,114:82:0,Assignment,Editor,D:/University/Java/Assignment/src/Week5/Beverage.java,Beverage::toString,13,8,Default task
2021-10-02T13:38:55.971+09:00,HanSeunghun,KeyEvent,101:69:0,Assignment,Editor,D:/University/Java/Assignment/src/Week5/Beverage.java,Beverage::toString,13,9,Default task
2021-10-02T13:38:56.110+09:00,HanSeunghun,KeyEvent,116:84:0,Assignment,Editor,D:/University/Java/Assignment/src/Week5/Beverage.java,Beverage::toString,13,10,Default task
2021-10-02T13:38:56.203+09:00,HanSeunghun,KeyEvent,117:85:0,Assignment,Editor,D:/University/Java/Assignment/src/Week5/Beverage.java,Beverage::toString,13,11,Default task
2021-10-02T13:38:56.355+09:00,HanSeunghun,KeyEvent,114:82:0,Assignment,Editor,D:/University/Java/Assignment/src/Week5/Beverage.java,Beverage::toString,13,12,Default task
2021-10-02T13:38:56.444+09:00,HanSeunghun,KeyEvent,110:78:0,Assignment,Editor,D:/University/Java/Assignment/src/Week5/Beverage.java,Beverage::toString,13,13,Default task
2021-10-02T13:38:56.571+09:00,HanSeunghun,KeyEvent,32:32:0,Assignment,Editor,D:/University/Java/Assignment/src/Week5/Beverage.java,Beverage::toString,13,14,Default task
2021-10-02T13:38:56.818+09:00,HanSeunghun,KeyEvent,65535:16:1,Assignment,Editor,D:/University/Java/Assignment/src/Week5/Beverage.java,Beverage::toString,13,15,Default task
2021-10-02T13:38:56.971+09:00,HanSeunghun,KeyEvent,34:222:1,Assignment,Editor,D:/University/Java/Assignment/src/Week5/Beverage.java,Beverage::toString,13,15,Default task
2021-10-02T13:38:57.732+09:00,HanSeunghun,Action,EditorBackSpace,Assignment,Editor,D:/University/Java/Assignment/src/Week5/Beverage.java,Beverage::toString,13,16,Default task
2021-10-02T13:38:57.733+09:00,HanSeunghun,KeyEvent,8:8:0,Assignment,Editor,D:/University/Java/Assignment/src/Week5/Beverage.java,Beverage::toString,13,15,Default task
2021-10-02T13:38:58.341+09:00,HanSeunghun,KeyEvent,65535:20:0,Assignment,Editor,D:/University/Java/Assignment/src/Week5/Beverage.java,Beverage::toString,13,15,Default task
2021-10-02T13:38:58.459+09:00,HanSeunghun,KeyEvent,83:83:0,Assignment,Editor,D:/University/Java/Assignment/src/Week5/Beverage.java,Beverage::toString,13,15,Default task
2021-10-02T13:38:58.564+09:00,HanSeunghun,KeyEvent,65535:20:0,Assignment,Editor,D:/University/Java/Assignment/src/Week5/Beverage.java,Beverage::toString,13,16,Default task
2021-10-02T13:38:58.667+09:00,HanSeunghun,KeyEvent,116:84:0,Assignment,Editor,D:/University/Java/Assignment/src/Week5/Beverage.java,Beverage::toString,13,16,Default task
2021-10-02T13:38:58.826+09:00,HanSeunghun,KeyEvent,114:82:0,Assignment,Editor,D:/University/Java/Assignment/src/Week5/Beverage.java,Beverage::toString,13,17,Default task
2021-10-02T13:38:58.867+09:00,HanSeunghun,KeyEvent,105:73:0,Assignment,Editor,D:/University/Java/Assignment/src/Week5/Beverage.java,Beverage::toString,13,18,Default task
2021-10-02T13:38:58.987+09:00,HanSeunghun,KeyEvent,110:78:0,Assignment,Editor,D:/University/Java/Assignment/src/Week5/Beverage.java,Beverage::toString,13,19,Default task
2021-10-02T13:38:59.083+09:00,HanSeunghun,KeyEvent,103:71:0,Assignment,Editor,D:/University/Java/Assignment/src/Week5/Beverage.java,Beverage::toString,13,20,Default task
2021-10-02T13:38:59.219+09:00,HanSeunghun,KeyEvent,46:46:0,Assignment,Editor,D:/University/Java/Assignment/src/Week5/Beverage.java,Beverage::toString,13,21,Default task
2021-10-02T13:38:59.403+09:00,HanSeunghun,KeyEvent,102:70:0,Assignment,Editor,D:/University/Java/Assignment/src/Week5/Beverage.java,Beverage::toString,13,22,Default task
2021-10-02T13:39:00.132+09:00,HanSeunghun,Action,EditorChooseLookupItem,Assignment,Editor,D:/University/Java/Assignment/src/Week5/Beverage.java,Beverage::toString,13,23,Default task
2021-10-02T13:39:00.139+09:00,HanSeunghun,KeyEvent,10:10:0,Assignment,Editor,D:/University/Java/Assignment/src/Week5/Beverage.java,Beverage::toString,13,29,Default task
2021-10-02T13:39:00.867+09:00,HanSeunghun,Action,EditorRight,Assignment,Editor,D:/University/Java/Assignment/src/Week5/Beverage.java,Beverage::toString,13,29,Default task
2021-10-02T13:39:00.868+09:00,HanSeunghun,KeyEvent,65535:39:0,Assignment,Editor,D:/University/Java/Assignment/src/Week5/Beverage.java,Beverage::toString,13,30,Default task
2021-10-02T13:39:01.196+09:00,HanSeunghun,Action,EditorBackSpace,Assignment,Editor,D:/University/Java/Assignment/src/Week5/Beverage.java,Beverage::toString,13,30,Default task
2021-10-02T13:39:01.197+09:00,HanSeunghun,KeyEvent,8:8:0,Assignment,Editor,D:/University/Java/Assignment/src/Week5/Beverage.java,Beverage::toString,13,29,Default task
2021-10-02T13:39:01.695+09:00,HanSeunghun,Action,EditorBackSpace,Assignment,Editor,D:/University/Java/Assignment/src/Week5/Beverage.java,Beverage::toString,13,29,Default task
2021-10-02T13:39:01.696+09:00,HanSeunghun,KeyEvent,8:8:0,Assignment,Editor,D:/University/Java/Assignment/src/Week5/Beverage.java,Beverage::toString,13,28,Default task
2021-10-02T13:39:01.728+09:00,HanSeunghun,Action,EditorBackSpace,Assignment,Editor,D:/University/Java/Assignment/src/Week5/Beverage.java,Beverage::toString,13,28,Default task
2021-10-02T13:39:01.730+09:00,HanSeunghun,KeyEvent,8:8:0,Assignment,Editor,D:/University/Java/Assignment/src/Week5/Beverage.java,Beverage::toString,13,27,Default task
2021-10-02T13:39:01.763+09:00,HanSeunghun,Action,EditorBackSpace,Assignment,Editor,D:/University/Java/Assignment/src/Week5/Beverage.java,Beverage::toString,13,27,Default task
2021-10-02T13:39:01.764+09:00,HanSeunghun,KeyEvent,8:8:0,Assignment,Editor,D:/University/Java/Assignment/src/Week5/Beverage.java,Beverage::toString,13,26,Default task
2021-10-02T13:39:01.794+09:00,HanSeunghun,Action,EditorBackSpace,Assignment,Editor,D:/University/Java/Assignment/src/Week5/Beverage.java,Beverage::toString,13,26,Default task
2021-10-02T13:39:01.796+09:00,HanSeunghun,KeyEvent,8:8:0,Assignment,Editor,D:/University/Java/Assignment/src/Week5/Beverage.java,Beverage::toString,13,25,Default task
2021-10-02T13:39:01.828+09:00,HanSeunghun,Action,EditorBackSpace,Assignment,Editor,D:/University/Java/Assignment/src/Week5/Beverage.java,Beverage::toString,13,25,Default task
2021-10-02T13:39:01.829+09:00,HanSeunghun,KeyEvent,8:8:0,Assignment,Editor,D:/University/Java/Assignment/src/Week5/Beverage.java,Beverage::toString,13,24,Default task
2021-10-02T13:39:01.861+09:00,HanSeunghun,Action,EditorBackSpace,Assignment,Editor,D:/University/Java/Assignment/src/Week5/Beverage.java,Beverage::toString,13,24,Default task
2021-10-02T13:39:01.863+09:00,HanSeunghun,KeyEvent,8:8:0,Assignment,Editor,D:/University/Java/Assignment/src/Week5/Beverage.java,Beverage::toString,13,23,Default task
2021-10-02T13:39:01.897+09:00,HanSeunghun,Action,EditorBackSpace,Assignment,Editor,D:/University/Java/Assignment/src/Week5/Beverage.java,Beverage::toString,13,23,Default task
2021-10-02T13:39:01.908+09:00,HanSeunghun,KeyEvent,8:8:0,Assignment,Editor,D:/University/Java/Assignment/src/Week5/Beverage.java,Beverage::toString,13,22,Default task
2021-10-02T13:39:01.930+09:00,HanSeunghun,Action,EditorBackSpace,Assignment,Editor,D:/University/Java/Assignment/src/Week5/Beverage.java,Beverage::toString,13,22,Default task
2021-10-02T13:39:01.931+09:00,HanSeunghun,KeyEvent,8:8:0,Assignment,Editor,D:/University/Java/Assignment/src/Week5/Beverage.java,Beverage::toString,13,21,Default task
2021-10-02T13:39:01.959+09:00,HanSeunghun,Action,EditorBackSpace,Assignment,Editor,D:/University/Java/Assignment/src/Week5/Beverage.java,Beverage::toString,13,21,Default task
2021-10-02T13:39:01.961+09:00,HanSeunghun,KeyEvent,8:8:0,Assignment,Editor,D:/University/Java/Assignment/src/Week5/Beverage.java,Beverage::toString,13,20,Default task
2021-10-02T13:39:02.000+09:00,HanSeunghun,Action,EditorBackSpace,Assignment,Editor,D:/University/Java/Assignment/src/Week5/Beverage.java,Beverage::toString,13,20,Default task
2021-10-02T13:39:02.001+09:00,HanSeunghun,KeyEvent,8:8:0,Assignment,Editor,D:/University/Java/Assignment/src/Week5/Beverage.java,Beverage::toString,13,19,Default task
2021-10-02T13:39:02.025+09:00,HanSeunghun,Action,EditorBackSpace,Assignment,Editor,D:/University/Java/Assignment/src/Week5/Beverage.java,Beverage::toString,13,19,Default task
2021-10-02T13:39:02.026+09:00,HanSeunghun,KeyEvent,8:8:0,Assignment,Editor,D:/University/Java/Assignment/src/Week5/Beverage.java,Beverage::toString,13,18,Default task
2021-10-02T13:39:02.060+09:00,HanSeunghun,Action,EditorBackSpace,Assignment,Editor,D:/University/Java/Assignment/src/Week5/Beverage.java,Beverage::toString,13,18,Default task
2021-10-02T13:39:02.060+09:00,HanSeunghun,KeyEvent,8:8:0,Assignment,Editor,D:/University/Java/Assignment/src/Week5/Beverage.java,Beverage::toString,13,17,Default task
2021-10-02T13:39:02.092+09:00,HanSeunghun,Action,EditorBackSpace,Assignment,Editor,D:/University/Java/Assignment/src/Week5/Beverage.java,Beverage::toString,13,17,Default task
2021-10-02T13:39:02.093+09:00,HanSeunghun,KeyEvent,8:8:0,Assignment,Editor,D:/University/Java/Assignment/src/Week5/Beverage.java,Beverage::toString,13,16,Default task
2021-10-02T13:39:02.268+09:00,HanSeunghun,Action,EditorBackSpace,Assignment,Editor,D:/University/Java/Assignment/src/Week5/Beverage.java,Beverage::toString,13,16,Default task
2021-10-02T13:39:02.269+09:00,HanSeunghun,KeyEvent,8:8:0,Assignment,Editor,D:/University/Java/Assignment/src/Week5/Beverage.java,Beverage::toString,13,15,Default task
2021-10-02T13:39:02.684+09:00,HanSeunghun,KeyEvent,65535:16:1,Assignment,Editor,D:/University/Java/Assignment/src/Week5/Beverage.java,Beverage::toString,13,15,Default task
2021-10-02T13:39:03.183+09:00,HanSeunghun,KeyEvent,65535:16:1,Assignment,Editor,D:/University/Java/Assignment/src/Week5/Beverage.java,Beverage::toString,13,15,Default task
2021-10-02T13:39:03.216+09:00,HanSeunghun,KeyEvent,65535:16:1,Assignment,Editor,D:/University/Java/Assignment/src/Week5/Beverage.java,Beverage::toString,13,15,Default task
2021-10-02T13:39:03.249+09:00,HanSeunghun,KeyEvent,65535:16:1,Assignment,Editor,D:/University/Java/Assignment/src/Week5/Beverage.java,Beverage::toString,13,15,Default task
2021-10-02T13:39:03.282+09:00,HanSeunghun,KeyEvent,65535:16:1,Assignment,Editor,D:/University/Java/Assignment/src/Week5/Beverage.java,Beverage::toString,13,15,Default task
2021-10-02T13:39:03.322+09:00,HanSeunghun,KeyEvent,65535:16:1,Assignment,Editor,D:/University/Java/Assignment/src/Week5/Beverage.java,Beverage::toString,13,15,Default task
2021-10-02T13:39:03.349+09:00,HanSeunghun,KeyEvent,65535:16:1,Assignment,Editor,D:/University/Java/Assignment/src/Week5/Beverage.java,Beverage::toString,13,15,Default task
2021-10-02T13:39:03.382+09:00,HanSeunghun,KeyEvent,65535:16:1,Assignment,Editor,D:/University/Java/Assignment/src/Week5/Beverage.java,Beverage::toString,13,15,Default task
2021-10-02T13:39:03.414+09:00,HanSeunghun,KeyEvent,65535:16:1,Assignment,Editor,D:/University/Java/Assignment/src/Week5/Beverage.java,Beverage::toString,13,15,Default task
2021-10-02T13:39:03.447+09:00,HanSeunghun,KeyEvent,65535:16:1,Assignment,Editor,D:/University/Java/Assignment/src/Week5/Beverage.java,Beverage::toString,13,15,Default task
2021-10-02T13:39:03.480+09:00,HanSeunghun,KeyEvent,65535:16:1,Assignment,Editor,D:/University/Java/Assignment/src/Week5/Beverage.java,Beverage::toString,13,15,Default task
2021-10-02T13:39:03.518+09:00,HanSeunghun,KeyEvent,65535:16:1,Assignment,Editor,D:/University/Java/Assignment/src/Week5/Beverage.java,Beverage::toString,13,15,Default task
2021-10-02T13:39:03.979+09:00,HanSeunghun,KeyEvent,65535:16:1,Assignment,Editor,D:/University/Java/Assignment/src/Week5/Beverage.java,Beverage::toString,13,15,Default task
2021-10-02T13:39:04.228+09:00,HanSeunghun,KeyEvent,34:222:1,Assignment,Editor,D:/University/Java/Assignment/src/Week5/Beverage.java,Beverage::toString,13,15,Default task
2021-10-02T13:39:04.443+09:00,HanSeunghun,KeyEvent,91:91:0,Assignment,Editor,D:/University/Java/Assignment/src/Week5/Beverage.java,Beverage::toString,13,16,Default task
2021-10-02T13:39:05.605+09:00,HanSeunghun,Action,EditorRight,Assignment,Editor,D:/University/Java/Assignment/src/Week5/Beverage.java,Beverage::toString,13,17,Default task
2021-10-02T13:39:05.606+09:00,HanSeunghun,KeyEvent,65535:39:0,Assignment,Editor,D:/University/Java/Assignment/src/Week5/Beverage.java,Beverage::toString,13,18,Default task
2021-10-02T13:39:05.931+09:00,HanSeunghun,KeyEvent,32:32:0,Assignment,Editor,D:/University/Java/Assignment/src/Week5/Beverage.java,Beverage::toString,13,18,Default task
2021-10-02T13:39:06.084+09:00,HanSeunghun,KeyEvent,65535:16:1,Assignment,Editor,D:/University/Java/Assignment/src/Week5/Beverage.java,Beverage::toString,13,19,Default task
2021-10-02T13:39:06.251+09:00,HanSeunghun,KeyEvent,43:61:1,Assignment,Editor,D:/University/Java/Assignment/src/Week5/Beverage.java,Beverage::toString,13,19,Default task
2021-10-02T13:39:06.532+09:00,HanSeunghun,KeyEvent,32:32:0,Assignment,Editor,D:/University/Java/Assignment/src/Week5/Beverage.java,Beverage::toString,13,20,Default task
2021-10-02T13:39:06.732+09:00,HanSeunghun,KeyEvent,65535:16:1,Assignment,Editor,D:/University/Java/Assignment/src/Week5/Beverage.java,Beverage::toString,13,21,Default task
2021-10-02T13:39:07.235+09:00,HanSeunghun,KeyEvent,65535:16:1,Assignment,Editor,D:/University/Java/Assignment/src/Week5/Beverage.java,Beverage::toString,13,21,Default task
2021-10-02T13:39:07.265+09:00,HanSeunghun,KeyEvent,65535:16:1,Assignment,Editor,D:/University/Java/Assignment/src/Week5/Beverage.java,Beverage::toString,13,21,Default task
2021-10-02T13:39:08.091+09:00,HanSeunghun,KeyEvent,110:78:0,Assignment,Editor,D:/University/Java/Assignment/src/Week5/Beverage.java,Beverage::toString,13,21,Default task
2021-10-02T13:39:08.163+09:00,HanSeunghun,KeyEvent,97:65:0,Assignment,Editor,D:/University/Java/Assignment/src/Week5/Beverage.java,Beverage::toString,13,22,Default task
2021-10-02T13:39:08.283+09:00,HanSeunghun,KeyEvent,109:77:0,Assignment,Editor,D:/University/Java/Assignment/src/Week5/Beverage.java,Beverage::toString,13,23,Default task
2021-10-02T13:39:08.371+09:00,HanSeunghun,KeyEvent,101:69:0,Assignment,Editor,D:/University/Java/Assignment/src/Week5/Beverage.java,Beverage::toString,13,24,Default task
2021-10-02T13:39:08.667+09:00,HanSeunghun,KeyEvent,32:32:0,Assignment,Editor,D:/University/Java/Assignment/src/Week5/Beverage.java,Beverage::toString,13,25,Default task
2021-10-02T13:39:10.132+09:00,HanSeunghun,KeyEvent,65535:16:1,Assignment,Editor,D:/University/Java/Assignment/src/Week5/Beverage.java,Beverage::toString,13,26,Default task
2021-10-02T13:39:10.631+09:00,HanSeunghun,KeyEvent,65535:16:1,Assignment,Editor,D:/University/Java/Assignment/src/Week5/Beverage.java,Beverage::toString,13,26,Default task
2021-10-02T13:39:10.665+09:00,HanSeunghun,KeyEvent,65535:16:1,Assignment,Editor,D:/University/Java/Assignment/src/Week5/Beverage.java,Beverage::toString,13,26,Default task
2021-10-02T13:39:10.697+09:00,HanSeunghun,KeyEvent,65535:16:1,Assignment,Editor,D:/University/Java/Assignment/src/Week5/Beverage.java,Beverage::toString,13,26,Default task
2021-10-02T13:39:10.730+09:00,HanSeunghun,KeyEvent,65535:16:1,Assignment,Editor,D:/University/Java/Assignment/src/Week5/Beverage.java,Beverage::toString,13,26,Default task
2021-10-02T13:39:11.595+09:00,HanSeunghun,KeyEvent,65535:16:1,Assignment,Editor,D:/University/Java/Assignment/src/Week5/Beverage.java,Beverage::toString,13,26,Default task
2021-10-02T13:39:11.715+09:00,HanSeunghun,KeyEvent,43:61:1,Assignment,Editor,D:/University/Java/Assignment/src/Week5/Beverage.java,Beverage::toString,13,26,Default task
2021-10-02T13:39:11.843+09:00,HanSeunghun,KeyEvent,32:32:1,Assignment,Editor,D:/University/Java/Assignment/src/Week5/Beverage.java,Beverage::toString,13,27,Default task
2021-10-02T13:39:11.996+09:00,HanSeunghun,KeyEvent,65535:16:1,Assignment,Editor,D:/University/Java/Assignment/src/Week5/Beverage.java,Beverage::toString,13,28,Default task
2021-10-02T13:39:12.076+09:00,HanSeunghun,KeyEvent,34:222:1,Assignment,Editor,D:/University/Java/Assignment/src/Week5/Beverage.java,Beverage::toString,13,28,Default task
2021-10-02T13:39:12.371+09:00,HanSeunghun,KeyEvent,44:44:0,Assignment,Editor,D:/University/Java/Assignment/src/Week5/Beverage.java,Beverage::toString,13,29,Default task
2021-10-02T13:39:12.700+09:00,HanSeunghun,Action,EditorRight,Assignment,Editor,D:/University/Java/Assignment/src/Week5/Beverage.java,Beverage::toString,13,30,Default task
2021-10-02T13:39:12.700+09:00,HanSeunghun,KeyEvent,65535:39:0,Assignment,Editor,D:/University/Java/Assignment/src/Week5/Beverage.java,Beverage::toString,13,31,Default task
2021-10-02T13:39:12.932+09:00,HanSeunghun,KeyEvent,32:32:0,Assignment,Editor,D:/University/Java/Assignment/src/Week5/Beverage.java,Beverage::toString,13,31,Default task
2021-10-02T13:39:13.260+09:00,HanSeunghun,KeyEvent,65535:16:1,Assignment,Editor,D:/University/Java/Assignment/src/Week5/Beverage.java,Beverage::toString,13,32,Default task
2021-10-02T13:39:13.761+09:00,HanSeunghun,KeyEvent,65535:16:1,Assignment,Editor,D:/University/Java/Assignment/src/Week5/Beverage.java,Beverage::toString,13,32,Default task
2021-10-02T13:39:13.772+09:00,HanSeunghun,KeyEvent,43:61:1,Assignment,Editor,D:/University/Java/Assignment/src/Week5/Beverage.java,Beverage::toString,13,32,Default task
2021-10-02T13:39:14.965+09:00,HanSeunghun,KeyEvent,32:32:0,Assignment,Editor,D:/University/Java/Assignment/src/Week5/Beverage.java,Beverage::toString,13,33,Default task
2021-10-02T13:39:15.307+09:00,HanSeunghun,KeyEvent,116:84:0,Assignment,Editor,D:/University/Java/Assignment/src/Week5/Beverage.java,Beverage::toString,13,34,Default task
2021-10-02T13:39:15.412+09:00,HanSeunghun,KeyEvent,121:89:0,Assignment,Editor,D:/University/Java/Assignment/src/Week5/Beverage.java,Beverage::toString,13,35,Default task
2021-10-02T13:39:15.627+09:00,HanSeunghun,KeyEvent,112:80:0,Assignment,Editor,D:/University/Java/Assignment/src/Week5/Beverage.java,Beverage::toString,13,36,Default task
2021-10-02T13:39:15.731+09:00,HanSeunghun,KeyEvent,101:69:0,Assignment,Editor,D:/University/Java/Assignment/src/Week5/Beverage.java,Beverage::toString,13,37,Default task
2021-10-02T13:39:15.956+09:00,HanSeunghun,KeyEvent,27:27:0,Assignment,Editor,D:/University/Java/Assignment/src/Week5/Beverage.java,Beverage::toString,13,38,Default task
2021-10-02T13:39:17.763+09:00,HanSeunghun,KeyEvent,65535:16:1,Assignment,Editor,D:/University/Java/Assignment/src/Week5/Beverage.java,Beverage::toString,13,38,Default task
2021-10-02T13:39:18.195+09:00,HanSeunghun,KeyEvent,32:32:0,Assignment,Editor,D:/University/Java/Assignment/src/Week5/Beverage.java,Beverage::toString,13,38,Default task
2021-10-02T13:39:18.324+09:00,HanSeunghun,KeyEvent,65535:16:1,Assignment,Editor,D:/University/Java/Assignment/src/Week5/Beverage.java,Beverage::toString,13,39,Default task
2021-10-02T13:39:18.451+09:00,HanSeunghun,KeyEvent,43:61:1,Assignment,Editor,D:/University/Java/Assignment/src/Week5/Beverage.java,Beverage::toString,13,39,Default task
2021-10-02T13:39:18.571+09:00,HanSeunghun,KeyEvent,32:32:0,Assignment,Editor,D:/University/Java/Assignment/src/Week5/Beverage.java,Beverage::toString,13,40,Default task
2021-10-02T13:39:18.724+09:00,HanSeunghun,KeyEvent,65535:16:1,Assignment,Editor,D:/University/Java/Assignment/src/Week5/Beverage.java,Beverage::toString,13,41,Default task
2021-10-02T13:39:18.819+09:00,HanSeunghun,KeyEvent,34:222:1,Assignment,Editor,D:/University/Java/Assignment/src/Week5/Beverage.java,Beverage::toString,13,41,Default task
2021-10-02T13:39:19.091+09:00,HanSeunghun,KeyEvent,93:93:0,Assignment,Editor,D:/University/Java/Assignment/src/Week5/Beverage.java,Beverage::toString,13,42,Default task
2021-10-02T13:39:19.404+09:00,HanSeunghun,Action,EditorRight,Assignment,Editor,D:/University/Java/Assignment/src/Week5/Beverage.java,Beverage::toString,13,43,Default task
2021-10-02T13:39:19.405+09:00,HanSeunghun,KeyEvent,65535:39:0,Assignment,Editor,D:/University/Java/Assignment/src/Week5/Beverage.java,Beverage::toString,13,44,Default task
2021-10-02T13:39:19.883+09:00,HanSeunghun,KeyEvent,59:59:0,Assignment,Editor,D:/University/Java/Assignment/src/Week5/Beverage.java,Beverage::toString,13,44,Default task
2021-10-02T13:39:20.587+09:00,HanSeunghun,Action,EditorDown,Assignment,Editor,D:/University/Java/Assignment/src/Week5/Beverage.java,Beverage::toString,13,45,Default task
2021-10-02T13:39:20.588+09:00,HanSeunghun,KeyEvent,65535:40:0,Assignment,Editor,D:/University/Java/Assignment/src/Week5/Beverage.java,,14,5,Default task
2021-10-02T13:39:20.810+09:00,HanSeunghun,Action,EditorDown,Assignment,Editor,D:/University/Java/Assignment/src/Week5/Beverage.java,,14,5,Default task
2021-10-02T13:39:20.812+09:00,HanSeunghun,KeyEvent,65535:40:0,Assignment,Editor,D:/University/Java/Assignment/src/Week5/Beverage.java,,15,1,Default task
2021-10-02T13:39:21.132+09:00,HanSeunghun,Action,EditorUp,Assignment,Editor,D:/University/Java/Assignment/src/Week5/Beverage.java,,15,1,Default task
2021-10-02T13:39:21.133+09:00,HanSeunghun,KeyEvent,65535:38:0,Assignment,Editor,D:/University/Java/Assignment/src/Week5/Beverage.java,,14,5,Default task
2021-10-02T13:39:21.316+09:00,HanSeunghun,Action,EditorUp,Assignment,Editor,D:/University/Java/Assignment/src/Week5/Beverage.java,,14,5,Default task
2021-10-02T13:39:21.316+09:00,HanSeunghun,KeyEvent,65535:38:0,Assignment,Editor,D:/University/Java/Assignment/src/Week5/Beverage.java,Beverage::toString,13,45,Default task
2021-10-02T13:39:21.515+09:00,HanSeunghun,Action,EditorUp,Assignment,Editor,D:/University/Java/Assignment/src/Week5/Beverage.java,Beverage::toString,13,45,Default task
2021-10-02T13:39:21.516+09:00,HanSeunghun,KeyEvent,65535:38:0,Assignment,Editor,D:/University/Java/Assignment/src/Week5/Beverage.java,Beverage::toString,12,5,Default task
2021-10-02T13:39:21.868+09:00,HanSeunghun,Action,EditorDown,Assignment,Editor,D:/University/Java/Assignment/src/Week5/Beverage.java,Beverage::toString,12,5,Default task
2021-10-02T13:39:21.869+09:00,HanSeunghun,KeyEvent,65535:40:0,Assignment,Editor,D:/University/Java/Assignment/src/Week5/Beverage.java,Beverage::toString,13,45,Default task
2021-10-02T13:39:24.571+09:00,HanSeunghun,KeyEvent,65535:20:0,Assignment,Editor,D:/University/Java/Assignment/src/Week5/Beverage.java,Beverage::toString,11,15,Default task
2021-10-02T13:39:24.667+09:00,HanSeunghun,KeyEvent,83:83:0,Assignment,Editor,D:/University/Java/Assignment/src/Week5/Beverage.java,Beverage::toString,11,15,Default task
2021-10-02T13:39:24.816+09:00,HanSeunghun,KeyEvent,65535:20:0,Assignment,Editor,D:/University/Java/Assignment/src/Week5/Beverage.java,Beverage::toString,11,12,Default task
2021-10-02T13:39:24.940+09:00,HanSeunghun,KeyEvent,116:84:0,Assignment,Editor,D:/University/Java/Assignment/src/Week5/Beverage.java,Beverage::toString,11,12,Default task
2021-10-02T13:39:25.086+09:00,HanSeunghun,KeyEvent,114:82:0,Assignment,Editor,D:/University/Java/Assignment/src/Week5/Beverage.java,Beverage::toString,11,13,Default task
2021-10-02T13:39:25.157+09:00,HanSeunghun,KeyEvent,105:73:0,Assignment,Editor,D:/University/Java/Assignment/src/Week5/Beverage.java,Beverage::toString,11,14,Default task
2021-10-02T13:39:25.308+09:00,HanSeunghun,KeyEvent,110:78:0,Assignment,Editor,D:/University/Java/Assignment/src/Week5/Beverage.java,Beverage::toString,11,15,Default task
2021-10-02T13:39:25.387+09:00,HanSeunghun,KeyEvent,103:71:0,Assignment,Editor,D:/University/Java/Assignment/src/Week5/Beverage.java,Beverage::toString,11,16,Default task
2021-10-02T13:39:25.605+09:00,HanSeunghun,Action,EditorEscape,Assignment,Editor,D:/University/Java/Assignment/src/Week5/Beverage.java,Beverage::toString,11,17,Default task
2021-10-02T13:39:25.610+09:00,HanSeunghun,KeyEvent,27:27:0,Assignment,Editor,D:/University/Java/Assignment/src/Week5/Beverage.java,Beverage::toString,11,17,Default task
2021-10-02T13:39:27.355+09:00,HanSeunghun,KeyEvent,65535:17:2,Assignment,Editor,D:/University/Java/Assignment/src/Week5/Beverage.java,,15,1,Default task
2021-10-02T13:39:27.788+09:00,HanSeunghun,Action,SaveAll,Assignment,Editor,D:/University/Java/Assignment/src/Week5/Beverage.java,,15,1,Default task
2021-10-02T13:39:27.824+09:00,HanSeunghun,KeyEvent,19:83:2,Assignment,Editor,D:/University/Java/Assignment/src/Week5/Beverage.java,Beverage::toString,15,1,Default task
2021-10-02T13:40:02.404+09:00,HanSeunghun,Action,EditorEnter,Assignment,Editor,D:/University/Java/Assignment/src/Week5/Beverage.java,,14,5,Default task
2021-10-02T13:40:02.407+09:00,HanSeunghun,KeyEvent,10:10:0,Assignment,Editor,D:/University/Java/Assignment/src/Week5/Beverage.java,,15,4,Default task
2021-10-02T13:40:02.595+09:00,HanSeunghun,Action,EditorEnter,Assignment,Editor,D:/University/Java/Assignment/src/Week5/Beverage.java,,15,4,Default task
2021-10-02T13:40:02.597+09:00,HanSeunghun,KeyEvent,10:10:0,Assignment,Editor,D:/University/Java/Assignment/src/Week5/Beverage.java,,16,4,Default task
2021-10-02T13:40:02.979+09:00,HanSeunghun,KeyEvent,65535:17:2,Assignment,Editor,D:/University/Java/Assignment/src/Week5/Beverage.java,,16,4,Default task
2021-10-02T13:40:03.124+09:00,HanSeunghun,KeyEvent,65535:16:3,Assignment,Editor,D:/University/Java/Assignment/src/Week5/Beverage.java,,16,4,Default task
2021-10-02T13:40:03.253+09:00,HanSeunghun,Action,EditorMatchBrace,Assignment,Editor,D:/University/Java/Assignment/src/Week5/Beverage.java,,16,4,Default task
2021-10-02T13:40:03.256+09:00,HanSeunghun,KeyEvent,13:77:3,Assignment,Editor,D:/University/Java/Assignment/src/Week5/Beverage.java,,2,22,Default task
2021-10-02T13:40:03.731+09:00,HanSeunghun,KeyEvent,27:27:0,Assignment,Editor,D:/University/Java/Assignment/src/Week5/Beverage.java,,2,22,Default task
2021-10-02T13:40:03.939+09:00,HanSeunghun,KeyEvent,27:27:0,Assignment,Editor,D:/University/Java/Assignment/src/Week5/Beverage.java,,2,22,Default task
2021-10-02T13:40:04.867+09:00,HanSeunghun,KeyEvent,65535:18:8,Assignment,Editor,D:/University/Java/Assignment/src/Week5/Beverage.java,,16,4,Default task
2021-10-02T13:40:05.175+09:00,HanSeunghun,Action,Generate,Assignment,Editor,D:/University/Java/Assignment/src/Week5/Beverage.java,,16,4,Default task
2021-10-02T13:40:05.266+09:00,HanSeunghun,KeyEvent,65535:155:8,Assignment,Editor,D:/University/Java/Assignment/src/Week5/Beverage.java,,16,4,Default task
2021-10-02T13:40:07.610+09:00,HanSeunghun,Action,GenerateEquals,,,,,-1,-1,
2021-10-02T13:40:33.211+09:00,HanSeunghun,KeyEvent,65535:17:2,Assignment,Editor,D:/University/Java/Assignment/src/Week5/Beverage.java,,18,0,Default task
2021-10-02T13:40:33.290+09:00,HanSeunghun,Action,EditorCopy,Assignment,Editor,D:/University/Java/Assignment/src/Week5/Beverage.java,,18,0,Default task
2021-10-02T13:40:33.296+09:00,HanSeunghun,KeyEvent,3:67:2,Assignment,Editor,D:/University/Java/Assignment/src/Week5/Beverage.java,,18,0,Default task
2021-10-02T13:40:34.148+09:00,HanSeunghun,Action,EditorEnter,Assignment,Editor,D:/University/Java/Assignment/src/Week5/Beverage.java,,12,0,Default task
2021-10-02T13:40:34.151+09:00,HanSeunghun,KeyEvent,10:10:0,Assignment,Editor,D:/University/Java/Assignment/src/Week5/Beverage.java,Beverage::toString,13,4,Default task
2021-10-02T13:40:34.308+09:00,HanSeunghun,KeyEvent,65535:17:2,Assignment,Editor,D:/University/Java/Assignment/src/Week5/Beverage.java,,13,4,Default task
2021-10-02T13:40:34.371+09:00,HanSeunghun,Action,EditorPaste,Assignment,Editor,D:/University/Java/Assignment/src/Week5/Beverage.java,,13,4,Default task
2021-10-02T13:40:34.394+09:00,HanSeunghun,KeyEvent,22:86:2,Assignment,Editor,D:/University/Java/Assignment/src/Week5/Beverage.java,Beverage::toString,13,13,Default task
2021-10-02T13:40:36.074+09:00,HanSeunghun,KeyEvent,65535:17:2,Assignment,Editor,D:/University/Java/Assignment/src/Week5/Beverage.java,,17,5,Default task
2021-10-02T13:40:38.988+09:00,HanSeunghun,Action,EditorTab,Assignment,Editor,D:/University/Java/Assignment/src/Week5/Beverage.java,,18,0,Default task
2021-10-02T13:40:38.990+09:00,HanSeunghun,KeyEvent,9:9:0,Assignment,Editor,D:/University/Java/Assignment/src/Week5/Beverage.java,,18,4,Default task
2021-10-02T13:40:55.827+09:00,HanSeunghun,KeyEvent,65535:17:2,Assignment,Editor,D:/University/Java/Assignment/src/Week5/Beverage.java,,31,1,Default task
2021-10-02T13:40:56.327+09:00,HanSeunghun,KeyEvent,65535:17:2,Assignment,Editor,D:/University/Java/Assignment/src/Week5/Beverage.java,,31,1,Default task
2021-10-02T13:40:56.359+09:00,HanSeunghun,KeyEvent,65535:17:2,Assignment,Editor,D:/University/Java/Assignment/src/Week5/Beverage.java,,31,1,Default task
2021-10-02T13:40:56.393+09:00,HanSeunghun,KeyEvent,65535:17:2,Assignment,Editor,D:/University/Java/Assignment/src/Week5/Beverage.java,,31,1,Default task
2021-10-02T13:40:56.426+09:00,HanSeunghun,KeyEvent,65535:17:2,Assignment,Editor,D:/University/Java/Assignment/src/Week5/Beverage.java,,31,1,Default task
2021-10-02T13:40:56.458+09:00,HanSeunghun,KeyEvent,65535:17:2,Assignment,Editor,D:/University/Java/Assignment/src/Week5/Beverage.java,,31,1,Default task
2021-10-02T13:40:56.493+09:00,HanSeunghun,KeyEvent,65535:17:2,Assignment,Editor,D:/University/Java/Assignment/src/Week5/Beverage.java,,31,1,Default task
2021-10-02T13:40:56.525+09:00,HanSeunghun,KeyEvent,65535:17:2,Assignment,Editor,D:/University/Java/Assignment/src/Week5/Beverage.java,,31,1,Default task
2021-10-02T13:40:56.558+09:00,HanSeunghun,KeyEvent,65535:17:2,Assignment,Editor,D:/University/Java/Assignment/src/Week5/Beverage.java,,31,1,Default task
2021-10-02T13:40:56.590+09:00,HanSeunghun,KeyEvent,65535:17:2,Assignment,Editor,D:/University/Java/Assignment/src/Week5/Beverage.java,,31,1,Default task
2021-10-02T13:40:56.624+09:00,HanSeunghun,KeyEvent,65535:17:2,Assignment,Editor,D:/University/Java/Assignment/src/Week5/Beverage.java,,31,1,Default task
2021-10-02T13:40:56.657+09:00,HanSeunghun,KeyEvent,65535:17:2,Assignment,Editor,D:/University/Java/Assignment/src/Week5/Beverage.java,,31,1,Default task
2021-10-02T13:40:56.690+09:00,HanSeunghun,KeyEvent,65535:17:2,Assignment,Editor,D:/University/Java/Assignment/src/Week5/Beverage.java,,31,1,Default task
2021-10-02T13:40:56.724+09:00,HanSeunghun,KeyEvent,65535:17:2,Assignment,Editor,D:/University/Java/Assignment/src/Week5/Beverage.java,,31,1,Default task
2021-10-02T13:40:56.758+09:00,HanSeunghun,KeyEvent,65535:17:2,Assignment,Editor,D:/University/Java/Assignment/src/Week5/Beverage.java,,31,1,Default task
2021-10-02T13:40:56.789+09:00,HanSeunghun,KeyEvent,65535:17:2,Assignment,Editor,D:/University/Java/Assignment/src/Week5/Beverage.java,,31,1,Default task
2021-10-02T13:40:56.821+09:00,HanSeunghun,KeyEvent,65535:17:2,Assignment,Editor,D:/University/Java/Assignment/src/Week5/Beverage.java,,31,1,Default task
2021-10-02T13:40:56.855+09:00,HanSeunghun,KeyEvent,65535:17:2,Assignment,Editor,D:/University/Java/Assignment/src/Week5/Beverage.java,,31,1,Default task
2021-10-02T13:40:56.888+09:00,HanSeunghun,KeyEvent,65535:17:2,Assignment,Editor,D:/University/Java/Assignment/src/Week5/Beverage.java,,31,1,Default task
2021-10-02T13:40:56.921+09:00,HanSeunghun,KeyEvent,65535:17:2,Assignment,Editor,D:/University/Java/Assignment/src/Week5/Beverage.java,,31,1,Default task
2021-10-02T13:40:56.954+09:00,HanSeunghun,KeyEvent,65535:17:2,Assignment,Editor,D:/University/Java/Assignment/src/Week5/Beverage.java,,31,1,Default task
2021-10-02T13:40:56.986+09:00,HanSeunghun,KeyEvent,65535:17:2,Assignment,Editor,D:/University/Java/Assignment/src/Week5/Beverage.java,,31,1,Default task
2021-10-02T13:40:57.020+09:00,HanSeunghun,KeyEvent,65535:17:2,Assignment,Editor,D:/University/Java/Assignment/src/Week5/Beverage.java,,31,1,Default task
2021-10-02T13:40:57.052+09:00,HanSeunghun,KeyEvent,65535:17:2,Assignment,Editor,D:/University/Java/Assignment/src/Week5/Beverage.java,,31,1,Default task
2021-10-02T13:40:57.087+09:00,HanSeunghun,KeyEvent,65535:17:2,Assignment,Editor,D:/University/Java/Assignment/src/Week5/Beverage.java,,31,1,Default task
2021-10-02T13:40:57.119+09:00,HanSeunghun,KeyEvent,65535:17:2,Assignment,Editor,D:/University/Java/Assignment/src/Week5/Beverage.java,,31,1,Default task
2021-10-02T13:40:57.151+09:00,HanSeunghun,KeyEvent,65535:17:2,Assignment,Editor,D:/University/Java/Assignment/src/Week5/Beverage.java,,31,1,Default task
2021-10-02T13:40:57.184+09:00,HanSeunghun,KeyEvent,65535:17:2,Assignment,Editor,D:/University/Java/Assignment/src/Week5/Beverage.java,,31,1,Default task
2021-10-02T13:40:57.218+09:00,HanSeunghun,KeyEvent,65535:17:2,Assignment,Editor,D:/University/Java/Assignment/src/Week5/Beverage.java,,31,1,Default task
2021-10-02T13:40:57.250+09:00,HanSeunghun,KeyEvent,65535:17:2,Assignment,Editor,D:/University/Java/Assignment/src/Week5/Beverage.java,,31,1,Default task
2021-10-02T13:40:57.283+09:00,HanSeunghun,KeyEvent,65535:17:2,Assignment,Editor,D:/University/Java/Assignment/src/Week5/Beverage.java,,31,1,Default task
2021-10-02T13:40:57.316+09:00,HanSeunghun,KeyEvent,65535:17:2,Assignment,Editor,D:/University/Java/Assignment/src/Week5/Beverage.java,,31,1,Default task
2021-10-02T13:40:57.350+09:00,HanSeunghun,KeyEvent,65535:17:2,Assignment,Editor,D:/University/Java/Assignment/src/Week5/Beverage.java,,31,1,Default task
2021-10-02T13:40:57.385+09:00,HanSeunghun,KeyEvent,65535:17:2,Assignment,Editor,D:/University/Java/Assignment/src/Week5/Beverage.java,,31,1,Default task
2021-10-02T13:40:57.416+09:00,HanSeunghun,KeyEvent,65535:17:2,Assignment,Editor,D:/University/Java/Assignment/src/Week5/Beverage.java,,31,1,Default task
2021-10-02T13:40:57.444+09:00,HanSeunghun,Action,SaveAll,Assignment,Editor,D:/University/Java/Assignment/src/Week5/Beverage.java,,31,1,Default task
2021-10-02T13:40:57.475+09:00,HanSeunghun,KeyEvent,19:83:2,Assignment,Editor,D:/University/Java/Assignment/src/Week5/Beverage.java,Beverage::hashCode,31,1,Default task
2021-10-02T13:40:58.476+09:00,HanSeunghun,Action,EditorTab,Assignment,Editor,D:/University/Java/Assignment/src/Week5/Beverage.java,,26,0,Default task
2021-10-02T13:40:58.478+09:00,HanSeunghun,KeyEvent,9:9:0,Assignment,Editor,D:/University/Java/Assignment/src/Week5/Beverage.java,,26,4,Default task
2021-10-02T13:40:58.803+09:00,HanSeunghun,KeyEvent,65535:17:2,Assignment,Editor,D:/University/Java/Assignment/src/Week5/Beverage.java,,26,4,Default task
2021-10-02T13:40:59.303+09:00,HanSeunghun,KeyEvent,65535:17:2,Assignment,Editor,D:/University/Java/Assignment/src/Week5/Beverage.java,,26,4,Default task
2021-10-02T13:40:59.337+09:00,HanSeunghun,KeyEvent,65535:17:2,Assignment,Editor,D:/University/Java/Assignment/src/Week5/Beverage.java,,26,4,Default task
2021-10-02T13:40:59.369+09:00,HanSeunghun,KeyEvent,65535:17:2,Assignment,Editor,D:/University/Java/Assignment/src/Week5/Beverage.java,,26,4,Default task
2021-10-02T13:40:59.403+09:00,HanSeunghun,KeyEvent,65535:17:2,Assignment,Editor,D:/University/Java/Assignment/src/Week5/Beverage.java,,26,4,Default task
2021-10-02T13:40:59.436+09:00,HanSeunghun,KeyEvent,65535:17:2,Assignment,Editor,D:/University/Java/Assignment/src/Week5/Beverage.java,,26,4,Default task
2021-10-02T13:40:59.468+09:00,HanSeunghun,KeyEvent,65535:17:2,Assignment,Editor,D:/University/Java/Assignment/src/Week5/Beverage.java,,26,4,Default task
2021-10-02T13:40:59.504+09:00,HanSeunghun,KeyEvent,65535:17:2,Assignment,Editor,D:/University/Java/Assignment/src/Week5/Beverage.java,,26,4,Default task
2021-10-02T13:40:59.534+09:00,HanSeunghun,KeyEvent,65535:17:2,Assignment,Editor,D:/University/Java/Assignment/src/Week5/Beverage.java,,26,4,Default task
2021-10-02T13:40:59.566+09:00,HanSeunghun,KeyEvent,65535:17:2,Assignment,Editor,D:/University/Java/Assignment/src/Week5/Beverage.java,,26,4,Default task
2021-10-02T13:40:59.587+09:00,HanSeunghun,Action,SaveAll,Assignment,Editor,D:/University/Java/Assignment/src/Week5/Beverage.java,,26,4,Default task
2021-10-02T13:40:59.608+09:00,HanSeunghun,KeyEvent,19:83:2,Assignment,Editor,D:/University/Java/Assignment/src/Week5/Beverage.java,,26,4,Default task
2021-10-02T13:41:00.853+09:00,HanSeunghun,Action,EditorTab,Assignment,Editor,D:/University/Java/Assignment/src/Week5/Beverage.java,,18,0,Default task
2021-10-02T13:41:00.854+09:00,HanSeunghun,KeyEvent,9:9:0,Assignment,Editor,D:/University/Java/Assignment/src/Week5/Beverage.java,,18,4,Default task
2021-10-02T13:41:01.099+09:00,HanSeunghun,KeyEvent,65535:17:2,Assignment,Editor,D:/University/Java/Assignment/src/Week5/Beverage.java,,18,4,Default task
2021-10-02T13:41:01.268+09:00,HanSeunghun,Action,SaveAll,Assignment,Editor,D:/University/Java/Assignment/src/Week5/Beverage.java,,18,4,Default task
2021-10-02T13:41:01.308+09:00,HanSeunghun,KeyEvent,19:83:2,Assignment,Editor,D:/University/Java/Assignment/src/Week5/Beverage.java,,18,4,Default task
2021-10-02T13:41:01.962+09:00,HanSeunghun,KeyEvent,65535:17:2,Assignment,Editor,D:/University/Java/Assignment/src/Week5/Beverage.java,,12,0,Default task
2021-10-02T13:41:03.363+09:00,HanSeunghun,KeyEvent,65535:17:2,Assignment,Editor,D:/University/Java/Assignment/src/Week5/Beverage.java,,13,0,Default task
2021-10-02T13:41:03.444+09:00,HanSeunghun,Action,EditorCopy,Assignment,Editor,D:/University/Java/Assignment/src/Week5/Beverage.java,,13,0,Default task
2021-10-02T13:41:03.446+09:00,HanSeunghun,KeyEvent,3:67:2,Assignment,Editor,D:/University/Java/Assignment/src/Week5/Beverage.java,,13,0,Default task
2021-10-02T13:41:04.076+09:00,HanSeunghun,Action,EditorTab,Assignment,Editor,D:/University/Java/Assignment/src/Week5/Beverage.java,,12,0,Default task
2021-10-02T13:41:04.078+09:00,HanSeunghun,KeyEvent,9:9:0,Assignment,Editor,D:/University/Java/Assignment/src/Week5/Beverage.java,,12,4,Default task
2021-10-02T13:41:04.315+09:00,HanSeunghun,KeyEvent,65535:17:2,Assignment,Editor,D:/University/Java/Assignment/src/Week5/Beverage.java,,12,4,Default task
2021-10-02T13:41:04.590+09:00,HanSeunghun,KeyEvent,65535:17:2,Assignment,Editor,D:/University/Java/Assignment/src/Week5/Beverage.java,,12,4,Default task
2021-10-02T13:41:05.087+09:00,HanSeunghun,KeyEvent,65535:17:2,Assignment,Editor,D:/University/Java/Assignment/src/Week5/Beverage.java,,12,4,Default task
2021-10-02T13:41:05.120+09:00,HanSeunghun,KeyEvent,65535:17:2,Assignment,Editor,D:/University/Java/Assignment/src/Week5/Beverage.java,,12,4,Default task
2021-10-02T13:41:05.151+09:00,HanSeunghun,KeyEvent,65535:17:2,Assignment,Editor,D:/University/Java/Assignment/src/Week5/Beverage.java,,12,4,Default task
2021-10-02T13:41:05.170+09:00,HanSeunghun,Action,SaveAll,Assignment,Editor,D:/University/Java/Assignment/src/Week5/Beverage.java,,12,4,Default task
2021-10-02T13:41:05.396+09:00,HanSeunghun,KeyEvent,19:83:2,Assignment,Editor,D:/University/Java/Assignment/src/Week5/Beverage.java,,12,4,Default task
2021-10-02T13:41:09.044+09:00,HanSeunghun,Action,EditorEnter,Assignment,Editor,D:/University/Java/Assignment/src/Week5/Cafe.java,,37,5,Default task
2021-10-02T13:41:09.046+09:00,HanSeunghun,KeyEvent,10:10:0,Assignment,Editor,D:/University/Java/Assignment/src/Week5/Cafe.java,,38,4,Default task
2021-10-02T13:41:09.195+09:00,HanSeunghun,Action,EditorEnter,Assignment,Editor,D:/University/Java/Assignment/src/Week5/Cafe.java,,38,4,Default task
2021-10-02T13:41:09.197+09:00,HanSeunghun,KeyEvent,10:10:0,Assignment,Editor,D:/University/Java/Assignment/src/Week5/Cafe.java,,39,4,Default task
2021-10-02T13:41:09.363+09:00,HanSeunghun,KeyEvent,65535:18:8,Assignment,Editor,D:/University/Java/Assignment/src/Week5/Cafe.java,,39,4,Default task
2021-10-02T13:41:09.692+09:00,HanSeunghun,Action,Generate,Assignment,Editor,D:/University/Java/Assignment/src/Week5/Cafe.java,,39,4,Default task
2021-10-02T13:41:09.720+09:00,HanSeunghun,KeyEvent,65535:155:8,Assignment,Editor,D:/University/Java/Assignment/src/Week5/Cafe.java,,39,4,Default task
2021-10-02T13:41:11.708+09:00,HanSeunghun,Action,GenerateEquals,,,,,-1,-1,
2021-10-02T13:41:15.995+09:00,HanSeunghun,KeyEvent,65535:17:2,Assignment,Editor,D:/University/Java/Assignment/src/Week5/Cafe.java,,40,0,Default task
2021-10-02T13:41:16.077+09:00,HanSeunghun,Action,EditorCopy,Assignment,Editor,D:/University/Java/Assignment/src/Week5/Cafe.java,,40,0,Default task
2021-10-02T13:41:16.078+09:00,HanSeunghun,KeyEvent,3:67:2,Assignment,Editor,D:/University/Java/Assignment/src/Week5/Cafe.java,,40,0,Default task
2021-10-02T13:41:16.971+09:00,HanSeunghun,Action,EditorTab,Assignment,Editor,D:/University/Java/Assignment/src/Week5/Cafe.java,,27,0,Default task
2021-10-02T13:41:16.974+09:00,HanSeunghun,KeyEvent,9:9:0,Assignment,Editor,D:/University/Java/Assignment/src/Week5/Cafe.java,,27,4,Default task
2021-10-02T13:41:17.212+09:00,HanSeunghun,Action,EditorEnter,Assignment,Editor,D:/University/Java/Assignment/src/Week5/Cafe.java,,27,4,Default task
2021-10-02T13:41:17.213+09:00,HanSeunghun,KeyEvent,10:10:0,Assignment,Editor,D:/University/Java/Assignment/src/Week5/Cafe.java,Cafe::toString,28,4,Default task
2021-10-02T13:41:17.371+09:00,HanSeunghun,KeyEvent,65535:17:2,Assignment,Editor,D:/University/Java/Assignment/src/Week5/Cafe.java,,28,4,Default task
2021-10-02T13:41:17.446+09:00,HanSeunghun,Action,EditorPaste,Assignment,Editor,D:/University/Java/Assignment/src/Week5/Cafe.java,,28,4,Default task
2021-10-02T13:41:17.452+09:00,HanSeunghun,KeyEvent,22:86:2,Assignment,Editor,D:/University/Java/Assignment/src/Week5/Cafe.java,Cafe::toString,28,13,Default task
2021-10-02T13:41:19.595+09:00,HanSeunghun,KeyEvent,65535:17:2,Assignment,Editor,D:/University/Java/Assignment/src/Week5/Cafe.java,,53,1,Default task
2021-10-02T13:41:20.011+09:00,HanSeunghun,Action,SaveAll,Assignment,Editor,D:/University/Java/Assignment/src/Week5/Cafe.java,,53,1,Default task
2021-10-02T13:41:20.058+09:00,HanSeunghun,KeyEvent,19:83:2,Assignment,Editor,D:/University/Java/Assignment/src/Week5/Cafe.java,,53,1,Default task
2021-10-02T13:42:04.930+09:00,HanSeunghun,KeyEvent,65535:17:2,Assignment,Editor,D:/University/Java/Assignment/src/Week5/Cafe.java,,53,1,Default task
2021-10-02T13:42:05.043+09:00,HanSeunghun,Action,SaveAll,Assignment,Editor,D:/University/Java/Assignment/src/Week5/Cafe.java,,53,1,Default task
2021-10-02T13:42:05.043+09:00,HanSeunghun,KeyEvent,19:83:2,Assignment,Editor,D:/University/Java/Assignment/src/Week5/Cafe.java,,53,1,Default task
2021-10-02T13:42:07.467+09:00,HanSeunghun,KeyEvent,98:66:0,Assignment,Editor,D:/University/Java/Assignment/src/Week5/Cafe.java,Cafe::addBeverage,17,23,Default task
2021-10-02T13:42:07.963+09:00,HanSeunghun,Action,EditorChooseLookupItem,Assignment,Editor,D:/University/Java/Assignment/src/Week5/Cafe.java,Cafe::addBeverage,17,24,Default task
2021-10-02T13:42:07.972+09:00,HanSeunghun,KeyEvent,10:10:0,Assignment,Editor,D:/University/Java/Assignment/src/Week5/Cafe.java,Cafe::addBeverage,17,31,Default task
2021-10-02T13:42:08.890+09:00,HanSeunghun,KeyEvent,46:46:0,Assignment,Editor,D:/University/Java/Assignment/src/Week5/Cafe.java,Cafe::addBeverage,17,31,Default task
2021-10-02T13:42:10.531+09:00,HanSeunghun,Action,EditorChooseLookupItem,Assignment,Editor,D:/University/Java/Assignment/src/Week5/Cafe.java,Cafe::addBeverage,17,32,Default task
2021-10-02T13:42:10.541+09:00,HanSeunghun,KeyEvent,10:10:0,Assignment,Editor,D:/University/Java/Assignment/src/Week5/Cafe.java,Cafe::addBeverage,17,49,Default task
2021-10-02T13:42:11.123+09:00,HanSeunghun,KeyEvent,44:44:0,Assignment,Editor,D:/University/Java/Assignment/src/Week5/Cafe.java,Cafe::addBeverage,17,49,Default task
2021-10-02T13:42:11.440+09:00,HanSeunghun,KeyEvent,32:32:0,Assignment,Editor,D:/University/Java/Assignment/src/Week5/Cafe.java,Cafe::addBeverage,17,50,Default task
2021-10-02T13:42:12.043+09:00,HanSeunghun,KeyEvent,98:66:0,Assignment,Editor,D:/University/Java/Assignment/src/Week5/Cafe.java,Cafe::addBeverage,17,51,Default task
2021-10-02T13:42:12.531+09:00,HanSeunghun,Action,EditorChooseLookupItem,Assignment,Editor,D:/University/Java/Assignment/src/Week5/Cafe.java,Cafe::addBeverage,17,52,Default task
2021-10-02T13:42:12.540+09:00,HanSeunghun,KeyEvent,10:10:0,Assignment,Editor,D:/University/Java/Assignment/src/Week5/Cafe.java,Cafe::addBeverage,17,59,Default task
2021-10-02T13:42:12.963+09:00,HanSeunghun,Action,EditorLineEnd,Assignment,Editor,D:/University/Java/Assignment/src/Week5/Cafe.java,Cafe::addBeverage,17,59,Default task
2021-10-02T13:42:12.964+09:00,HanSeunghun,KeyEvent,65535:35:0,Assignment,Editor,D:/University/Java/Assignment/src/Week5/Cafe.java,Cafe::addBeverage,17,61,Default task
2021-10-02T13:42:13.356+09:00,HanSeunghun,Action,EditorUp,Assignment,Editor,D:/University/Java/Assignment/src/Week5/Cafe.java,Cafe::addBeverage,17,61,Default task
2021-10-02T13:42:13.357+09:00,HanSeunghun,KeyEvent,65535:38:0,Assignment,Editor,D:/University/Java/Assignment/src/Week5/Cafe.java,Cafe::addBeverage,16,5,Default task
2021-10-02T13:42:13.676+09:00,HanSeunghun,Action,EditorEnter,Assignment,Editor,D:/University/Java/Assignment/src/Week5/Cafe.java,Cafe::addBeverage,16,5,Default task
2021-10-02T13:42:13.679+09:00,HanSeunghun,KeyEvent,10:10:0,Assignment,Editor,D:/University/Java/Assignment/src/Week5/Cafe.java,Cafe::addBeverage,17,8,Default task
2021-10-02T13:42:13.892+09:00,HanSeunghun,KeyEvent,116:84:0,Assignment,Editor,D:/University/Java/Assignment/src/Week5/Cafe.java,Cafe::addBeverage,17,8,Default task
2021-10-02T13:42:14.059+09:00,HanSeunghun,KeyEvent,105:73:0,Assignment,Editor,D:/University/Java/Assignment/src/Week5/Cafe.java,Cafe::addBeverage,17,9,Default task
2021-10-02T13:42:14.461+09:00,HanSeunghun,Action,EditorBackSpace,Assignment,Editor,D:/University/Java/Assignment/src/Week5/Cafe.java,Cafe::addBeverage,17,10,Default task
2021-10-02T13:42:14.466+09:00,HanSeunghun,KeyEvent,8:8:0,Assignment,Editor,D:/University/Java/Assignment/src/Week5/Cafe.java,Cafe::addBeverage,17,9,Default task
2021-10-02T13:42:14.699+09:00,HanSeunghun,KeyEvent,104:72:0,Assignment,Editor,D:/University/Java/Assignment/src/Week5/Cafe.java,Cafe::addBeverage,17,9,Default task
2021-10-02T13:42:14.746+09:00,HanSeunghun,KeyEvent,105:73:0,Assignment,Editor,D:/University/Java/Assignment/src/Week5/Cafe.java,Cafe::addBeverage,17,10,Default task
2021-10-02T13:42:14.802+09:00,HanSeunghun,KeyEvent,115:83:0,Assignment,Editor,D:/University/Java/Assignment/src/Week5/Cafe.java,Cafe::addBeverage,17,11,Default task
2021-10-02T13:42:14.994+09:00,HanSeunghun,KeyEvent,46:46:0,Assignment,Editor,D:/University/Java/Assignment/src/Week5/Cafe.java,Cafe::addBeverage,17,12,Default task
2021-10-02T13:42:15.219+09:00,HanSeunghun,KeyEvent,109:77:0,Assignment,Editor,D:/University/Java/Assignment/src/Week5/Cafe.java,Cafe::addBeverage,17,13,Default task
2021-10-02T13:42:15.603+09:00,HanSeunghun,Action,EditorChooseLookupItem,Assignment,Editor,D:/University/Java/Assignment/src/Week5/Cafe.java,Cafe::addBeverage,17,14,Default task
2021-10-02T13:42:15.610+09:00,HanSeunghun,KeyEvent,10:10:0,Assignment,Editor,D:/University/Java/Assignment/src/Week5/Cafe.java,Cafe::addBeverage,17,18,Default task
2021-10-02T13:42:15.843+09:00,HanSeunghun,KeyEvent,46:46:0,Assignment,Editor,D:/University/Java/Assignment/src/Week5/Cafe.java,Cafe::addBeverage,17,18,Default task
2021-10-02T13:42:16.250+09:00,HanSeunghun,KeyEvent,99:67:0,Assignment,Editor,D:/University/Java/Assignment/src/Week5/Cafe.java,Cafe::addBeverage,17,19,Default task
2021-10-02T13:42:16.699+09:00,HanSeunghun,KeyEvent,111:79:0,Assignment,Editor,D:/University/Java/Assignment/src/Week5/Cafe.java,Cafe::addBeverage,17,20,Default task
2021-10-02T13:42:16.939+09:00,HanSeunghun,KeyEvent,110:78:0,Assignment,Editor,D:/University/Java/Assignment/src/Week5/Cafe.java,Cafe::addBeverage,17,21,Default task
2021-10-02T13:42:17.499+09:00,HanSeunghun,Action,EditorBackSpace,Assignment,Editor,D:/University/Java/Assignment/src/Week5/Cafe.java,Cafe::addBeverage,17,22,Default task
2021-10-02T13:42:17.506+09:00,HanSeunghun,KeyEvent,8:8:0,Assignment,Editor,D:/University/Java/Assignment/src/Week5/Cafe.java,Cafe::addBeverage,17,21,Default task
2021-10-02T13:42:17.699+09:00,HanSeunghun,Action,EditorBackSpace,Assignment,Editor,D:/University/Java/Assignment/src/Week5/Cafe.java,Cafe::addBeverage,17,21,Default task
2021-10-02T13:42:17.704+09:00,HanSeunghun,KeyEvent,8:8:0,Assignment,Editor,D:/University/Java/Assignment/src/Week5/Cafe.java,Cafe::addBeverage,17,20,Default task
2021-10-02T13:42:17.883+09:00,HanSeunghun,Action,EditorBackSpace,Assignment,Editor,D:/University/Java/Assignment/src/Week5/Cafe.java,Cafe::addBeverage,17,20,Default task
2021-10-02T13:42:17.889+09:00,HanSeunghun,KeyEvent,8:8:0,Assignment,Editor,D:/University/Java/Assignment/src/Week5/Cafe.java,Cafe::addBeverage,17,19,Default task
2021-10-02T13:42:18.035+09:00,HanSeunghun,Action,EditorBackSpace,Assignment,Editor,D:/University/Java/Assignment/src/Week5/Cafe.java,Cafe::addBeverage,17,19,Default task
2021-10-02T13:42:18.041+09:00,HanSeunghun,KeyEvent,8:8:0,Assignment,Editor,D:/University/Java/Assignment/src/Week5/Cafe.java,Cafe::addBeverage,17,18,Default task
2021-10-02T13:42:18.258+09:00,HanSeunghun,KeyEvent,46:46:0,Assignment,Editor,D:/University/Java/Assignment/src/Week5/Cafe.java,Cafe::addBeverage,17,18,Default task
2021-10-02T13:42:18.378+09:00,HanSeunghun,KeyEvent,99:67:0,Assignment,Editor,D:/University/Java/Assignment/src/Week5/Cafe.java,Cafe::addBeverage,17,19,Default task
2021-10-02T13:42:18.532+09:00,HanSeunghun,KeyEvent,111:79:0,Assignment,Editor,D:/University/Java/Assignment/src/Week5/Cafe.java,Cafe::addBeverage,17,20,Default task
2021-10-02T13:42:18.683+09:00,HanSeunghun,KeyEvent,110:78:0,Assignment,Editor,D:/University/Java/Assignment/src/Week5/Cafe.java,Cafe::addBeverage,17,21,Default task
2021-10-02T13:42:19.179+09:00,HanSeunghun,Action,EditorChooseLookupItem,Assignment,Editor,D:/University/Java/Assignment/src/Week5/Cafe.java,Cafe::addBeverage,17,22,Default task
2021-10-02T13:42:19.189+09:00,HanSeunghun,KeyEvent,10:10:0,Assignment,Editor,D:/University/Java/Assignment/src/Week5/Cafe.java,Cafe::addBeverage,17,31,Default task
2021-10-02T13:42:19.691+09:00,HanSeunghun,KeyEvent,98:66:0,Assignment,Editor,D:/University/Java/Assignment/src/Week5/Cafe.java,Cafe::addBeverage,17,31,Default task
2021-10-02T13:42:19.851+09:00,HanSeunghun,KeyEvent,101:69:0,Assignment,Editor,D:/University/Java/Assignment/src/Week5/Cafe.java,Cafe::addBeverage,17,32,Default task
2021-10-02T13:42:21.307+09:00,HanSeunghun,Action,EditorChooseLookupItem,Assignment,Editor,D:/University/Java/Assignment/src/Week5/Cafe.java,Cafe::addBeverage,17,33,Default task
2021-10-02T13:42:21.316+09:00,HanSeunghun,KeyEvent,10:10:0,Assignment,Editor,D:/University/Java/Assignment/src/Week5/Cafe.java,Cafe::addBeverage,17,39,Default task
2021-10-02T13:42:23.252+09:00,HanSeunghun,Action,EditorRight,Assignment,Editor,D:/University/Java/Assignment/src/Week5/Cafe.java,Cafe::addBeverage,17,39,Default task
2021-10-02T13:42:23.252+09:00,HanSeunghun,KeyEvent,65535:39:0,Assignment,Editor,D:/University/Java/Assignment/src/Week5/Cafe.java,Cafe::addBeverage,17,40,Default task
2021-10-02T13:42:24.907+09:00,HanSeunghun,KeyEvent,65535:16:1,Assignment,Editor,D:/University/Java/Assignment/src/Week5/Cafe.java,Cafe::addBeverage,17,40,Default task
2021-10-02T13:42:25.410+09:00,HanSeunghun,KeyEvent,65535:16:1,Assignment,Editor,D:/University/Java/Assignment/src/Week5/Cafe.java,Cafe::addBeverage,17,40,Default task
2021-10-02T13:42:25.441+09:00,HanSeunghun,KeyEvent,65535:16:1,Assignment,Editor,D:/University/Java/Assignment/src/Week5/Cafe.java,Cafe::addBeverage,17,40,Default task
2021-10-02T13:42:25.475+09:00,HanSeunghun,KeyEvent,65535:16:1,Assignment,Editor,D:/University/Java/Assignment/src/Week5/Cafe.java,Cafe::addBeverage,17,40,Default task
2021-10-02T13:42:25.507+09:00,HanSeunghun,KeyEvent,65535:16:1,Assignment,Editor,D:/University/Java/Assignment/src/Week5/Cafe.java,Cafe::addBeverage,17,40,Default task
2021-10-02T13:42:25.538+09:00,HanSeunghun,KeyEvent,65535:16:1,Assignment,Editor,D:/University/Java/Assignment/src/Week5/Cafe.java,Cafe::addBeverage,17,40,Default task
2021-10-02T13:42:25.580+09:00,HanSeunghun,KeyEvent,65535:16:1,Assignment,Editor,D:/University/Java/Assignment/src/Week5/Cafe.java,Cafe::addBeverage,17,40,Default task
2021-10-02T13:42:25.605+09:00,HanSeunghun,KeyEvent,65535:16:1,Assignment,Editor,D:/University/Java/Assignment/src/Week5/Cafe.java,Cafe::addBeverage,17,40,Default task
2021-10-02T13:42:25.637+09:00,HanSeunghun,KeyEvent,65535:16:1,Assignment,Editor,D:/University/Java/Assignment/src/Week5/Cafe.java,Cafe::addBeverage,17,40,Default task
2021-10-02T13:42:25.671+09:00,HanSeunghun,KeyEvent,65535:16:1,Assignment,Editor,D:/University/Java/Assignment/src/Week5/Cafe.java,Cafe::addBeverage,17,40,Default task
2021-10-02T13:42:25.704+09:00,HanSeunghun,KeyEvent,65535:16:1,Assignment,Editor,D:/University/Java/Assignment/src/Week5/Cafe.java,Cafe::addBeverage,17,40,Default task
2021-10-02T13:42:25.738+09:00,HanSeunghun,KeyEvent,65535:16:1,Assignment,Editor,D:/University/Java/Assignment/src/Week5/Cafe.java,Cafe::addBeverage,17,40,Default task
2021-10-02T13:42:25.772+09:00,HanSeunghun,KeyEvent,65535:16:1,Assignment,Editor,D:/University/Java/Assignment/src/Week5/Cafe.java,Cafe::addBeverage,17,40,Default task
2021-10-02T13:42:25.803+09:00,HanSeunghun,KeyEvent,65535:16:1,Assignment,Editor,D:/University/Java/Assignment/src/Week5/Cafe.java,Cafe::addBeverage,17,40,Default task
2021-10-02T13:42:25.837+09:00,HanSeunghun,KeyEvent,65535:16:1,Assignment,Editor,D:/University/Java/Assignment/src/Week5/Cafe.java,Cafe::addBeverage,17,40,Default task
2021-10-02T13:42:25.869+09:00,HanSeunghun,KeyEvent,65535:16:1,Assignment,Editor,D:/University/Java/Assignment/src/Week5/Cafe.java,Cafe::addBeverage,17,40,Default task
2021-10-02T13:42:25.903+09:00,HanSeunghun,KeyEvent,65535:16:1,Assignment,Editor,D:/University/Java/Assignment/src/Week5/Cafe.java,Cafe::addBeverage,17,40,Default task
2021-10-02T13:42:25.935+09:00,HanSeunghun,KeyEvent,65535:16:1,Assignment,Editor,D:/University/Java/Assignment/src/Week5/Cafe.java,Cafe::addBeverage,17,40,Default task
2021-10-02T13:42:25.967+09:00,HanSeunghun,KeyEvent,65535:16:1,Assignment,Editor,D:/University/Java/Assignment/src/Week5/Cafe.java,Cafe::addBeverage,17,40,Default task
2021-10-02T13:42:26.001+09:00,HanSeunghun,KeyEvent,65535:16:1,Assignment,Editor,D:/University/Java/Assignment/src/Week5/Cafe.java,Cafe::addBeverage,17,40,Default task
2021-10-02T13:42:26.034+09:00,HanSeunghun,KeyEvent,65535:16:1,Assignment,Editor,D:/University/Java/Assignment/src/Week5/Cafe.java,Cafe::addBeverage,17,40,Default task
2021-10-02T13:42:26.066+09:00,HanSeunghun,KeyEvent,65535:16:1,Assignment,Editor,D:/University/Java/Assignment/src/Week5/Cafe.java,Cafe::addBeverage,17,40,Default task
2021-10-02T13:42:26.100+09:00,HanSeunghun,KeyEvent,65535:16:1,Assignment,Editor,D:/University/Java/Assignment/src/Week5/Cafe.java,Cafe::addBeverage,17,40,Default task
2021-10-02T13:42:26.133+09:00,HanSeunghun,KeyEvent,65535:16:1,Assignment,Editor,D:/University/Java/Assignment/src/Week5/Cafe.java,Cafe::addBeverage,17,40,Default task
2021-10-02T13:42:26.166+09:00,HanSeunghun,KeyEvent,65535:16:1,Assignment,Editor,D:/University/Java/Assignment/src/Week5/Cafe.java,Cafe::addBeverage,17,40,Default task
2021-10-02T13:42:26.199+09:00,HanSeunghun,KeyEvent,65535:16:1,Assignment,Editor,D:/University/Java/Assignment/src/Week5/Cafe.java,Cafe::addBeverage,17,40,Default task
2021-10-02T13:42:26.232+09:00,HanSeunghun,KeyEvent,65535:16:1,Assignment,Editor,D:/University/Java/Assignment/src/Week5/Cafe.java,Cafe::addBeverage,17,40,Default task
2021-10-02T13:42:26.265+09:00,HanSeunghun,KeyEvent,65535:16:1,Assignment,Editor,D:/University/Java/Assignment/src/Week5/Cafe.java,Cafe::addBeverage,17,40,Default task
2021-10-02T13:42:26.298+09:00,HanSeunghun,KeyEvent,65535:16:1,Assignment,Editor,D:/University/Java/Assignment/src/Week5/Cafe.java,Cafe::addBeverage,17,40,Default task
2021-10-02T13:42:26.331+09:00,HanSeunghun,KeyEvent,65535:16:1,Assignment,Editor,D:/University/Java/Assignment/src/Week5/Cafe.java,Cafe::addBeverage,17,40,Default task
2021-10-02T13:42:26.364+09:00,HanSeunghun,KeyEvent,65535:16:1,Assignment,Editor,D:/University/Java/Assignment/src/Week5/Cafe.java,Cafe::addBeverage,17,40,Default task
2021-10-02T13:42:26.397+09:00,HanSeunghun,KeyEvent,65535:16:1,Assignment,Editor,D:/University/Java/Assignment/src/Week5/Cafe.java,Cafe::addBeverage,17,40,Default task
2021-10-02T13:42:26.430+09:00,HanSeunghun,KeyEvent,65535:16:1,Assignment,Editor,D:/University/Java/Assignment/src/Week5/Cafe.java,Cafe::addBeverage,17,40,Default task
2021-10-02T13:42:26.463+09:00,HanSeunghun,KeyEvent,65535:16:1,Assignment,Editor,D:/University/Java/Assignment/src/Week5/Cafe.java,Cafe::addBeverage,17,40,Default task
2021-10-02T13:42:26.497+09:00,HanSeunghun,KeyEvent,65535:16:1,Assignment,Editor,D:/University/Java/Assignment/src/Week5/Cafe.java,Cafe::addBeverage,17,40,Default task
2021-10-02T13:42:26.530+09:00,HanSeunghun,KeyEvent,65535:16:1,Assignment,Editor,D:/University/Java/Assignment/src/Week5/Cafe.java,Cafe::addBeverage,17,40,Default task
2021-10-02T13:42:26.563+09:00,HanSeunghun,KeyEvent,65535:16:1,Assignment,Editor,D:/University/Java/Assignment/src/Week5/Cafe.java,Cafe::addBeverage,17,40,Default task
2021-10-02T13:42:26.594+09:00,HanSeunghun,KeyEvent,65535:16:1,Assignment,Editor,D:/University/Java/Assignment/src/Week5/Cafe.java,Cafe::addBeverage,17,40,Default task
2021-10-02T13:42:26.629+09:00,HanSeunghun,KeyEvent,65535:16:1,Assignment,Editor,D:/University/Java/Assignment/src/Week5/Cafe.java,Cafe::addBeverage,17,40,Default task
2021-10-02T13:42:26.661+09:00,HanSeunghun,KeyEvent,65535:16:1,Assignment,Editor,D:/University/Java/Assignment/src/Week5/Cafe.java,Cafe::addBeverage,17,40,Default task
2021-10-02T13:42:26.694+09:00,HanSeunghun,KeyEvent,65535:16:1,Assignment,Editor,D:/University/Java/Assignment/src/Week5/Cafe.java,Cafe::addBeverage,17,40,Default task
2021-10-02T13:42:26.727+09:00,HanSeunghun,KeyEvent,65535:16:1,Assignment,Editor,D:/University/Java/Assignment/src/Week5/Cafe.java,Cafe::addBeverage,17,40,Default task
2021-10-02T13:42:26.760+09:00,HanSeunghun,KeyEvent,65535:16:1,Assignment,Editor,D:/University/Java/Assignment/src/Week5/Cafe.java,Cafe::addBeverage,17,40,Default task
2021-10-02T13:42:26.793+09:00,HanSeunghun,KeyEvent,65535:16:1,Assignment,Editor,D:/University/Java/Assignment/src/Week5/Cafe.java,Cafe::addBeverage,17,40,Default task
2021-10-02T13:42:26.826+09:00,HanSeunghun,KeyEvent,65535:16:1,Assignment,Editor,D:/University/Java/Assignment/src/Week5/Cafe.java,Cafe::addBeverage,17,40,Default task
2021-10-02T13:42:26.859+09:00,HanSeunghun,KeyEvent,65535:16:1,Assignment,Editor,D:/University/Java/Assignment/src/Week5/Cafe.java,Cafe::addBeverage,17,40,Default task
2021-10-02T13:42:26.869+09:00,HanSeunghun,Action,EditorLineStartWithSelection,Assignment,Editor,D:/University/Java/Assignment/src/Week5/Cafe.java,Cafe::addBeverage,17,40,Default task
2021-10-02T13:42:26.870+09:00,HanSeunghun,KeyEvent,65535:36:1,Assignment,Editor,D:/University/Java/Assignment/src/Week5/Cafe.java,Cafe::addBeverage,17,8,Default task
2021-10-02T13:42:28.156+09:00,HanSeunghun,Action,EditorBackSpace,Assignment,Editor,D:/University/Java/Assignment/src/Week5/Cafe.java,Cafe::addBeverage,17,8,Default task
2021-10-02T13:42:28.159+09:00,HanSeunghun,KeyEvent,8:8:0,Assignment,Editor,D:/University/Java/Assignment/src/Week5/Cafe.java,Cafe::addBeverage,17,8,Default task
2021-10-02T13:42:28.387+09:00,HanSeunghun,Action,EditorBackSpace,Assignment,Editor,D:/University/Java/Assignment/src/Week5/Cafe.java,Cafe::addBeverage,17,8,Default task
2021-10-02T13:42:28.389+09:00,HanSeunghun,KeyEvent,8:8:0,Assignment,Editor,D:/University/Java/Assignment/src/Week5/Cafe.java,Cafe::addBeverage,16,5,Default task
2021-10-02T13:42:48.211+09:00,HanSeunghun,Action,JumpToLastWindow,Assignment,Editor,D:/University/Java/Assignment/src/Week5/Cafe.java,Cafe::addBeverage,17,42,Default task
2021-10-02T13:42:48.213+09:00,HanSeunghun,KeyEvent,65535:123:0,Assignment,Editor,D:/University/Java/Assignment/src/Week5/Cafe.java,Cafe::addBeverage,17,42,Default task
2021-10-02T13:42:54.218+09:00,HanSeunghun,Action,EditorBackSpace,Assignment,Editor,D:/University/Java/Assignment/src/Week5/Beverage.java,Beverage::toString,16,15,Default task
2021-10-02T13:42:54.230+09:00,HanSeunghun,KeyEvent,8:8:0,Assignment,Editor,D:/University/Java/Assignment/src/Week5/Beverage.java,Beverage::toString,16,15,Default task
2021-10-02T13:42:58.475+09:00,HanSeunghun,Action,EditorBackSpace,Assignment,Editor,D:/University/Java/Assignment/src/Week5/Beverage.java,Beverage::toString,16,20,Default task
2021-10-02T13:42:58.476+09:00,HanSeunghun,KeyEvent,8:8:0,Assignment,Editor,D:/University/Java/Assignment/src/Week5/Beverage.java,Beverage::toString,16,20,Default task
2021-10-02T13:42:59.194+09:00,HanSeunghun,KeyEvent,65535:16:1,Assignment,Editor,D:/University/Java/Assignment/src/Week5/Beverage.java,Beverage::toString,16,20,Default task
2021-10-02T13:42:59.426+09:00,HanSeunghun,KeyEvent,43:61:1,Assignment,Editor,D:/University/Java/Assignment/src/Week5/Beverage.java,Beverage::toString,16,20,Default task
2021-10-02T13:42:59.562+09:00,HanSeunghun,KeyEvent,32:32:0,Assignment,Editor,D:/University/Java/Assignment/src/Week5/Beverage.java,Beverage::toString,16,21,Default task
2021-10-02T13:42:59.779+09:00,HanSeunghun,KeyEvent,27:27:0,Assignment,Editor,D:/University/Java/Assignment/src/Week5/Beverage.java,Beverage::toString,16,22,Default task
2021-10-02T13:43:00.027+09:00,HanSeunghun,Action,EditorLineEnd,Assignment,Editor,D:/University/Java/Assignment/src/Week5/Beverage.java,Beverage::toString,16,22,Default task
2021-10-02T13:43:00.028+09:00,HanSeunghun,KeyEvent,65535:35:0,Assignment,Editor,D:/University/Java/Assignment/src/Week5/Beverage.java,Beverage::toString,16,33,Default task
2021-10-02T13:43:00.359+09:00,HanSeunghun,Action,EditorLeft,Assignment,Editor,D:/University/Java/Assignment/src/Week5/Beverage.java,Beverage::toString,16,33,Default task
2021-10-02T13:43:00.360+09:00,HanSeunghun,KeyEvent,65535:37:0,Assignment,Editor,D:/University/Java/Assignment/src/Week5/Beverage.java,Beverage::toString,16,32,Default task
2021-10-02T13:43:00.690+09:00,HanSeunghun,Action,EditorBackSpace,Assignment,Editor,D:/University/Java/Assignment/src/Week5/Beverage.java,Beverage::toString,16,32,Default task
2021-10-02T13:43:00.691+09:00,HanSeunghun,KeyEvent,8:8:0,Assignment,Editor,D:/University/Java/Assignment/src/Week5/Beverage.java,Beverage::toString,16,31,Default task
2021-10-02T13:43:00.851+09:00,HanSeunghun,Action,EditorBackSpace,Assignment,Editor,D:/University/Java/Assignment/src/Week5/Beverage.java,Beverage::toString,16,31,Default task
2021-10-02T13:43:00.852+09:00,HanSeunghun,KeyEvent,8:8:0,Assignment,Editor,D:/University/Java/Assignment/src/Week5/Beverage.java,Beverage::toString,16,30,Default task
2021-10-02T13:43:01.026+09:00,HanSeunghun,Action,EditorBackSpace,Assignment,Editor,D:/University/Java/Assignment/src/Week5/Beverage.java,Beverage::toString,16,30,Default task
2021-10-02T13:43:01.027+09:00,HanSeunghun,KeyEvent,8:8:0,Assignment,Editor,D:/University/Java/Assignment/src/Week5/Beverage.java,Beverage::toString,16,29,Default task
2021-10-02T13:43:01.210+09:00,HanSeunghun,Action,EditorBackSpace,Assignment,Editor,D:/University/Java/Assignment/src/Week5/Beverage.java,Beverage::toString,16,29,Default task
2021-10-02T13:43:01.212+09:00,HanSeunghun,KeyEvent,8:8:0,Assignment,Editor,D:/University/Java/Assignment/src/Week5/Beverage.java,Beverage::toString,16,28,Default task
2021-10-02T13:43:01.410+09:00,HanSeunghun,Action,EditorBackSpace,Assignment,Editor,D:/University/Java/Assignment/src/Week5/Beverage.java,Beverage::toString,16,28,Default task
2021-10-02T13:43:01.412+09:00,HanSeunghun,KeyEvent,8:8:0,Assignment,Editor,D:/University/Java/Assignment/src/Week5/Beverage.java,Beverage::toString,16,27,Default task
2021-10-02T13:43:01.618+09:00,HanSeunghun,Action,EditorBackSpace,Assignment,Editor,D:/University/Java/Assignment/src/Week5/Beverage.java,Beverage::toString,16,27,Default task
2021-10-02T13:43:01.619+09:00,HanSeunghun,KeyEvent,8:8:0,Assignment,Editor,D:/University/Java/Assignment/src/Week5/Beverage.java,Beverage::toString,16,26,Default task
2021-10-02T13:43:02.091+09:00,HanSeunghun,Action,EditorLineEnd,Assignment,Editor,D:/University/Java/Assignment/src/Week5/Beverage.java,Beverage::toString,16,26,Default task
2021-10-02T13:43:02.092+09:00,HanSeunghun,KeyEvent,65535:35:0,Assignment,Editor,D:/University/Java/Assignment/src/Week5/Beverage.java,Beverage::toString,16,27,Default task
2021-10-02T13:43:02.435+09:00,HanSeunghun,Action,EditorDown,Assignment,Editor,D:/University/Java/Assignment/src/Week5/Beverage.java,Beverage::toString,16,27,Default task
2021-10-02T13:43:02.436+09:00,HanSeunghun,KeyEvent,65535:40:0,Assignment,Editor,D:/University/Java/Assignment/src/Week5/Beverage.java,,17,5,Default task
2021-10-02T13:43:02.876+09:00,HanSeunghun,Action,EditorUp,Assignment,Editor,D:/University/Java/Assignment/src/Week5/Beverage.java,,17,5,Default task
2021-10-02T13:43:02.876+09:00,HanSeunghun,KeyEvent,65535:38:0,Assignment,Editor,D:/University/Java/Assignment/src/Week5/Beverage.java,Beverage::toString,16,27,Default task
2021-10-02T13:43:07.762+09:00,HanSeunghun,KeyEvent,65535:17:2,Assignment,Editor,D:/University/Java/Assignment/src/Week5/Beverage.java,Beverage::toString,16,27,Default task
2021-10-02T13:43:07.868+09:00,HanSeunghun,Action,$Undo,Assignment,Editor,D:/University/Java/Assignment/src/Week5/Beverage.java,Beverage::toString,16,27,Default task
2021-10-02T13:43:07.868+09:00,HanSeunghun,KeyEvent,26:90:2,Assignment,Editor,D:/University/Java/Assignment/src/Week5/Beverage.java,Beverage::toString,16,26,Default task
2021-10-02T13:43:08.067+09:00,HanSeunghun,Action,$Undo,Assignment,Editor,D:/University/Java/Assignment/src/Week5/Beverage.java,Beverage::toString,16,26,Default task
2021-10-02T13:43:08.069+09:00,HanSeunghun,KeyEvent,26:90:2,Assignment,Editor,D:/University/Java/Assignment/src/Week5/Beverage.java,Beverage::toString,16,32,Default task
2021-10-02T13:43:08.251+09:00,HanSeunghun,Action,$Undo,Assignment,Editor,D:/University/Java/Assignment/src/Week5/Beverage.java,Beverage::toString,16,32,Default task
2021-10-02T13:43:08.251+09:00,HanSeunghun,KeyEvent,26:90:2,Assignment,Editor,D:/University/Java/Assignment/src/Week5/Beverage.java,Beverage::toString,16,22,Default task
2021-10-02T13:43:08.443+09:00,HanSeunghun,Action,$Undo,Assignment,Editor,D:/University/Java/Assignment/src/Week5/Beverage.java,Beverage::toString,16,22,Default task
2021-10-02T13:43:08.444+09:00,HanSeunghun,KeyEvent,26:90:2,Assignment,Editor,D:/University/Java/Assignment/src/Week5/Beverage.java,Beverage::toString,16,20,Default task
2021-10-02T13:43:08.642+09:00,HanSeunghun,Action,$Undo,Assignment,Editor,D:/University/Java/Assignment/src/Week5/Beverage.java,Beverage::toString,16,20,Default task
2021-10-02T13:43:08.644+09:00,HanSeunghun,KeyEvent,26:90:2,Assignment,Editor,D:/University/Java/Assignment/src/Week5/Beverage.java,Beverage::toString,16,20,Default task
2021-10-02T13:43:08.818+09:00,HanSeunghun,Action,$Undo,Assignment,Editor,D:/University/Java/Assignment/src/Week5/Beverage.java,Beverage::toString,16,20,Default task
2021-10-02T13:43:08.819+09:00,HanSeunghun,KeyEvent,26:90:2,Assignment,Editor,D:/University/Java/Assignment/src/Week5/Beverage.java,Beverage::toString,16,15,Default task
2021-10-02T13:43:09.005+09:00,HanSeunghun,Action,$Undo,Assignment,Editor,D:/University/Java/Assignment/src/Week5/Beverage.java,Beverage::toString,16,15,Default task
2021-10-02T13:43:09.008+09:00,HanSeunghun,KeyEvent,26:90:2,Assignment,Editor,D:/University/Java/Assignment/src/Week5/Beverage.java,Beverage::toString,16,15,Default task
2021-10-02T13:43:10.123+09:00,HanSeunghun,Action,$Undo,Assignment,Editor,D:/University/Java/Assignment/src/Week5/Beverage.java,Beverage::toString,16,15,Default task
2021-10-02T13:43:10.125+09:00,HanSeunghun,KeyEvent,26:90:2,Assignment,Editor,D:/University/Java/Assignment/src/Week5/Beverage.java,,12,4,Default task
2021-10-02T13:43:11.739+09:00,HanSeunghun,Action,EditorEnter,Assignment,Editor,D:/University/Java/Assignment/src/Week5/Beverage.java,,12,4,Default task
2021-10-02T13:43:11.741+09:00,HanSeunghun,KeyEvent,10:10:0,Assignment,Editor,D:/University/Java/Assignment/src/Week5/Beverage.java,Beverage::toString,13,4,Default task
2021-10-02T13:43:12.019+09:00,HanSeunghun,Action,EditorUp,Assignment,Editor,D:/University/Java/Assignment/src/Week5/Beverage.java,,13,4,Default task
2021-10-02T13:43:12.020+09:00,HanSeunghun,KeyEvent,65535:38:0,Assignment,Editor,D:/University/Java/Assignment/src/Week5/Beverage.java,,12,4,Default task
2021-10-02T13:43:12.259+09:00,HanSeunghun,Action,EditorEnter,Assignment,Editor,D:/University/Java/Assignment/src/Week5/Beverage.java,,12,4,Default task
2021-10-02T13:43:12.261+09:00,HanSeunghun,KeyEvent,10:10:0,Assignment,Editor,D:/University/Java/Assignment/src/Week5/Beverage.java,,13,4,Default task
2021-10-02T13:43:13.347+09:00,HanSeunghun,Action,EditorBackSpace,Assignment,Editor,D:/University/Java/Assignment/src/Week5/Beverage.java,,13,4,Default task
2021-10-02T13:43:13.349+09:00,HanSeunghun,KeyEvent,8:8:0,Assignment,Editor,D:/University/Java/Assignment/src/Week5/Beverage.java,,12,4,Default task
2021-10-02T13:43:13.563+09:00,HanSeunghun,Action,EditorBackSpace,Assignment,Editor,D:/University/Java/Assignment/src/Week5/Beverage.java,,12,4,Default task
2021-10-02T13:43:13.565+09:00,HanSeunghun,KeyEvent,8:8:0,Assignment,Editor,D:/University/Java/Assignment/src/Week5/Beverage.java,,11,5,Default task
2021-10-02T13:43:13.950+09:00,HanSeunghun,Action,EditorUp,Assignment,Editor,D:/University/Java/Assignment/src/Week5/Beverage.java,,11,5,Default task
2021-10-02T13:43:13.950+09:00,HanSeunghun,KeyEvent,65535:38:0,Assignment,Editor,D:/University/Java/Assignment/src/Week5/Beverage.java,Beverage::getBeverageName,10,5,Default task
2021-10-02T13:43:14.131+09:00,HanSeunghun,Action,EditorUp,Assignment,Editor,D:/University/Java/Assignment/src/Week5/Beverage.java,Beverage::getBeverageName,10,5,Default task
2021-10-02T13:43:14.132+09:00,HanSeunghun,KeyEvent,65535:38:0,Assignment,Editor,D:/University/Java/Assignment/src/Week5/Beverage.java,Beverage::getBeverageName,9,5,Default task
2021-10-02T13:43:14.276+09:00,HanSeunghun,Action,EditorUp,Assignment,Editor,D:/University/Java/Assignment/src/Week5/Beverage.java,Beverage::getBeverageName,9,5,Default task
2021-10-02T13:43:14.277+09:00,HanSeunghun,KeyEvent,65535:38:0,Assignment,Editor,D:/University/Java/Assignment/src/Week5/Beverage.java,Beverage::getBeverageName,8,5,Default task
2021-10-02T13:43:14.435+09:00,HanSeunghun,Action,EditorUp,Assignment,Editor,D:/University/Java/Assignment/src/Week5/Beverage.java,Beverage::getBeverageName,8,5,Default task
2021-10-02T13:43:14.435+09:00,HanSeunghun,KeyEvent,65535:38:0,Assignment,Editor,D:/University/Java/Assignment/src/Week5/Beverage.java,,7,0,Default task
2021-10-02T13:43:14.723+09:00,HanSeunghun,Action,EditorEnter,Assignment,Editor,D:/University/Java/Assignment/src/Week5/Beverage.java,,7,0,Default task
2021-10-02T13:43:14.725+09:00,HanSeunghun,KeyEvent,10:10:0,Assignment,Editor,D:/University/Java/Assignment/src/Week5/Beverage.java,Beverage::getBeverageName,8,4,Default task
2021-10-02T13:43:15.115+09:00,HanSeunghun,Action,EditorUp,Assignment,Editor,D:/University/Java/Assignment/src/Week5/Beverage.java,,8,4,Default task
2021-10-02T13:43:15.115+09:00,HanSeunghun,KeyEvent,65535:38:0,Assignment,Editor,D:/University/Java/Assignment/src/Week5/Beverage.java,,7,0,Default task
2021-10-02T13:43:15.403+09:00,HanSeunghun,Action,EditorTab,Assignment,Editor,D:/University/Java/Assignment/src/Week5/Beverage.java,,7,0,Default task
2021-10-02T13:43:15.404+09:00,HanSeunghun,KeyEvent,9:9:0,Assignment,Editor,D:/University/Java/Assignment/src/Week5/Beverage.java,,7,4,Default task
2021-10-02T13:43:15.619+09:00,HanSeunghun,Action,EditorEnter,Assignment,Editor,D:/University/Java/Assignment/src/Week5/Beverage.java,,7,4,Default task
2021-10-02T13:43:15.620+09:00,HanSeunghun,KeyEvent,10:10:0,Assignment,Editor,D:/University/Java/Assignment/src/Week5/Beverage.java,,8,4,Default task
2021-10-02T13:43:15.891+09:00,HanSeunghun,KeyEvent,112:80:0,Assignment,Editor,D:/University/Java/Assignment/src/Week5/Beverage.java,,8,4,Default task
2021-10-02T13:43:16.019+09:00,HanSeunghun,KeyEvent,117:85:0,Assignment,Editor,D:/University/Java/Assignment/src/Week5/Beverage.java,,8,5,Default task
2021-10-02T13:43:16.155+09:00,HanSeunghun,KeyEvent,98:66:0,Assignment,Editor,D:/University/Java/Assignment/src/Week5/Beverage.java,,8,6,Default task
2021-10-02T13:43:16.225+09:00,HanSeunghun,KeyEvent,108:76:0,Assignment,Editor,D:/University/Java/Assignment/src/Week5/Beverage.java,,8,7,Default task
2021-10-02T13:43:16.362+09:00,HanSeunghun,KeyEvent,105:73:0,Assignment,Editor,D:/University/Java/Assignment/src/Week5/Beverage.java,,8,8,Default task
2021-10-02T13:43:16.427+09:00,HanSeunghun,KeyEvent,99:67:0,Assignment,Editor,D:/University/Java/Assignment/src/Week5/Beverage.java,,8,9,Default task
2021-10-02T13:43:16.531+09:00,HanSeunghun,KeyEvent,32:32:0,Assignment,Editor,D:/University/Java/Assignment/src/Week5/Beverage.java,Beverage::getBeverageName,8,10,Default task
2021-10-02T13:43:16.628+09:00,HanSeunghun,KeyEvent,65535:20:0,Assignment,Editor,D:/University/Java/Assignment/src/Week5/Beverage.java,Beverage::getBeverageName,8,11,Default task
2021-10-02T13:43:16.762+09:00,HanSeunghun,KeyEvent,83:83:0,Assignment,Editor,D:/University/Java/Assignment/src/Week5/Beverage.java,Beverage::getBeverageName,8,11,Default task
2021-10-02T13:43:16.912+09:00,HanSeunghun,KeyEvent,65535:20:0,Assignment,Editor,D:/University/Java/Assignment/src/Week5/Beverage.java,,8,12,Default task
2021-10-02T13:43:17.015+09:00,HanSeunghun,KeyEvent,116:84:0,Assignment,Editor,D:/University/Java/Assignment/src/Week5/Beverage.java,,8,12,Default task
2021-10-02T13:43:17.162+09:00,HanSeunghun,KeyEvent,114:82:0,Assignment,Editor,D:/University/Java/Assignment/src/Week5/Beverage.java,,8,13,Default task
2021-10-02T13:43:17.227+09:00,HanSeunghun,KeyEvent,105:73:0,Assignment,Editor,D:/University/Java/Assignment/src/Week5/Beverage.java,,8,14,Default task
2021-10-02T13:43:17.378+09:00,HanSeunghun,KeyEvent,110:78:0,Assignment,Editor,D:/University/Java/Assignment/src/Week5/Beverage.java,,8,15,Default task
2021-10-02T13:43:17.442+09:00,HanSeunghun,KeyEvent,103:71:0,Assignment,Editor,D:/University/Java/Assignment/src/Week5/Beverage.java,,8,16,Default task
2021-10-02T13:43:17.557+09:00,HanSeunghun,KeyEvent,32:32:0,Assignment,Editor,D:/University/Java/Assignment/src/Week5/Beverage.java,,8,17,Default task
2021-10-02T13:43:30.044+09:00,HanSeunghun,Action,EditorBackSpace,Assignment,Editor,D:/University/Java/Assignment/src/Week5/Beverage.java,,8,0,Default task
2021-10-02T13:43:30.046+09:00,HanSeunghun,KeyEvent,8:8:0,Assignment,Editor,D:/University/Java/Assignment/src/Week5/Beverage.java,,8,0,Default task
2021-10-02T13:43:30.346+09:00,HanSeunghun,Action,EditorBackSpace,Assignment,Editor,D:/University/Java/Assignment/src/Week5/Beverage.java,,8,0,Default task
2021-10-02T13:43:30.360+09:00,HanSeunghun,KeyEvent,8:8:0,Assignment,Editor,D:/University/Java/Assignment/src/Week5/Beverage.java,,7,4,Default task
2021-10-02T13:43:31.978+09:00,HanSeunghun,KeyEvent,65535:17:2,Assignment,Editor,D:/University/Java/Assignment/src/Week5/Beverage.java,,5,23,Default task
2021-10-02T13:43:32.066+09:00,HanSeunghun,Action,EditorCopy,Assignment,Editor,D:/University/Java/Assignment/src/Week5/Beverage.java,,5,23,Default task
2021-10-02T13:43:32.068+09:00,HanSeunghun,KeyEvent,3:67:2,Assignment,Editor,D:/University/Java/Assignment/src/Week5/Beverage.java,,5,23,Default task
2021-10-02T13:43:33.277+09:00,HanSeunghun,KeyEvent,32:32:0,Assignment,Editor,D:/University/Java/Assignment/src/Week5/Beverage.java,Beverage::getBeverageName,10,19,Default task
2021-10-02T13:43:33.523+09:00,HanSeunghun,KeyEvent,65535:16:1,Assignment,Editor,D:/University/Java/Assignment/src/Week5/Beverage.java,Beverage::getBeverageName,10,20,Default task
2021-10-02T13:43:33.698+09:00,HanSeunghun,KeyEvent,43:61:1,Assignment,Editor,D:/University/Java/Assignment/src/Week5/Beverage.java,Beverage::getBeverageName,10,20,Default task
2021-10-02T13:43:33.822+09:00,HanSeunghun,KeyEvent,32:32:1,Assignment,Editor,D:/University/Java/Assignment/src/Week5/Beverage.java,Beverage::getBeverageName,10,21,Default task
2021-10-02T13:43:33.963+09:00,HanSeunghun,KeyEvent,65535:16:1,Assignment,Editor,D:/University/Java/Assignment/src/Week5/Beverage.java,Beverage::getBeverageName,10,22,Default task
2021-10-02T13:43:34.059+09:00,HanSeunghun,KeyEvent,34:222:1,Assignment,Editor,D:/University/Java/Assignment/src/Week5/Beverage.java,Beverage::getBeverageName,10,22,Default task
2021-10-02T13:43:34.243+09:00,HanSeunghun,KeyEvent,32:32:0,Assignment,Editor,D:/University/Java/Assignment/src/Week5/Beverage.java,Beverage::getBeverageName,10,23,Default task
2021-10-02T13:43:34.651+09:00,HanSeunghun,Action,EditorRight,Assignment,Editor,D:/University/Java/Assignment/src/Week5/Beverage.java,Beverage::getBeverageName,10,24,Default task
2021-10-02T13:43:34.651+09:00,HanSeunghun,KeyEvent,65535:39:0,Assignment,Editor,D:/University/Java/Assignment/src/Week5/Beverage.java,Beverage::getBeverageName,10,25,Default task
2021-10-02T13:43:34.923+09:00,HanSeunghun,KeyEvent,32:32:0,Assignment,Editor,D:/University/Java/Assignment/src/Week5/Beverage.java,Beverage::getBeverageName,10,25,Default task
2021-10-02T13:43:35.067+09:00,HanSeunghun,KeyEvent,65535:16:1,Assignment,Editor,D:/University/Java/Assignment/src/Week5/Beverage.java,Beverage::getBeverageName,10,26,Default task
2021-10-02T13:43:35.218+09:00,HanSeunghun,KeyEvent,43:61:1,Assignment,Editor,D:/University/Java/Assignment/src/Week5/Beverage.java,Beverage::getBeverageName,10,26,Default task
2021-10-02T13:43:35.331+09:00,HanSeunghun,KeyEvent,32:32:1,Assignment,Editor,D:/University/Java/Assignment/src/Week5/Beverage.java,Beverage::getBeverageName,10,27,Default task
2021-10-02T13:43:35.459+09:00,HanSeunghun,KeyEvent,65535:17:2,Assignment,Editor,D:/University/Java/Assignment/src/Week5/Beverage.java,Beverage::getBeverageName,10,28,Default task
2021-10-02T13:43:35.539+09:00,HanSeunghun,Action,EditorPaste,Assignment,Editor,D:/University/Java/Assignment/src/Week5/Beverage.java,Beverage::getBeverageName,10,28,Default task
2021-10-02T13:43:35.542+09:00,HanSeunghun,KeyEvent,22:86:2,Assignment,Editor,D:/University/Java/Assignment/src/Week5/Beverage.java,Beverage::getBeverageName,10,32,Default task
2021-10-02T13:43:35.850+09:00,HanSeunghun,KeyEvent,27:27:0,Assignment,Editor,D:/University/Java/Assignment/src/Week5/Beverage.java,Beverage::getBeverageName,10,32,Default task
2021-10-02T13:43:36.083+09:00,HanSeunghun,Action,EditorLineEnd,Assignment,Editor,D:/University/Java/Assignment/src/Week5/Beverage.java,Beverage::getBeverageName,10,32,Default task
2021-10-02T13:43:36.083+09:00,HanSeunghun,KeyEvent,65535:35:0,Assignment,Editor,D:/University/Java/Assignment/src/Week5/Beverage.java,Beverage::getBeverageName,10,33,Default task
2021-10-02T13:43:36.427+09:00,HanSeunghun,Action,EditorDown,Assignment,Editor,D:/University/Java/Assignment/src/Week5/Beverage.java,Beverage::getBeverageName,10,33,Default task
2021-10-02T13:43:36.427+09:00,HanSeunghun,KeyEvent,65535:40:0,Assignment,Editor,D:/University/Java/Assignment/src/Week5/Beverage.java,,11,5,Default task
2021-10-02T13:43:36.619+09:00,HanSeunghun,Action,EditorDown,Assignment,Editor,D:/University/Java/Assignment/src/Week5/Beverage.java,,11,5,Default task
2021-10-02T13:43:36.619+09:00,HanSeunghun,KeyEvent,65535:40:0,Assignment,Editor,D:/University/Java/Assignment/src/Week5/Beverage.java,,12,4,Default task
2021-10-02T13:43:36.851+09:00,HanSeunghun,Action,EditorUp,Assignment,Editor,D:/University/Java/Assignment/src/Week5/Beverage.java,,12,4,Default task
2021-10-02T13:43:36.851+09:00,HanSeunghun,KeyEvent,65535:38:0,Assignment,Editor,D:/University/Java/Assignment/src/Week5/Beverage.java,,11,5,Default task
2021-10-02T13:43:37.011+09:00,HanSeunghun,KeyEvent,65535:17:2,Assignment,Editor,D:/University/Java/Assignment/src/Week5/Beverage.java,,11,5,Default task
2021-10-02T13:43:37.510+09:00,HanSeunghun,KeyEvent,65535:17:2,Assignment,Editor,D:/University/Java/Assignment/src/Week5/Beverage.java,,11,5,Default task
2021-10-02T13:43:37.543+09:00,HanSeunghun,KeyEvent,65535:17:2,Assignment,Editor,D:/University/Java/Assignment/src/Week5/Beverage.java,,11,5,Default task
2021-10-02T13:43:37.576+09:00,HanSeunghun,KeyEvent,65535:17:2,Assignment,Editor,D:/University/Java/Assignment/src/Week5/Beverage.java,,11,5,Default task
2021-10-02T13:43:37.609+09:00,HanSeunghun,KeyEvent,65535:17:2,Assignment,Editor,D:/University/Java/Assignment/src/Week5/Beverage.java,,11,5,Default task
2021-10-02T13:43:37.644+09:00,HanSeunghun,KeyEvent,65535:17:2,Assignment,Editor,D:/University/Java/Assignment/src/Week5/Beverage.java,,11,5,Default task
2021-10-02T13:43:37.677+09:00,HanSeunghun,KeyEvent,65535:17:2,Assignment,Editor,D:/University/Java/Assignment/src/Week5/Beverage.java,,11,5,Default task
2021-10-02T13:43:37.708+09:00,HanSeunghun,KeyEvent,65535:17:2,Assignment,Editor,D:/University/Java/Assignment/src/Week5/Beverage.java,,11,5,Default task
2021-10-02T13:43:37.740+09:00,HanSeunghun,KeyEvent,65535:17:2,Assignment,Editor,D:/University/Java/Assignment/src/Week5/Beverage.java,,11,5,Default task
2021-10-02T13:43:37.774+09:00,HanSeunghun,KeyEvent,65535:17:2,Assignment,Editor,D:/University/Java/Assignment/src/Week5/Beverage.java,,11,5,Default task
2021-10-02T13:43:37.809+09:00,HanSeunghun,KeyEvent,65535:17:2,Assignment,Editor,D:/University/Java/Assignment/src/Week5/Beverage.java,,11,5,Default task
2021-10-02T13:43:37.840+09:00,HanSeunghun,KeyEvent,65535:17:2,Assignment,Editor,D:/University/Java/Assignment/src/Week5/Beverage.java,,11,5,Default task
2021-10-02T13:43:37.873+09:00,HanSeunghun,KeyEvent,65535:17:2,Assignment,Editor,D:/University/Java/Assignment/src/Week5/Beverage.java,,11,5,Default task
2021-10-02T13:43:37.906+09:00,HanSeunghun,KeyEvent,65535:17:2,Assignment,Editor,D:/University/Java/Assignment/src/Week5/Beverage.java,,11,5,Default task
2021-10-02T13:43:37.939+09:00,HanSeunghun,KeyEvent,65535:17:2,Assignment,Editor,D:/University/Java/Assignment/src/Week5/Beverage.java,,11,5,Default task
2021-10-02T13:43:37.973+09:00,HanSeunghun,KeyEvent,65535:17:2,Assignment,Editor,D:/University/Java/Assignment/src/Week5/Beverage.java,,11,5,Default task
2021-10-02T13:43:38.005+09:00,HanSeunghun,KeyEvent,65535:17:2,Assignment,Editor,D:/University/Java/Assignment/src/Week5/Beverage.java,,11,5,Default task
2021-10-02T13:43:38.038+09:00,HanSeunghun,KeyEvent,65535:17:2,Assignment,Editor,D:/University/Java/Assignment/src/Week5/Beverage.java,,11,5,Default task
2021-10-02T13:43:38.070+09:00,HanSeunghun,KeyEvent,65535:17:2,Assignment,Editor,D:/University/Java/Assignment/src/Week5/Beverage.java,,11,5,Default task
2021-10-02T13:43:38.091+09:00,HanSeunghun,Action,SaveAll,Assignment,Editor,D:/University/Java/Assignment/src/Week5/Beverage.java,,11,5,Default task
2021-10-02T13:43:38.135+09:00,HanSeunghun,KeyEvent,19:83:2,Assignment,Editor,D:/University/Java/Assignment/src/Week5/Beverage.java,Beverage::getBeverageName,11,5,Default task
2021-10-02T13:43:42.577+09:00,HanSeunghun,KeyEvent,65535:17:2,Assignment,Editor,D:/University/Java/Assignment/src/Week5/Cafe.java,,18,5,Default task
2021-10-02T13:43:44.123+09:00,HanSeunghun,Action,EditorEnter,Assignment,Editor,D:/University/Java/Assignment/src/Week5/Cafe.java,Cafe::addBeverage,16,5,Default task
2021-10-02T13:43:44.126+09:00,HanSeunghun,KeyEvent,10:10:0,Assignment,Editor,D:/University/Java/Assignment/src/Week5/Cafe.java,Cafe::addBeverage,17,8,Default task
2021-10-02T13:43:44.419+09:00,HanSeunghun,KeyEvent,105:73:0,Assignment,Editor,D:/University/Java/Assignment/src/Week5/Cafe.java,Cafe::addBeverage,17,8,Default task
2021-10-02T13:43:44.506+09:00,HanSeunghun,KeyEvent,102:70:0,Assignment,Editor,D:/University/Java/Assignment/src/Week5/Cafe.java,Cafe::addBeverage,17,9,Default task
2021-10-02T13:43:44.611+09:00,HanSeunghun,KeyEvent,32:32:0,Assignment,Editor,D:/University/Java/Assignment/src/Week5/Cafe.java,Cafe::addBeverage,17,10,Default task
2021-10-02T13:43:44.652+09:00,HanSeunghun,KeyEvent,65535:16:1,Assignment,Editor,D:/University/Java/Assignment/src/Week5/Cafe.java,Cafe::addBeverage,17,11,Default task
2021-10-02T13:43:44.803+09:00,HanSeunghun,KeyEvent,40:57:1,Assignment,Editor,D:/University/Java/Assignment/src/Week5/Cafe.java,Cafe::addBeverage,17,11,Default task
2021-10-02T13:43:44.954+09:00,HanSeunghun,KeyEvent,116:84:0,Assignment,Editor,D:/University/Java/Assignment/src/Week5/Cafe.java,Cafe::addBeverage,17,12,Default task
2021-10-02T13:43:45.026+09:00,HanSeunghun,KeyEvent,104:72:0,Assignment,Editor,D:/University/Java/Assignment/src/Week5/Cafe.java,Cafe::addBeverage,17,13,Default task
2021-10-02T13:43:45.075+09:00,HanSeunghun,KeyEvent,105:73:0,Assignment,Editor,D:/University/Java/Assignment/src/Week5/Cafe.java,Cafe::addBeverage,17,14,Default task
2021-10-02T13:43:45.194+09:00,HanSeunghun,KeyEvent,115:83:0,Assignment,Editor,D:/University/Java/Assignment/src/Week5/Cafe.java,Cafe::addBeverage,17,15,Default task
2021-10-02T13:43:45.323+09:00,HanSeunghun,KeyEvent,46:46:0,Assignment,Editor,D:/University/Java/Assignment/src/Week5/Cafe.java,Cafe::addBeverage,17,16,Default task
2021-10-02T13:43:45.547+09:00,HanSeunghun,KeyEvent,109:77:0,Assignment,Editor,D:/University/Java/Assignment/src/Week5/Cafe.java,Cafe::addBeverage,17,17,Default task
2021-10-02T13:43:45.666+09:00,HanSeunghun,KeyEvent,101:69:0,Assignment,Editor,D:/University/Java/Assignment/src/Week5/Cafe.java,Cafe::addBeverage,17,18,Default task
2021-10-02T13:43:45.963+09:00,HanSeunghun,Action,EditorChooseLookupItem,Assignment,Editor,D:/University/Java/Assignment/src/Week5/Cafe.java,Cafe::addBeverage,17,19,Default task
2021-10-02T13:43:45.970+09:00,HanSeunghun,KeyEvent,10:10:0,Assignment,Editor,D:/University/Java/Assignment/src/Week5/Cafe.java,Cafe::addBeverage,17,22,Default task
2021-10-02T13:43:46.275+09:00,HanSeunghun,KeyEvent,46:46:0,Assignment,Editor,D:/University/Java/Assignment/src/Week5/Cafe.java,Cafe::addBeverage,17,22,Default task
2021-10-02T13:43:46.523+09:00,HanSeunghun,KeyEvent,99:67:0,Assignment,Editor,D:/University/Java/Assignment/src/Week5/Cafe.java,Cafe::addBeverage,17,23,Default task
2021-10-02T13:43:46.641+09:00,HanSeunghun,KeyEvent,111:79:0,Assignment,Editor,D:/University/Java/Assignment/src/Week5/Cafe.java,Cafe::addBeverage,17,24,Default task
2021-10-02T13:43:47.067+09:00,HanSeunghun,Action,EditorChooseLookupItem,Assignment,Editor,D:/University/Java/Assignment/src/Week5/Cafe.java,Cafe::addBeverage,17,25,Default task
2021-10-02T13:43:47.075+09:00,HanSeunghun,KeyEvent,10:10:0,Assignment,Editor,D:/University/Java/Assignment/src/Week5/Cafe.java,Cafe::addBeverage,17,35,Default task
2021-10-02T13:43:47.482+09:00,HanSeunghun,KeyEvent,98:66:0,Assignment,Editor,D:/University/Java/Assignment/src/Week5/Cafe.java,Cafe::addBeverage,17,35,Default task
2021-10-02T13:43:47.627+09:00,HanSeunghun,KeyEvent,101:69:0,Assignment,Editor,D:/University/Java/Assignment/src/Week5/Cafe.java,Cafe::addBeverage,17,36,Default task
2021-10-02T13:43:47.971+09:00,HanSeunghun,Action,EditorChooseLookupItem,Assignment,Editor,D:/University/Java/Assignment/src/Week5/Cafe.java,Cafe::addBeverage,17,37,Default task
2021-10-02T13:43:47.980+09:00,HanSeunghun,KeyEvent,10:10:0,Assignment,Editor,D:/University/Java/Assignment/src/Week5/Cafe.java,Cafe::addBeverage,17,43,Default task
2021-10-02T13:43:48.251+09:00,HanSeunghun,KeyEvent,46:46:0,Assignment,Editor,D:/University/Java/Assignment/src/Week5/Cafe.java,Cafe::addBeverage,17,43,Default task
2021-10-02T13:43:49.195+09:00,HanSeunghun,Action,EditorChooseLookupItem,Assignment,Editor,D:/University/Java/Assignment/src/Week5/Cafe.java,Cafe::addBeverage,17,44,Default task
2021-10-02T13:43:49.205+09:00,HanSeunghun,KeyEvent,10:10:0,Assignment,Editor,D:/University/Java/Assignment/src/Week5/Cafe.java,Cafe::addBeverage,17,61,Default task
2021-10-02T13:43:49.435+09:00,HanSeunghun,Action,EditorRight,Assignment,Editor,D:/University/Java/Assignment/src/Week5/Cafe.java,Cafe::addBeverage,17,61,Default task
2021-10-02T13:43:49.435+09:00,HanSeunghun,KeyEvent,65535:39:0,Assignment,Editor,D:/University/Java/Assignment/src/Week5/Cafe.java,Cafe::addBeverage,17,62,Default task
2021-10-02T13:43:49.667+09:00,HanSeunghun,Action,EditorRight,Assignment,Editor,D:/University/Java/Assignment/src/Week5/Cafe.java,Cafe::addBeverage,17,62,Default task
2021-10-02T13:43:49.667+09:00,HanSeunghun,KeyEvent,65535:39:0,Assignment,Editor,D:/University/Java/Assignment/src/Week5/Cafe.java,Cafe::addBeverage,17,63,Default task
2021-10-02T13:43:50.436+09:00,HanSeunghun,Action,EditorEnter,Assignment,Editor,D:/University/Java/Assignment/src/Week5/Cafe.java,Cafe::addBeverage,17,63,Default task
2021-10-02T13:43:50.437+09:00,HanSeunghun,KeyEvent,10:10:0,Assignment,Editor,D:/University/Java/Assignment/src/Week5/Cafe.java,Cafe::addBeverage,18,12,Default task
2021-10-02T13:43:50.626+09:00,HanSeunghun,KeyEvent,114:82:0,Assignment,Editor,D:/University/Java/Assignment/src/Week5/Cafe.java,Cafe::addBeverage,18,12,Default task
2021-10-02T13:43:50.731+09:00,HanSeunghun,KeyEvent,101:69:0,Assignment,Editor,D:/University/Java/Assignment/src/Week5/Cafe.java,Cafe::addBeverage,18,13,Default task
2021-10-02T13:43:50.843+09:00,HanSeunghun,KeyEvent,116:84:0,Assignment,Editor,D:/University/Java/Assignment/src/Week5/Cafe.java,Cafe::addBeverage,18,14,Default task
2021-10-02T13:43:50.938+09:00,HanSeunghun,KeyEvent,117:85:0,Assignment,Editor,D:/University/Java/Assignment/src/Week5/Cafe.java,Cafe::addBeverage,18,15,Default task
2021-10-02T13:43:51.030+09:00,HanSeunghun,KeyEvent,114:82:0,Assignment,Editor,D:/University/Java/Assignment/src/Week5/Cafe.java,Cafe::addBeverage,18,16,Default task
2021-10-02T13:43:51.123+09:00,HanSeunghun,KeyEvent,110:78:0,Assignment,Editor,D:/University/Java/Assignment/src/Week5/Cafe.java,Cafe::addBeverage,18,17,Default task
2021-10-02T13:43:51.346+09:00,HanSeunghun,KeyEvent,59:59:0,Assignment,Editor,D:/University/Java/Assignment/src/Week5/Cafe.java,Cafe::addBeverage,18,18,Default task
2021-10-02T13:43:51.683+09:00,HanSeunghun,Action,EditorEnter,Assignment,Editor,D:/University/Java/Assignment/src/Week5/Cafe.java,Cafe::addBeverage,18,19,Default task
2021-10-02T13:43:51.685+09:00,HanSeunghun,KeyEvent,10:10:0,Assignment,Editor,D:/University/Java/Assignment/src/Week5/Cafe.java,Cafe::addBeverage,19,8,Default task
2021-10-02T13:43:51.915+09:00,HanSeunghun,KeyEvent,65535:17:2,Assignment,Editor,D:/University/Java/Assignment/src/Week5/Cafe.java,Cafe::addBeverage,19,8,Default task
2021-10-02T13:43:52.415+09:00,HanSeunghun,KeyEvent,65535:17:2,Assignment,Editor,D:/University/Java/Assignment/src/Week5/Cafe.java,Cafe::addBeverage,19,8,Default task
2021-10-02T13:43:52.447+09:00,HanSeunghun,KeyEvent,65535:17:2,Assignment,Editor,D:/University/Java/Assignment/src/Week5/Cafe.java,Cafe::addBeverage,19,8,Default task
2021-10-02T13:43:52.479+09:00,HanSeunghun,KeyEvent,65535:17:2,Assignment,Editor,D:/University/Java/Assignment/src/Week5/Cafe.java,Cafe::addBeverage,19,8,Default task
2021-10-02T13:43:52.514+09:00,HanSeunghun,KeyEvent,65535:17:2,Assignment,Editor,D:/University/Java/Assignment/src/Week5/Cafe.java,Cafe::addBeverage,19,8,Default task
2021-10-02T13:43:52.546+09:00,HanSeunghun,KeyEvent,65535:17:2,Assignment,Editor,D:/University/Java/Assignment/src/Week5/Cafe.java,Cafe::addBeverage,19,8,Default task
2021-10-02T13:43:52.589+09:00,HanSeunghun,KeyEvent,65535:17:2,Assignment,Editor,D:/University/Java/Assignment/src/Week5/Cafe.java,Cafe::addBeverage,19,8,Default task
2021-10-02T13:43:52.611+09:00,HanSeunghun,KeyEvent,65535:17:2,Assignment,Editor,D:/University/Java/Assignment/src/Week5/Cafe.java,Cafe::addBeverage,19,8,Default task
2021-10-02T13:43:52.645+09:00,HanSeunghun,KeyEvent,65535:17:2,Assignment,Editor,D:/University/Java/Assignment/src/Week5/Cafe.java,Cafe::addBeverage,19,8,Default task
2021-10-02T13:43:52.680+09:00,HanSeunghun,KeyEvent,65535:17:2,Assignment,Editor,D:/University/Java/Assignment/src/Week5/Cafe.java,Cafe::addBeverage,19,8,Default task
2021-10-02T13:43:52.712+09:00,HanSeunghun,KeyEvent,65535:17:2,Assignment,Editor,D:/University/Java/Assignment/src/Week5/Cafe.java,Cafe::addBeverage,19,8,Default task
2021-10-02T13:43:52.745+09:00,HanSeunghun,KeyEvent,65535:17:2,Assignment,Editor,D:/University/Java/Assignment/src/Week5/Cafe.java,Cafe::addBeverage,19,8,Default task
2021-10-02T13:43:52.778+09:00,HanSeunghun,KeyEvent,65535:17:2,Assignment,Editor,D:/University/Java/Assignment/src/Week5/Cafe.java,Cafe::addBeverage,19,8,Default task
2021-10-02T13:43:52.809+09:00,HanSeunghun,KeyEvent,65535:17:2,Assignment,Editor,D:/University/Java/Assignment/src/Week5/Cafe.java,Cafe::addBeverage,19,8,Default task
2021-10-02T13:43:52.843+09:00,HanSeunghun,KeyEvent,65535:17:2,Assignment,Editor,D:/University/Java/Assignment/src/Week5/Cafe.java,Cafe::addBeverage,19,8,Default task
2021-10-02T13:43:52.880+09:00,HanSeunghun,KeyEvent,65535:17:2,Assignment,Editor,D:/University/Java/Assignment/src/Week5/Cafe.java,Cafe::addBeverage,19,8,Default task
2021-10-02T13:43:52.909+09:00,HanSeunghun,KeyEvent,65535:17:2,Assignment,Editor,D:/University/Java/Assignment/src/Week5/Cafe.java,Cafe::addBeverage,19,8,Default task
2021-10-02T13:43:52.944+09:00,HanSeunghun,KeyEvent,65535:17:2,Assignment,Editor,D:/University/Java/Assignment/src/Week5/Cafe.java,Cafe::addBeverage,19,8,Default task
2021-10-02T13:43:52.976+09:00,HanSeunghun,KeyEvent,65535:17:2,Assignment,Editor,D:/University/Java/Assignment/src/Week5/Cafe.java,Cafe::addBeverage,19,8,Default task
2021-10-02T13:43:53.003+09:00,HanSeunghun,Action,SaveAll,Assignment,Editor,D:/University/Java/Assignment/src/Week5/Cafe.java,Cafe::addBeverage,19,8,Default task
2021-10-02T13:43:53.012+09:00,HanSeunghun,KeyEvent,19:83:2,Assignment,Editor,D:/University/Java/Assignment/src/Week5/Cafe.java,Cafe::addBeverage,19,8,Default task
2021-10-02T13:43:54.836+09:00,HanSeunghun,Action,EditorTab,Assignment,Editor,D:/University/Java/Assignment/src/Week5/Cafe.java,Cafe::findBeverage,24,0,Default task
2021-10-02T13:43:54.838+09:00,HanSeunghun,KeyEvent,9:9:0,Assignment,Editor,D:/University/Java/Assignment/src/Week5/Cafe.java,Cafe::findBeverage,24,4,Default task
2021-10-02T13:43:55.028+09:00,HanSeunghun,Action,EditorTab,Assignment,Editor,D:/University/Java/Assignment/src/Week5/Cafe.java,Cafe::findBeverage,24,4,Default task
2021-10-02T13:43:55.028+09:00,HanSeunghun,KeyEvent,9:9:0,Assignment,Editor,D:/University/Java/Assignment/src/Week5/Cafe.java,Cafe::findBeverage,24,8,Default task
2021-10-02T13:43:55.698+09:00,HanSeunghun,KeyEvent,114:82:0,Assignment,Editor,D:/University/Java/Assignment/src/Week5/Cafe.java,Cafe::findBeverage,24,8,Default task
2021-10-02T13:43:55.787+09:00,HanSeunghun,KeyEvent,101:69:0,Assignment,Editor,D:/University/Java/Assignment/src/Week5/Cafe.java,Cafe::findBeverage,24,9,Default task
2021-10-02T13:43:55.946+09:00,HanSeunghun,KeyEvent,116:84:0,Assignment,Editor,D:/University/Java/Assignment/src/Week5/Cafe.java,Cafe::findBeverage,24,10,Default task
2021-10-02T13:43:56.003+09:00,HanSeunghun,KeyEvent,117:85:0,Assignment,Editor,D:/University/Java/Assignment/src/Week5/Cafe.java,Cafe::findBeverage,24,11,Default task
2021-10-02T13:43:56.363+09:00,HanSeunghun,KeyEvent,114:82:0,Assignment,Editor,D:/University/Java/Assignment/src/Week5/Cafe.java,Cafe::findBeverage,24,12,Default task
2021-10-02T13:43:56.560+09:00,HanSeunghun,KeyEvent,110:78:0,Assignment,Editor,D:/University/Java/Assignment/src/Week5/Cafe.java,Cafe::findBeverage,24,13,Default task
2021-10-02T13:43:56.716+09:00,HanSeunghun,KeyEvent,32:32:0,Assignment,Editor,D:/University/Java/Assignment/src/Week5/Cafe.java,Cafe::findBeverage,24,14,Default task
2021-10-02T13:43:56.810+09:00,HanSeunghun,KeyEvent,116:84:0,Assignment,Editor,D:/University/Java/Assignment/src/Week5/Cafe.java,Cafe::findBeverage,24,15,Default task
2021-10-02T13:43:56.907+09:00,HanSeunghun,KeyEvent,104:72:0,Assignment,Editor,D:/University/Java/Assignment/src/Week5/Cafe.java,Cafe::findBeverage,24,16,Default task
2021-10-02T13:43:56.970+09:00,HanSeunghun,KeyEvent,105:73:0,Assignment,Editor,D:/University/Java/Assignment/src/Week5/Cafe.java,Cafe::findBeverage,24,17,Default task
2021-10-02T13:43:57.098+09:00,HanSeunghun,KeyEvent,115:83:0,Assignment,Editor,D:/University/Java/Assignment/src/Week5/Cafe.java,Cafe::findBeverage,24,18,Default task
2021-10-02T13:43:57.283+09:00,HanSeunghun,KeyEvent,46:46:0,Assignment,Editor,D:/University/Java/Assignment/src/Week5/Cafe.java,Cafe::findBeverage,24,19,Default task
2021-10-02T13:43:57.594+09:00,HanSeunghun,KeyEvent,109:77:0,Assignment,Editor,D:/University/Java/Assignment/src/Week5/Cafe.java,Cafe::findBeverage,24,20,Default task
2021-10-02T13:43:58.043+09:00,HanSeunghun,Action,EditorChooseLookupItem,Assignment,Editor,D:/University/Java/Assignment/src/Week5/Cafe.java,Cafe::findBeverage,24,21,Default task
2021-10-02T13:43:58.051+09:00,HanSeunghun,KeyEvent,10:10:0,Assignment,Editor,D:/University/Java/Assignment/src/Week5/Cafe.java,Cafe::findBeverage,24,25,Default task
2021-10-02T13:43:58.307+09:00,HanSeunghun,KeyEvent,46:46:0,Assignment,Editor,D:/University/Java/Assignment/src/Week5/Cafe.java,Cafe::findBeverage,24,25,Default task
2021-10-02T13:43:58.530+09:00,HanSeunghun,KeyEvent,99:67:0,Assignment,Editor,D:/University/Java/Assignment/src/Week5/Cafe.java,Cafe::findBeverage,24,26,Default task
2021-10-02T13:43:59.131+09:00,HanSeunghun,Action,EditorBackSpace,Assignment,Editor,D:/University/Java/Assignment/src/Week5/Cafe.java,Cafe::findBeverage,24,27,Default task
2021-10-02T13:43:59.136+09:00,HanSeunghun,KeyEvent,8:8:0,Assignment,Editor,D:/University/Java/Assignment/src/Week5/Cafe.java,Cafe::findBeverage,24,26,Default task
2021-10-02T13:43:59.306+09:00,HanSeunghun,Action,EditorBackSpace,Assignment,Editor,D:/University/Java/Assignment/src/Week5/Cafe.java,Cafe::findBeverage,24,26,Default task
2021-10-02T13:43:59.312+09:00,HanSeunghun,KeyEvent,8:8:0,Assignment,Editor,D:/University/Java/Assignment/src/Week5/Cafe.java,Cafe::findBeverage,24,25,Default task
2021-10-02T13:43:59.578+09:00,HanSeunghun,KeyEvent,46:46:0,Assignment,Editor,D:/University/Java/Assignment/src/Week5/Cafe.java,Cafe::findBeverage,24,25,Default task
2021-10-02T13:44:00.370+09:00,HanSeunghun,KeyEvent,116:84:0,Assignment,Editor,D:/University/Java/Assignment/src/Week5/Cafe.java,Cafe::findBeverage,24,26,Default task
2021-10-02T13:44:00.562+09:00,HanSeunghun,KeyEvent,114:82:0,Assignment,Editor,D:/University/Java/Assignment/src/Week5/Cafe.java,Cafe::findBeverage,24,27,Default task
2021-10-02T13:44:00.715+09:00,HanSeunghun,KeyEvent,121:89:0,Assignment,Editor,D:/University/Java/Assignment/src/Week5/Cafe.java,Cafe::findBeverage,24,28,Default task
2021-10-02T13:44:01.235+09:00,HanSeunghun,Action,EditorBackSpace,Assignment,Editor,D:/University/Java/Assignment/src/Week5/Cafe.java,Cafe::findBeverage,24,29,Default task
2021-10-02T13:44:01.241+09:00,HanSeunghun,KeyEvent,8:8:0,Assignment,Editor,D:/University/Java/Assignment/src/Week5/Cafe.java,Cafe::findBeverage,24,28,Default task
2021-10-02T13:44:01.426+09:00,HanSeunghun,Action,EditorBackSpace,Assignment,Editor,D:/University/Java/Assignment/src/Week5/Cafe.java,Cafe::findBeverage,24,28,Default task
2021-10-02T13:44:01.433+09:00,HanSeunghun,KeyEvent,8:8:0,Assignment,Editor,D:/University/Java/Assignment/src/Week5/Cafe.java,Cafe::findBeverage,24,27,Default task
2021-10-02T13:44:01.611+09:00,HanSeunghun,Action,EditorBackSpace,Assignment,Editor,D:/University/Java/Assignment/src/Week5/Cafe.java,Cafe::findBeverage,24,27,Default task
2021-10-02T13:44:01.616+09:00,HanSeunghun,KeyEvent,8:8:0,Assignment,Editor,D:/University/Java/Assignment/src/Week5/Cafe.java,Cafe::findBeverage,24,26,Default task
2021-10-02T13:44:01.779+09:00,HanSeunghun,Action,EditorBackSpace,Assignment,Editor,D:/University/Java/Assignment/src/Week5/Cafe.java,Cafe::findBeverage,24,26,Default task
2021-10-02T13:44:01.784+09:00,HanSeunghun,KeyEvent,8:8:0,Assignment,Editor,D:/University/Java/Assignment/src/Week5/Cafe.java,Cafe::findBeverage,24,25,Default task
2021-10-02T13:44:02.034+09:00,HanSeunghun,KeyEvent,46:46:0,Assignment,Editor,D:/University/Java/Assignment/src/Week5/Cafe.java,Cafe::findBeverage,24,25,Default task
2021-10-02T13:44:02.172+09:00,HanSeunghun,KeyEvent,103:71:0,Assignment,Editor,D:/University/Java/Assignment/src/Week5/Cafe.java,Cafe::findBeverage,24,26,Default task
2021-10-02T13:44:02.259+09:00,HanSeunghun,KeyEvent,101:69:0,Assignment,Editor,D:/University/Java/Assignment/src/Week5/Cafe.java,Cafe::findBeverage,24,27,Default task
2021-10-02T13:44:02.379+09:00,HanSeunghun,KeyEvent,116:84:0,Assignment,Editor,D:/University/Java/Assignment/src/Week5/Cafe.java,Cafe::findBeverage,24,28,Default task
2021-10-02T13:44:03.595+09:00,HanSeunghun,Action,EditorChooseLookupItem,Assignment,Editor,D:/University/Java/Assignment/src/Week5/Cafe.java,Cafe::findBeverage,24,29,Default task
2021-10-02T13:44:03.603+09:00,HanSeunghun,KeyEvent,10:10:0,Assignment,Editor,D:/University/Java/Assignment/src/Week5/Cafe.java,Cafe::findBeverage,24,30,Default task
2021-10-02T13:44:04.596+09:00,HanSeunghun,Action,EditorBackSpace,Assignment,Editor,D:/University/Java/Assignment/src/Week5/Cafe.java,Cafe::findBeverage,24,30,Default task
2021-10-02T13:44:04.597+09:00,HanSeunghun,KeyEvent,8:8:0,Assignment,Editor,D:/University/Java/Assignment/src/Week5/Cafe.java,Cafe::findBeverage,24,29,Default task
2021-10-02T13:44:04.771+09:00,HanSeunghun,Action,EditorBackSpace,Assignment,Editor,D:/University/Java/Assignment/src/Week5/Cafe.java,Cafe::findBeverage,24,29,Default task
2021-10-02T13:44:04.772+09:00,HanSeunghun,KeyEvent,8:8:0,Assignment,Editor,D:/University/Java/Assignment/src/Week5/Cafe.java,Cafe::findBeverage,24,28,Default task
2021-10-02T13:44:04.939+09:00,HanSeunghun,Action,EditorBackSpace,Assignment,Editor,D:/University/Java/Assignment/src/Week5/Cafe.java,Cafe::findBeverage,24,28,Default task
2021-10-02T13:44:04.940+09:00,HanSeunghun,KeyEvent,8:8:0,Assignment,Editor,D:/University/Java/Assignment/src/Week5/Cafe.java,Cafe::findBeverage,24,27,Default task
2021-10-02T13:44:05.099+09:00,HanSeunghun,Action,EditorBackSpace,Assignment,Editor,D:/University/Java/Assignment/src/Week5/Cafe.java,Cafe::findBeverage,24,27,Default task
2021-10-02T13:44:05.100+09:00,HanSeunghun,KeyEvent,8:8:0,Assignment,Editor,D:/University/Java/Assignment/src/Week5/Cafe.java,Cafe::findBeverage,24,26,Default task
2021-10-02T13:44:05.235+09:00,HanSeunghun,Action,EditorBackSpace,Assignment,Editor,D:/University/Java/Assignment/src/Week5/Cafe.java,Cafe::findBeverage,24,26,Default task
2021-10-02T13:44:05.236+09:00,HanSeunghun,KeyEvent,8:8:0,Assignment,Editor,D:/University/Java/Assignment/src/Week5/Cafe.java,Cafe::findBeverage,24,25,Default task
2021-10-02T13:44:05.434+09:00,HanSeunghun,KeyEvent,46:46:0,Assignment,Editor,D:/University/Java/Assignment/src/Week5/Cafe.java,Cafe::findBeverage,24,25,Default task
2021-10-02T13:44:05.587+09:00,HanSeunghun,KeyEvent,102:70:0,Assignment,Editor,D:/University/Java/Assignment/src/Week5/Cafe.java,Cafe::findBeverage,24,26,Default task
2021-10-02T13:44:05.694+09:00,HanSeunghun,KeyEvent,105:73:0,Assignment,Editor,D:/University/Java/Assignment/src/Week5/Cafe.java,Cafe::findBeverage,24,27,Default task
2021-10-02T13:44:05.866+09:00,HanSeunghun,KeyEvent,110:78:0,Assignment,Editor,D:/University/Java/Assignment/src/Week5/Cafe.java,Cafe::findBeverage,24,28,Default task
2021-10-02T13:44:06.307+09:00,HanSeunghun,Action,EditorBackSpace,Assignment,Editor,D:/University/Java/Assignment/src/Week5/Cafe.java,Cafe::findBeverage,24,29,Default task
2021-10-02T13:44:06.309+09:00,HanSeunghun,KeyEvent,8:8:0,Assignment,Editor,D:/University/Java/Assignment/src/Week5/Cafe.java,Cafe::findBeverage,24,28,Default task
2021-10-02T13:44:06.483+09:00,HanSeunghun,Action,EditorBackSpace,Assignment,Editor,D:/University/Java/Assignment/src/Week5/Cafe.java,Cafe::findBeverage,24,28,Default task
2021-10-02T13:44:06.484+09:00,HanSeunghun,KeyEvent,8:8:0,Assignment,Editor,D:/University/Java/Assignment/src/Week5/Cafe.java,Cafe::findBeverage,24,27,Default task
2021-10-02T13:44:06.651+09:00,HanSeunghun,Action,EditorBackSpace,Assignment,Editor,D:/University/Java/Assignment/src/Week5/Cafe.java,Cafe::findBeverage,24,27,Default task
2021-10-02T13:44:06.652+09:00,HanSeunghun,KeyEvent,8:8:0,Assignment,Editor,D:/University/Java/Assignment/src/Week5/Cafe.java,Cafe::findBeverage,24,26,Default task
2021-10-02T13:44:06.994+09:00,HanSeunghun,Action,EditorBackSpace,Assignment,Editor,D:/University/Java/Assignment/src/Week5/Cafe.java,Cafe::findBeverage,24,26,Default task
2021-10-02T13:44:06.996+09:00,HanSeunghun,KeyEvent,8:8:0,Assignment,Editor,D:/University/Java/Assignment/src/Week5/Cafe.java,Cafe::findBeverage,24,25,Default task
2021-10-02T13:44:07.258+09:00,HanSeunghun,KeyEvent,46:46:0,Assignment,Editor,D:/University/Java/Assignment/src/Week5/Cafe.java,Cafe::findBeverage,24,25,Default task
2021-10-02T13:44:46.275+09:00,HanSeunghun,KeyEvent,65535:20:0,Assignment,Editor,D:/University/Java/Assignment/src/Week5/Cafe.java,Cafe::findBeverage,22,33,Default task
2021-10-02T13:44:46.378+09:00,HanSeunghun,KeyEvent,83:83:0,Assignment,Editor,D:/University/Java/Assignment/src/Week5/Cafe.java,Cafe::findBeverage,22,33,Default task
2021-10-02T13:44:46.525+09:00,HanSeunghun,KeyEvent,65535:20:0,Assignment,Editor,D:/University/Java/Assignment/src/Week5/Cafe.java,Cafe::findBeverage,22,34,Default task
2021-10-02T13:44:46.602+09:00,HanSeunghun,KeyEvent,116:84:0,Assignment,Editor,D:/University/Java/Assignment/src/Week5/Cafe.java,Cafe::findBeverage,22,34,Default task
2021-10-02T13:44:46.754+09:00,HanSeunghun,KeyEvent,114:82:0,Assignment,Editor,D:/University/Java/Assignment/src/Week5/Cafe.java,Cafe::findBeverage,22,35,Default task
2021-10-02T13:44:46.851+09:00,HanSeunghun,KeyEvent,105:73:0,Assignment,Editor,D:/University/Java/Assignment/src/Week5/Cafe.java,Cafe::findBeverage,22,36,Default task
2021-10-02T13:44:47.005+09:00,HanSeunghun,KeyEvent,110:78:0,Assignment,Editor,D:/University/Java/Assignment/src/Week5/Cafe.java,Cafe::findBeverage,22,37,Default task
2021-10-02T13:44:47.066+09:00,HanSeunghun,KeyEvent,103:71:0,Assignment,Editor,D:/University/Java/Assignment/src/Week5/Cafe.java,Cafe::findBeverage,22,38,Default task
2021-10-02T13:44:47.365+09:00,HanSeunghun,KeyEvent,32:32:0,Assignment,Editor,D:/University/Java/Assignment/src/Week5/Cafe.java,Cafe::findBeverage,22,39,Default task
2021-10-02T13:44:48.235+09:00,HanSeunghun,KeyEvent,118:86:0,Assignment,Editor,D:/University/Java/Assignment/src/Week5/Cafe.java,Cafe::findBeverage,22,40,Default task
2021-10-02T13:44:48.332+09:00,HanSeunghun,KeyEvent,101:69:0,Assignment,Editor,D:/University/Java/Assignment/src/Week5/Cafe.java,Cafe::findBeverage,22,41,Default task
2021-10-02T13:44:48.507+09:00,HanSeunghun,KeyEvent,118:86:0,Assignment,Editor,D:/University/Java/Assignment/src/Week5/Cafe.java,Cafe::findBeverage,22,42,Default task
2021-10-02T13:44:48.843+09:00,HanSeunghun,Action,EditorBackSpace,Assignment,Editor,D:/University/Java/Assignment/src/Week5/Cafe.java,Cafe::findBeverage,22,43,Default task
2021-10-02T13:44:48.844+09:00,HanSeunghun,KeyEvent,8:8:0,Assignment,Editor,D:/University/Java/Assignment/src/Week5/Cafe.java,Cafe::findBeverage,22,42,Default task
2021-10-02T13:44:48.995+09:00,HanSeunghun,Action,EditorBackSpace,Assignment,Editor,D:/University/Java/Assignment/src/Week5/Cafe.java,Cafe::findBeverage,22,42,Default task
2021-10-02T13:44:48.996+09:00,HanSeunghun,KeyEvent,8:8:0,Assignment,Editor,D:/University/Java/Assignment/src/Week5/Cafe.java,Cafe::findBeverage,22,41,Default task
2021-10-02T13:44:49.171+09:00,HanSeunghun,Action,EditorBackSpace,Assignment,Editor,D:/University/Java/Assignment/src/Week5/Cafe.java,Cafe::findBeverage,22,41,Default task
2021-10-02T13:44:49.172+09:00,HanSeunghun,KeyEvent,8:8:0,Assignment,Editor,D:/University/Java/Assignment/src/Week5/Cafe.java,Cafe::findBeverage,22,40,Default task
2021-10-02T13:44:49.250+09:00,HanSeunghun,KeyEvent,98:66:0,Assignment,Editor,D:/University/Java/Assignment/src/Week5/Cafe.java,Cafe::findBeverage,22,40,Default task
2021-10-02T13:44:49.395+09:00,HanSeunghun,KeyEvent,101:69:0,Assignment,Editor,D:/University/Java/Assignment/src/Week5/Cafe.java,Cafe::findBeverage,22,41,Default task
2021-10-02T13:44:50.354+09:00,HanSeunghun,KeyEvent,118:86:0,Assignment,Editor,D:/University/Java/Assignment/src/Week5/Cafe.java,Cafe::findBeverage,22,42,Default task
2021-10-02T13:44:50.458+09:00,HanSeunghun,KeyEvent,101:69:0,Assignment,Editor,D:/University/Java/Assignment/src/Week5/Cafe.java,Cafe::findBeverage,22,43,Default task
2021-10-02T13:44:50.588+09:00,HanSeunghun,KeyEvent,114:82:0,Assignment,Editor,D:/University/Java/Assignment/src/Week5/Cafe.java,Cafe::findBeverage,22,44,Default task
2021-10-02T13:44:50.762+09:00,HanSeunghun,KeyEvent,97:65:0,Assignment,Editor,D:/University/Java/Assignment/src/Week5/Cafe.java,Cafe::findBeverage,22,45,Default task
2021-10-02T13:44:50.907+09:00,HanSeunghun,KeyEvent,103:71:0,Assignment,Editor,D:/University/Java/Assignment/src/Week5/Cafe.java,Cafe::findBeverage,22,46,Default task
2021-10-02T13:44:51.003+09:00,HanSeunghun,KeyEvent,101:69:0,Assignment,Editor,D:/University/Java/Assignment/src/Week5/Cafe.java,Cafe::findBeverage,22,47,Default task
2021-10-02T13:44:51.299+09:00,HanSeunghun,KeyEvent,65535:20:0,Assignment,Editor,D:/University/Java/Assignment/src/Week5/Cafe.java,Cafe::findBeverage,22,48,Default task
2021-10-02T13:44:51.386+09:00,HanSeunghun,KeyEvent,78:78:0,Assignment,Editor,D:/University/Java/Assignment/src/Week5/Cafe.java,Cafe::findBeverage,22,48,Default task
2021-10-02T13:44:51.466+09:00,HanSeunghun,KeyEvent,65535:20:0,Assignment,Editor,D:/University/Java/Assignment/src/Week5/Cafe.java,Cafe::findBeverage,22,49,Default task
2021-10-02T13:44:51.562+09:00,HanSeunghun,KeyEvent,97:65:0,Assignment,Editor,D:/University/Java/Assignment/src/Week5/Cafe.java,Cafe::findBeverage,22,49,Default task
2021-10-02T13:44:51.674+09:00,HanSeunghun,KeyEvent,109:77:0,Assignment,Editor,D:/University/Java/Assignment/src/Week5/Cafe.java,Cafe::findBeverage,22,50,Default task
2021-10-02T13:44:51.746+09:00,HanSeunghun,KeyEvent,101:69:0,Assignment,Editor,D:/University/Java/Assignment/src/Week5/Cafe.java,Cafe::findBeverage,22,51,Default task
2021-10-02T13:44:52.005+09:00,HanSeunghun,KeyEvent,27:27:0,Assignment,Editor,D:/University/Java/Assignment/src/Week5/Cafe.java,Cafe::findBeverage,22,52,Default task
2021-10-02T13:44:52.965+09:00,HanSeunghun,KeyEvent,65535:17:2,Assignment,Editor,D:/University/Java/Assignment/src/Week5/Cafe.java,Cafe::findBeverage,22,52,Default task
2021-10-02T13:44:53.050+09:00,HanSeunghun,Action,EditorCopy,Assignment,Editor,D:/University/Java/Assignment/src/Week5/Cafe.java,Cafe::findBeverage,22,52,Default task
2021-10-02T13:44:53.052+09:00,HanSeunghun,KeyEvent,3:67:2,Assignment,Editor,D:/University/Java/Assignment/src/Week5/Cafe.java,Cafe::findBeverage,22,52,Default task
2021-10-02T13:44:53.537+09:00,HanSeunghun,KeyEvent,65535:17:2,Assignment,Editor,D:/University/Java/Assignment/src/Week5/Cafe.java,Cafe::findBeverage,24,30,Default task
2021-10-02T13:44:53.627+09:00,HanSeunghun,Action,EditorPaste,Assignment,Editor,D:/University/Java/Assignment/src/Week5/Cafe.java,Cafe::findBeverage,24,30,Default task
2021-10-02T13:44:53.632+09:00,HanSeunghun,KeyEvent,22:86:2,Assignment,Editor,D:/University/Java/Assignment/src/Week5/Cafe.java,Cafe::findBeverage,24,42,Default task
2021-10-02T13:44:54.706+09:00,HanSeunghun,KeyEvent,59:59:0,Assignment,Editor,D:/University/Java/Assignment/src/Week5/Cafe.java,Cafe::findBeverage,24,43,Default task
2021-10-02T13:44:55.564+09:00,HanSeunghun,Action,EditorLineEnd,Assignment,Editor,D:/University/Java/Assignment/src/Week5/Cafe.java,Cafe::findBeverage,24,44,Default task
2021-10-02T13:44:55.564+09:00,HanSeunghun,KeyEvent,65535:35:0,Assignment,Editor,D:/University/Java/Assignment/src/Week5/Cafe.java,Cafe::findBeverage,24,44,Default task
2021-10-02T13:44:55.955+09:00,HanSeunghun,Action,EditorDown,Assignment,Editor,D:/University/Java/Assignment/src/Week5/Cafe.java,Cafe::findBeverage,24,44,Default task
2021-10-02T13:44:55.956+09:00,HanSeunghun,KeyEvent,65535:40:0,Assignment,Editor,D:/University/Java/Assignment/src/Week5/Cafe.java,,25,5,Default task
2021-10-02T13:44:56.339+09:00,HanSeunghun,KeyEvent,65535:17:2,Assignment,Editor,D:/University/Java/Assignment/src/Week5/Cafe.java,,25,5,Default task
2021-10-02T13:44:56.510+09:00,HanSeunghun,Action,SaveAll,Assignment,Editor,D:/University/Java/Assignment/src/Week5/Cafe.java,,25,5,Default task
2021-10-02T13:44:56.519+09:00,HanSeunghun,KeyEvent,19:83:2,Assignment,Editor,D:/University/Java/Assignment/src/Week5/Cafe.java,Cafe::findBeverage,25,5,Default task
2021-10-02T13:44:57.733+09:00,HanSeunghun,Action,EditorTab,Assignment,Editor,D:/University/Java/Assignment/src/Week5/Cafe.java,Cafe::removeAllBeverage,28,0,Default task
2021-10-02T13:44:57.735+09:00,HanSeunghun,KeyEvent,9:9:0,Assignment,Editor,D:/University/Java/Assignment/src/Week5/Cafe.java,Cafe::removeAllBeverage,28,4,Default task
2021-10-02T13:44:57.899+09:00,HanSeunghun,Action,EditorTab,Assignment,Editor,D:/University/Java/Assignment/src/Week5/Cafe.java,Cafe::removeAllBeverage,28,4,Default task
2021-10-02T13:44:57.901+09:00,HanSeunghun,KeyEvent,9:9:0,Assignment,Editor,D:/University/Java/Assignment/src/Week5/Cafe.java,Cafe::removeAllBeverage,28,8,Default task
2021-10-02T13:44:58.123+09:00,HanSeunghun,KeyEvent,116:84:0,Assignment,Editor,D:/University/Java/Assignment/src/Week5/Cafe.java,Cafe::removeAllBeverage,28,8,Default task
2021-10-02T13:44:58.223+09:00,HanSeunghun,KeyEvent,104:72:0,Assignment,Editor,D:/University/Java/Assignment/src/Week5/Cafe.java,Cafe::removeAllBeverage,28,9,Default task
2021-10-02T13:44:58.274+09:00,HanSeunghun,KeyEvent,105:73:0,Assignment,Editor,D:/University/Java/Assignment/src/Week5/Cafe.java,Cafe::removeAllBeverage,28,10,Default task
2021-10-02T13:44:58.370+09:00,HanSeunghun,KeyEvent,115:83:0,Assignment,Editor,D:/University/Java/Assignment/src/Week5/Cafe.java,Cafe::removeAllBeverage,28,11,Default task
2021-10-02T13:44:58.523+09:00,HanSeunghun,KeyEvent,46:46:0,Assignment,Editor,D:/University/Java/Assignment/src/Week5/Cafe.java,Cafe::removeAllBeverage,28,12,Default task
2021-10-02T13:44:58.730+09:00,HanSeunghun,KeyEvent,109:77:0,Assignment,Editor,D:/University/Java/Assignment/src/Week5/Cafe.java,Cafe::removeAllBeverage,28,13,Default task
2021-10-02T13:44:58.843+09:00,HanSeunghun,KeyEvent,101:69:0,Assignment,Editor,D:/University/Java/Assignment/src/Week5/Cafe.java,Cafe::removeAllBeverage,28,14,Default task
2021-10-02T13:44:59.147+09:00,HanSeunghun,Action,EditorChooseLookupItem,Assignment,Editor,D:/University/Java/Assignment/src/Week5/Cafe.java,Cafe::removeAllBeverage,28,15,Default task
2021-10-02T13:44:59.154+09:00,HanSeunghun,KeyEvent,10:10:0,Assignment,Editor,D:/University/Java/Assignment/src/Week5/Cafe.java,Cafe::removeAllBeverage,28,18,Default task
2021-10-02T13:44:59.362+09:00,HanSeunghun,KeyEvent,46:46:0,Assignment,Editor,D:/University/Java/Assignment/src/Week5/Cafe.java,Cafe::removeAllBeverage,28,18,Default task
2021-10-02T13:44:59.546+09:00,HanSeunghun,KeyEvent,99:67:0,Assignment,Editor,D:/University/Java/Assignment/src/Week5/Cafe.java,Cafe::removeAllBeverage,28,19,Default task
2021-10-02T13:44:59.658+09:00,HanSeunghun,KeyEvent,108:76:0,Assignment,Editor,D:/University/Java/Assignment/src/Week5/Cafe.java,Cafe::removeAllBeverage,28,20,Default task
2021-10-02T13:44:59.802+09:00,HanSeunghun,KeyEvent,101:69:0,Assignment,Editor,D:/University/Java/Assignment/src/Week5/Cafe.java,Cafe::removeAllBeverage,28,21,Default task
2021-10-02T13:45:00.091+09:00,HanSeunghun,Action,EditorChooseLookupItem,Assignment,Editor,D:/University/Java/Assignment/src/Week5/Cafe.java,Cafe::removeAllBeverage,28,22,Default task
2021-10-02T13:45:00.099+09:00,HanSeunghun,KeyEvent,10:10:0,Assignment,Editor,D:/University/Java/Assignment/src/Week5/Cafe.java,Cafe::removeAllBeverage,28,27,Default task
2021-10-02T13:45:00.628+09:00,HanSeunghun,Action,EditorDown,Assignment,Editor,D:/University/Java/Assignment/src/Week5/Cafe.java,Cafe::removeAllBeverage,28,27,Default task
2021-10-02T13:45:00.628+09:00,HanSeunghun,KeyEvent,65535:40:0,Assignment,Editor,D:/University/Java/Assignment/src/Week5/Cafe.java,,29,5,Default task
2021-10-02T13:45:00.883+09:00,HanSeunghun,KeyEvent,65535:17:2,Assignment,Editor,D:/University/Java/Assignment/src/Week5/Cafe.java,,29,5,Default task
2021-10-02T13:45:01.347+09:00,HanSeunghun,Action,SaveAll,Assignment,Editor,D:/University/Java/Assignment/src/Week5/Cafe.java,,29,5,Default task
2021-10-02T13:45:01.457+09:00,HanSeunghun,KeyEvent,19:83:2,Assignment,Editor,D:/University/Java/Assignment/src/Week5/Cafe.java,,29,5,Default task
2021-10-02T13:46:20.101+09:00,HanSeunghun,Action,EditorTab,Assignment,Editor,D:/University/Java/Assignment/src/Week5/Beverage.java,,7,0,Default task
2021-10-02T13:46:20.103+09:00,HanSeunghun,KeyEvent,9:9:0,Assignment,Editor,D:/University/Java/Assignment/src/Week5/Beverage.java,,7,4,Default task
2021-10-02T13:46:20.261+09:00,HanSeunghun,Action,EditorEnter,Assignment,Editor,D:/University/Java/Assignment/src/Week5/Beverage.java,,7,4,Default task
2021-10-02T13:46:20.263+09:00,HanSeunghun,KeyEvent,10:10:0,Assignment,Editor,D:/University/Java/Assignment/src/Week5/Beverage.java,Beverage::getBeverageName,8,4,Default task
2021-10-02T13:46:20.578+09:00,HanSeunghun,Action,EditorUp,Assignment,Editor,D:/University/Java/Assignment/src/Week5/Beverage.java,,8,4,Default task
2021-10-02T13:46:20.578+09:00,HanSeunghun,KeyEvent,65535:38:0,Assignment,Editor,D:/University/Java/Assignment/src/Week5/Beverage.java,,7,4,Default task
2021-10-02T13:46:20.867+09:00,HanSeunghun,Action,EditorEnter,Assignment,Editor,D:/University/Java/Assignment/src/Week5/Beverage.java,,7,4,Default task
2021-10-02T13:46:20.868+09:00,HanSeunghun,KeyEvent,10:10:0,Assignment,Editor,D:/University/Java/Assignment/src/Week5/Beverage.java,,8,4,Default task
2021-10-02T13:46:22.210+09:00,HanSeunghun,KeyEvent,65535:17:2,Assignment,Editor,D:/University/Java/Assignment/src/Week5/Beverage.java,,4,21,Default task
2021-10-02T13:46:22.313+09:00,HanSeunghun,Action,EditorCopy,Assignment,Editor,D:/University/Java/Assignment/src/Week5/Beverage.java,,4,21,Default task
2021-10-02T13:46:22.315+09:00,HanSeunghun,KeyEvent,3:67:2,Assignment,Editor,D:/University/Java/Assignment/src/Week5/Beverage.java,,4,21,Default task
2021-10-02T13:46:23.242+09:00,HanSeunghun,KeyEvent,112:80:0,Assignment,Editor,D:/University/Java/Assignment/src/Week5/Beverage.java,,8,4,Default task
2021-10-02T13:46:23.339+09:00,HanSeunghun,KeyEvent,117:85:0,Assignment,Editor,D:/University/Java/Assignment/src/Week5/Beverage.java,,8,5,Default task
2021-10-02T13:46:23.442+09:00,HanSeunghun,KeyEvent,98:66:0,Assignment,Editor,D:/University/Java/Assignment/src/Week5/Beverage.java,,8,6,Default task
2021-10-02T13:46:23.546+09:00,HanSeunghun,KeyEvent,108:76:0,Assignment,Editor,D:/University/Java/Assignment/src/Week5/Beverage.java,,8,7,Default task
2021-10-02T13:46:23.658+09:00,HanSeunghun,KeyEvent,105:73:0,Assignment,Editor,D:/University/Java/Assignment/src/Week5/Beverage.java,,8,8,Default task
2021-10-02T13:46:23.722+09:00,HanSeunghun,KeyEvent,99:67:0,Assignment,Editor,D:/University/Java/Assignment/src/Week5/Beverage.java,,8,9,Default task
2021-10-02T13:46:23.820+09:00,HanSeunghun,KeyEvent,32:32:0,Assignment,Editor,D:/University/Java/Assignment/src/Week5/Beverage.java,Beverage::getBeverageName,8,10,Default task
2021-10-02T13:46:23.946+09:00,HanSeunghun,KeyEvent,65535:17:2,Assignment,Editor,D:/University/Java/Assignment/src/Week5/Beverage.java,Beverage::getBeverageName,8,11,Default task
2021-10-02T13:46:24.035+09:00,HanSeunghun,Action,EditorPaste,Assignment,Editor,D:/University/Java/Assignment/src/Week5/Beverage.java,Beverage::getBeverageName,8,11,Default task
2021-10-02T13:46:24.038+09:00,HanSeunghun,KeyEvent,22:86:2,Assignment,Editor,D:/University/Java/Assignment/src/Week5/Beverage.java,,8,19,Default task
2021-10-02T13:46:24.363+09:00,HanSeunghun,KeyEvent,27:27:0,Assignment,Editor,D:/University/Java/Assignment/src/Week5/Beverage.java,,8,19,Default task
2021-10-02T13:46:24.722+09:00,HanSeunghun,KeyEvent,65535:16:1,Assignment,Editor,D:/University/Java/Assignment/src/Week5/Beverage.java,,8,19,Default task
2021-10-02T13:46:25.002+09:00,HanSeunghun,KeyEvent,40:57:1,Assignment,Editor,D:/University/Java/Assignment/src/Week5/Beverage.java,,8,19,Default task
2021-10-02T13:46:25.227+09:00,HanSeunghun,KeyEvent,65535:20:0,Assignment,Editor,D:/University/Java/Assignment/src/Week5/Beverage.java,Beverage::Beverage,8,20,Default task
2021-10-02T13:46:25.308+09:00,HanSeunghun,KeyEvent,83:83:0,Assignment,Editor,D:/University/Java/Assignment/src/Week5/Beverage.java,Beverage::Beverage,8,20,Default task
2021-10-02T13:46:25.471+09:00,HanSeunghun,KeyEvent,65535:20:0,Assignment,Editor,D:/University/Java/Assignment/src/Week5/Beverage.java,Beverage::Beverage,8,21,Default task
2021-10-02T13:46:25.533+09:00,HanSeunghun,KeyEvent,116:84:0,Assignment,Editor,D:/University/Java/Assignment/src/Week5/Beverage.java,Beverage::Beverage,8,21,Default task
2021-10-02T13:46:25.682+09:00,HanSeunghun,KeyEvent,114:82:0,Assignment,Editor,D:/University/Java/Assignment/src/Week5/Beverage.java,Beverage::Beverage,8,22,Default task
2021-10-02T13:46:25.753+09:00,HanSeunghun,KeyEvent,105:73:0,Assignment,Editor,D:/University/Java/Assignment/src/Week5/Beverage.java,Beverage::Beverage,8,23,Default task
2021-10-02T13:46:25.914+09:00,HanSeunghun,KeyEvent,110:78:0,Assignment,Editor,D:/University/Java/Assignment/src/Week5/Beverage.java,Beverage::Beverage,8,24,Default task
2021-10-02T13:46:26.003+09:00,HanSeunghun,KeyEvent,103:71:0,Assignment,Editor,D:/University/Java/Assignment/src/Week5/Beverage.java,Beverage::Beverage,8,25,Default task
2021-10-02T13:46:26.115+09:00,HanSeunghun,KeyEvent,32:32:0,Assignment,Editor,D:/University/Java/Assignment/src/Week5/Beverage.java,Beverage::Beverage,8,26,Default task
2021-10-02T13:46:26.322+09:00,HanSeunghun,KeyEvent,110:78:0,Assignment,Editor,D:/University/Java/Assignment/src/Week5/Beverage.java,Beverage::Beverage,8,27,Default task
2021-10-02T13:46:26.394+09:00,HanSeunghun,KeyEvent,97:65:0,Assignment,Editor,D:/University/Java/Assignment/src/Week5/Beverage.java,Beverage::Beverage,8,28,Default task
2021-10-02T13:46:26.530+09:00,HanSeunghun,KeyEvent,109:77:0,Assignment,Editor,D:/University/Java/Assignment/src/Week5/Beverage.java,Beverage::Beverage,8,29,Default task
2021-10-02T13:46:26.611+09:00,HanSeunghun,KeyEvent,101:69:0,Assignment,Editor,D:/University/Java/Assignment/src/Week5/Beverage.java,Beverage::Beverage,8,30,Default task
2021-10-02T13:46:27.148+09:00,HanSeunghun,KeyEvent,44:44:0,Assignment,Editor,D:/University/Java/Assignment/src/Week5/Beverage.java,Beverage::Beverage,8,31,Default task
2021-10-02T13:46:27.323+09:00,HanSeunghun,KeyEvent,32:32:0,Assignment,Editor,D:/University/Java/Assignment/src/Week5/Beverage.java,Beverage::Beverage,8,32,Default task
2021-10-02T13:46:27.508+09:00,HanSeunghun,KeyEvent,65535:20:0,Assignment,Editor,D:/University/Java/Assignment/src/Week5/Beverage.java,Beverage::Beverage,8,33,Default task
2021-10-02T13:46:27.586+09:00,HanSeunghun,KeyEvent,83:83:0,Assignment,Editor,D:/University/Java/Assignment/src/Week5/Beverage.java,Beverage::Beverage,8,33,Default task
2021-10-02T13:46:27.750+09:00,HanSeunghun,KeyEvent,65535:20:0,Assignment,Editor,D:/University/Java/Assignment/src/Week5/Beverage.java,Beverage::Beverage,8,34,Default task
2021-10-02T13:46:27.834+09:00,HanSeunghun,KeyEvent,116:84:0,Assignment,Editor,D:/University/Java/Assignment/src/Week5/Beverage.java,Beverage::Beverage,8,34,Default task
2021-10-02T13:46:27.986+09:00,HanSeunghun,KeyEvent,114:82:0,Assignment,Editor,D:/University/Java/Assignment/src/Week5/Beverage.java,Beverage::Beverage,8,35,Default task
2021-10-02T13:46:28.058+09:00,HanSeunghun,KeyEvent,105:73:0,Assignment,Editor,D:/University/Java/Assignment/src/Week5/Beverage.java,Beverage::Beverage,8,36,Default task
2021-10-02T13:46:28.193+09:00,HanSeunghun,KeyEvent,110:78:0,Assignment,Editor,D:/University/Java/Assignment/src/Week5/Beverage.java,Beverage::Beverage,8,37,Default task
2021-10-02T13:46:28.274+09:00,HanSeunghun,KeyEvent,103:71:0,Assignment,Editor,D:/University/Java/Assignment/src/Week5/Beverage.java,Beverage::Beverage,8,38,Default task
2021-10-02T13:46:28.386+09:00,HanSeunghun,KeyEvent,32:32:0,Assignment,Editor,D:/University/Java/Assignment/src/Week5/Beverage.java,Beverage::Beverage,8,39,Default task
2021-10-02T13:46:28.570+09:00,HanSeunghun,KeyEvent,116:84:0,Assignment,Editor,D:/University/Java/Assignment/src/Week5/Beverage.java,Beverage::Beverage,8,40,Default task
2021-10-02T13:46:28.682+09:00,HanSeunghun,KeyEvent,121:89:0,Assignment,Editor,D:/University/Java/Assignment/src/Week5/Beverage.java,Beverage::Beverage,8,41,Default task
2021-10-02T13:46:28.842+09:00,HanSeunghun,KeyEvent,112:80:0,Assignment,Editor,D:/University/Java/Assignment/src/Week5/Beverage.java,Beverage::Beverage,8,42,Default task
2021-10-02T13:46:28.914+09:00,HanSeunghun,KeyEvent,101:69:0,Assignment,Editor,D:/University/Java/Assignment/src/Week5/Beverage.java,Beverage::Beverage,8,43,Default task
2021-10-02T13:46:29.131+09:00,HanSeunghun,KeyEvent,27:27:0,Assignment,Editor,D:/University/Java/Assignment/src/Week5/Beverage.java,Beverage::Beverage,8,44,Default task
2021-10-02T13:46:29.242+09:00,HanSeunghun,Action,EditorRight,Assignment,Editor,D:/University/Java/Assignment/src/Week5/Beverage.java,Beverage::Beverage,8,44,Default task
2021-10-02T13:46:29.243+09:00,HanSeunghun,KeyEvent,65535:39:0,Assignment,Editor,D:/University/Java/Assignment/src/Week5/Beverage.java,,8,45,Default task
2021-10-02T13:46:29.475+09:00,HanSeunghun,Action,EditorEnter,Assignment,Editor,D:/University/Java/Assignment/src/Week5/Beverage.java,,8,45,Default task
2021-10-02T13:46:29.479+09:00,HanSeunghun,KeyEvent,10:10:0,Assignment,Editor,D:/University/Java/Assignment/src/Week5/Beverage.java,,9,8,Default task
2021-10-02T13:46:29.682+09:00,HanSeunghun,KeyEvent,65535:16:1,Assignment,Editor,D:/University/Java/Assignment/src/Week5/Beverage.java,,9,8,Default task
2021-10-02T13:46:29.801+09:00,HanSeunghun,KeyEvent,123:91:1,Assignment,Editor,D:/University/Java/Assignment/src/Week5/Beverage.java,,9,8,Default task
2021-10-02T13:46:30.003+09:00,HanSeunghun,Action,EditorEnter,Assignment,Editor,D:/University/Java/Assignment/src/Week5/Beverage.java,Beverage::Beverage,9,5,Default task
2021-10-02T13:46:30.006+09:00,HanSeunghun,KeyEvent,10:10:0,Assignment,Editor,D:/University/Java/Assignment/src/Week5/Beverage.java,,10,8,Default task
2021-10-02T13:46:30.202+09:00,HanSeunghun,KeyEvent,116:84:0,Assignment,Editor,D:/University/Java/Assignment/src/Week5/Beverage.java,Beverage::Beverage,10,8,Default task
2021-10-02T13:46:30.434+09:00,HanSeunghun,KeyEvent,111:79:0,Assignment,Editor,D:/University/Java/Assignment/src/Week5/Beverage.java,Beverage::Beverage,10,9,Default task
2021-10-02T13:46:30.444+09:00,HanSeunghun,KeyEvent,105:73:0,Assignment,Editor,D:/University/Java/Assignment/src/Week5/Beverage.java,Beverage::Beverage,10,10,Default task
2021-10-02T13:46:30.827+09:00,HanSeunghun,Action,EditorBackSpace,Assignment,Editor,D:/University/Java/Assignment/src/Week5/Beverage.java,Beverage::Beverage,10,11,Default task
2021-10-02T13:46:30.828+09:00,HanSeunghun,KeyEvent,8:8:0,Assignment,Editor,D:/University/Java/Assignment/src/Week5/Beverage.java,Beverage::Beverage,10,10,Default task
2021-10-02T13:46:31.011+09:00,HanSeunghun,Action,EditorBackSpace,Assignment,Editor,D:/University/Java/Assignment/src/Week5/Beverage.java,Beverage::Beverage,10,10,Default task
2021-10-02T13:46:31.012+09:00,HanSeunghun,KeyEvent,8:8:0,Assignment,Editor,D:/University/Java/Assignment/src/Week5/Beverage.java,Beverage::Beverage,10,9,Default task
2021-10-02T13:46:31.226+09:00,HanSeunghun,Action,EditorBackSpace,Assignment,Editor,D:/University/Java/Assignment/src/Week5/Beverage.java,Beverage::Beverage,10,9,Default task
2021-10-02T13:46:31.227+09:00,HanSeunghun,KeyEvent,8:8:0,Assignment,Editor,D:/University/Java/Assignment/src/Week5/Beverage.java,Beverage::Beverage,10,8,Default task
2021-10-02T13:46:31.402+09:00,HanSeunghun,KeyEvent,116:84:0,Assignment,Editor,D:/University/Java/Assignment/src/Week5/Beverage.java,Beverage::Beverage,10,8,Default task
2021-10-02T13:46:31.524+09:00,HanSeunghun,KeyEvent,104:72:0,Assignment,Editor,D:/University/Java/Assignment/src/Week5/Beverage.java,Beverage::Beverage,10,9,Default task
2021-10-02T13:46:31.561+09:00,HanSeunghun,KeyEvent,105:73:0,Assignment,Editor,D:/University/Java/Assignment/src/Week5/Beverage.java,Beverage::Beverage,10,10,Default task
2021-10-02T13:46:31.676+09:00,HanSeunghun,KeyEvent,115:83:0,Assignment,Editor,D:/University/Java/Assignment/src/Week5/Beverage.java,Beverage::Beverage,10,11,Default task
2021-10-02T13:46:31.842+09:00,HanSeunghun,KeyEvent,46:46:0,Assignment,Editor,D:/University/Java/Assignment/src/Week5/Beverage.java,Beverage::Beverage,10,12,Default task
2021-10-02T13:46:32.107+09:00,HanSeunghun,KeyEvent,110:78:0,Assignment,Editor,D:/University/Java/Assignment/src/Week5/Beverage.java,Beverage::Beverage,10,13,Default task
2021-10-02T13:46:32.451+09:00,HanSeunghun,Action,EditorChooseLookupItem,Assignment,Editor,D:/University/Java/Assignment/src/Week5/Beverage.java,Beverage::Beverage,10,14,Default task
2021-10-02T13:46:32.456+09:00,HanSeunghun,KeyEvent,10:10:0,Assignment,Editor,D:/University/Java/Assignment/src/Week5/Beverage.java,Beverage::Beverage,10,17,Default task
2021-10-02T13:46:32.546+09:00,HanSeunghun,KeyEvent,32:32:0,Assignment,Editor,D:/University/Java/Assignment/src/Week5/Beverage.java,Beverage::Beverage,10,17,Default task
2021-10-02T13:46:32.642+09:00,HanSeunghun,KeyEvent,61:61:0,Assignment,Editor,D:/University/Java/Assignment/src/Week5/Beverage.java,Beverage::Beverage,10,18,Default task
2021-10-02T13:46:32.754+09:00,HanSeunghun,KeyEvent,32:32:0,Assignment,Editor,D:/University/Java/Assignment/src/Week5/Beverage.java,Beverage::Beverage,10,19,Default task
2021-10-02T13:46:32.906+09:00,HanSeunghun,KeyEvent,110:78:0,Assignment,Editor,D:/University/Java/Assignment/src/Week5/Beverage.java,Beverage::Beverage,10,20,Default task
2021-10-02T13:46:33.243+09:00,HanSeunghun,Action,EditorChooseLookupItem,Assignment,Editor,D:/University/Java/Assignment/src/Week5/Beverage.java,Beverage::Beverage,10,21,Default task
2021-10-02T13:46:33.250+09:00,HanSeunghun,KeyEvent,10:10:0,Assignment,Editor,D:/University/Java/Assignment/src/Week5/Beverage.java,Beverage::Beverage,10,24,Default task
2021-10-02T13:46:33.378+09:00,HanSeunghun,KeyEvent,59:59:0,Assignment,Editor,D:/University/Java/Assignment/src/Week5/Beverage.java,Beverage::Beverage,10,24,Default task
2021-10-02T13:46:33.571+09:00,HanSeunghun,Action,EditorEnter,Assignment,Editor,D:/University/Java/Assignment/src/Week5/Beverage.java,Beverage::Beverage,10,25,Default task
2021-10-02T13:46:33.572+09:00,HanSeunghun,KeyEvent,10:10:0,Assignment,Editor,D:/University/Java/Assignment/src/Week5/Beverage.java,,11,8,Default task
2021-10-02T13:46:33.698+09:00,HanSeunghun,KeyEvent,116:84:0,Assignment,Editor,D:/University/Java/Assignment/src/Week5/Beverage.java,Beverage::Beverage,11,8,Default task
2021-10-02T13:46:33.810+09:00,HanSeunghun,KeyEvent,104:72:0,Assignment,Editor,D:/University/Java/Assignment/src/Week5/Beverage.java,Beverage::Beverage,11,9,Default task
2021-10-02T13:46:33.882+09:00,HanSeunghun,KeyEvent,105:73:0,Assignment,Editor,D:/University/Java/Assignment/src/Week5/Beverage.java,Beverage::Beverage,11,10,Default task
2021-10-02T13:46:33.986+09:00,HanSeunghun,KeyEvent,115:83:0,Assignment,Editor,D:/University/Java/Assignment/src/Week5/Beverage.java,Beverage::Beverage,11,11,Default task
2021-10-02T13:46:34.138+09:00,HanSeunghun,KeyEvent,46:46:0,Assignment,Editor,D:/University/Java/Assignment/src/Week5/Beverage.java,Beverage::Beverage,11,12,Default task
2021-10-02T13:46:34.283+09:00,HanSeunghun,KeyEvent,116:84:0,Assignment,Editor,D:/University/Java/Assignment/src/Week5/Beverage.java,Beverage::Beverage,11,13,Default task
2021-10-02T13:46:34.667+09:00,HanSeunghun,Action,EditorChooseLookupItem,Assignment,Editor,D:/University/Java/Assignment/src/Week5/Beverage.java,Beverage::Beverage,11,14,Default task
2021-10-02T13:46:34.673+09:00,HanSeunghun,KeyEvent,10:10:0,Assignment,Editor,D:/University/Java/Assignment/src/Week5/Beverage.java,Beverage::Beverage,11,17,Default task
2021-10-02T13:46:34.779+09:00,HanSeunghun,KeyEvent,32:32:0,Assignment,Editor,D:/University/Java/Assignment/src/Week5/Beverage.java,Beverage::Beverage,11,17,Default task
2021-10-02T13:46:35.410+09:00,HanSeunghun,KeyEvent,61:61:0,Assignment,Editor,D:/University/Java/Assignment/src/Week5/Beverage.java,Beverage::Beverage,11,18,Default task
2021-10-02T13:46:35.530+09:00,HanSeunghun,KeyEvent,32:32:0,Assignment,Editor,D:/University/Java/Assignment/src/Week5/Beverage.java,Beverage::Beverage,11,19,Default task
2021-10-02T13:46:35.754+09:00,HanSeunghun,KeyEvent,116:84:0,Assignment,Editor,D:/University/Java/Assignment/src/Week5/Beverage.java,Beverage::Beverage,11,20,Default task
2021-10-02T13:46:36.173+09:00,HanSeunghun,Action,EditorChooseLookupItem,Assignment,Editor,D:/University/Java/Assignment/src/Week5/Beverage.java,Beverage::Beverage,11,21,Default task
2021-10-02T13:46:36.180+09:00,HanSeunghun,KeyEvent,10:10:0,Assignment,Editor,D:/University/Java/Assignment/src/Week5/Beverage.java,Beverage::Beverage,11,24,Default task
2021-10-02T13:46:36.362+09:00,HanSeunghun,KeyEvent,59:59:0,Assignment,Editor,D:/University/Java/Assignment/src/Week5/Beverage.java,Beverage::Beverage,11,24,Default task
2021-10-02T13:46:36.803+09:00,HanSeunghun,Action,EditorBackSpace,Assignment,Editor,D:/University/Java/Assignment/src/Week5/Beverage.java,Beverage::Beverage,11,25,Default task
2021-10-02T13:46:36.803+09:00,HanSeunghun,KeyEvent,8:8:0,Assignment,Editor,D:/University/Java/Assignment/src/Week5/Beverage.java,Beverage::Beverage,11,24,Default task
2021-10-02T13:46:37.018+09:00,HanSeunghun,KeyEvent,59:59:0,Assignment,Editor,D:/University/Java/Assignment/src/Week5/Beverage.java,Beverage::Beverage,11,24,Default task
2021-10-02T13:46:37.227+09:00,HanSeunghun,Action,EditorBackSpace,Assignment,Editor,D:/University/Java/Assignment/src/Week5/Beverage.java,Beverage::Beverage,11,25,Default task
2021-10-02T13:46:37.228+09:00,HanSeunghun,KeyEvent,8:8:0,Assignment,Editor,D:/University/Java/Assignment/src/Week5/Beverage.java,Beverage::Beverage,11,24,Default task
2021-10-02T13:46:37.450+09:00,HanSeunghun,KeyEvent,59:59:0,Assignment,Editor,D:/University/Java/Assignment/src/Week5/Beverage.java,Beverage::Beverage,11,24,Default task
2021-10-02T13:46:37.635+09:00,HanSeunghun,Action,EditorBackSpace,Assignment,Editor,D:/University/Java/Assignment/src/Week5/Beverage.java,Beverage::Beverage,11,25,Default task
2021-10-02T13:46:37.636+09:00,HanSeunghun,KeyEvent,8:8:0,Assignment,Editor,D:/University/Java/Assignment/src/Week5/Beverage.java,Beverage::Beverage,11,24,Default task
2021-10-02T13:46:37.841+09:00,HanSeunghun,KeyEvent,59:59:0,Assignment,Editor,D:/University/Java/Assignment/src/Week5/Beverage.java,Beverage::Beverage,11,24,Default task
2021-10-02T13:46:37.995+09:00,HanSeunghun,Action,EditorBackSpace,Assignment,Editor,D:/University/Java/Assignment/src/Week5/Beverage.java,Beverage::Beverage,11,25,Default task
2021-10-02T13:46:37.996+09:00,HanSeunghun,KeyEvent,8:8:0,Assignment,Editor,D:/University/Java/Assignment/src/Week5/Beverage.java,Beverage::Beverage,11,24,Default task
2021-10-02T13:46:38.138+09:00,HanSeunghun,KeyEvent,59:59:0,Assignment,Editor,D:/University/Java/Assignment/src/Week5/Beverage.java,Beverage::Beverage,11,24,Default task
2021-10-02T13:46:39.897+09:00,HanSeunghun,KeyEvent,65535:17:2,Assignment,Editor,D:/University/Java/Assignment/src/Week5/Beverage.java,,6,0,Default task
2021-10-02T13:46:40.012+09:00,HanSeunghun,Action,EditorCut,Assignment,Editor,D:/University/Java/Assignment/src/Week5/Beverage.java,,6,0,Default task
2021-10-02T13:46:40.018+09:00,HanSeunghun,KeyEvent,24:88:2,Assignment,Editor,D:/University/Java/Assignment/src/Week5/Beverage.java,,6,0,Default task
2021-10-02T13:46:40.330+09:00,HanSeunghun,Action,EditorBackSpace,Assignment,Editor,D:/University/Java/Assignment/src/Week5/Beverage.java,,6,0,Default task
2021-10-02T13:46:40.332+09:00,HanSeunghun,KeyEvent,8:8:0,Assignment,Editor,D:/University/Java/Assignment/src/Week5/Beverage.java,,5,24,Default task
2021-10-02T13:46:40.652+09:00,HanSeunghun,Action,EditorUp,Assignment,Editor,D:/University/Java/Assignment/src/Week5/Beverage.java,,5,24,Default task
2021-10-02T13:46:40.653+09:00,HanSeunghun,KeyEvent,65535:38:0,Assignment,Editor,D:/University/Java/Assignment/src/Week5/Beverage.java,,4,23,Default task
2021-10-02T13:46:40.866+09:00,HanSeunghun,Action,EditorEnter,Assignment,Editor,D:/University/Java/Assignment/src/Week5/Beverage.java,,4,23,Default task
2021-10-02T13:46:40.868+09:00,HanSeunghun,KeyEvent,10:10:0,Assignment,Editor,D:/University/Java/Assignment/src/Week5/Beverage.java,,5,4,Default task
2021-10-02T13:46:41.029+09:00,HanSeunghun,KeyEvent,65535:17:2,Assignment,Editor,D:/University/Java/Assignment/src/Week5/Beverage.java,,5,4,Default task
2021-10-02T13:46:41.067+09:00,HanSeunghun,Action,EditorPaste,Assignment,Editor,D:/University/Java/Assignment/src/Week5/Beverage.java,,5,4,Default task
2021-10-02T13:46:41.072+09:00,HanSeunghun,KeyEvent,22:86:2,Assignment,Editor,D:/University/Java/Assignment/src/Week5/Beverage.java,,5,24,Default task
2021-10-02T13:46:43.034+09:00,HanSeunghun,KeyEvent,65535:17:2,Assignment,Editor,D:/University/Java/Assignment/src/Week5/Beverage.java,,12,5,Default task
2021-10-02T13:46:43.535+09:00,HanSeunghun,KeyEvent,65535:17:2,Assignment,Editor,D:/University/Java/Assignment/src/Week5/Beverage.java,,12,5,Default task
2021-10-02T13:46:43.567+09:00,HanSeunghun,KeyEvent,65535:17:2,Assignment,Editor,D:/University/Java/Assignment/src/Week5/Beverage.java,,12,5,Default task
2021-10-02T13:46:43.601+09:00,HanSeunghun,KeyEvent,65535:17:2,Assignment,Editor,D:/University/Java/Assignment/src/Week5/Beverage.java,,12,5,Default task
2021-10-02T13:46:43.631+09:00,HanSeunghun,KeyEvent,65535:17:2,Assignment,Editor,D:/University/Java/Assignment/src/Week5/Beverage.java,,12,5,Default task
2021-10-02T13:46:43.666+09:00,HanSeunghun,KeyEvent,65535:17:2,Assignment,Editor,D:/University/Java/Assignment/src/Week5/Beverage.java,,12,5,Default task
2021-10-02T13:46:43.699+09:00,HanSeunghun,KeyEvent,65535:17:2,Assignment,Editor,D:/University/Java/Assignment/src/Week5/Beverage.java,,12,5,Default task
2021-10-02T13:46:43.732+09:00,HanSeunghun,KeyEvent,65535:17:2,Assignment,Editor,D:/University/Java/Assignment/src/Week5/Beverage.java,,12,5,Default task
2021-10-02T13:46:43.765+09:00,HanSeunghun,KeyEvent,65535:17:2,Assignment,Editor,D:/University/Java/Assignment/src/Week5/Beverage.java,,12,5,Default task
2021-10-02T13:46:43.797+09:00,HanSeunghun,KeyEvent,65535:17:2,Assignment,Editor,D:/University/Java/Assignment/src/Week5/Beverage.java,,12,5,Default task
2021-10-02T13:46:43.831+09:00,HanSeunghun,KeyEvent,65535:17:2,Assignment,Editor,D:/University/Java/Assignment/src/Week5/Beverage.java,,12,5,Default task
2021-10-02T13:46:43.864+09:00,HanSeunghun,KeyEvent,65535:17:2,Assignment,Editor,D:/University/Java/Assignment/src/Week5/Beverage.java,,12,5,Default task
2021-10-02T13:46:43.897+09:00,HanSeunghun,KeyEvent,65535:17:2,Assignment,Editor,D:/University/Java/Assignment/src/Week5/Beverage.java,,12,5,Default task
2021-10-02T13:46:43.930+09:00,HanSeunghun,KeyEvent,65535:17:2,Assignment,Editor,D:/University/Java/Assignment/src/Week5/Beverage.java,,12,5,Default task
2021-10-02T13:46:43.963+09:00,HanSeunghun,KeyEvent,65535:17:2,Assignment,Editor,D:/University/Java/Assignment/src/Week5/Beverage.java,,12,5,Default task
2021-10-02T13:46:43.996+09:00,HanSeunghun,KeyEvent,65535:17:2,Assignment,Editor,D:/University/Java/Assignment/src/Week5/Beverage.java,,12,5,Default task
2021-10-02T13:46:44.028+09:00,HanSeunghun,KeyEvent,65535:17:2,Assignment,Editor,D:/University/Java/Assignment/src/Week5/Beverage.java,,12,5,Default task
2021-10-02T13:46:44.062+09:00,HanSeunghun,KeyEvent,65535:17:2,Assignment,Editor,D:/University/Java/Assignment/src/Week5/Beverage.java,,12,5,Default task
2021-10-02T13:46:44.095+09:00,HanSeunghun,KeyEvent,65535:17:2,Assignment,Editor,D:/University/Java/Assignment/src/Week5/Beverage.java,,12,5,Default task
2021-10-02T13:46:44.128+09:00,HanSeunghun,KeyEvent,65535:17:2,Assignment,Editor,D:/University/Java/Assignment/src/Week5/Beverage.java,,12,5,Default task
2021-10-02T13:46:44.162+09:00,HanSeunghun,KeyEvent,65535:17:2,Assignment,Editor,D:/University/Java/Assignment/src/Week5/Beverage.java,,12,5,Default task
2021-10-02T13:46:44.192+09:00,HanSeunghun,KeyEvent,65535:17:2,Assignment,Editor,D:/University/Java/Assignment/src/Week5/Beverage.java,,12,5,Default task
2021-10-02T13:46:44.227+09:00,HanSeunghun,KeyEvent,65535:17:2,Assignment,Editor,D:/University/Java/Assignment/src/Week5/Beverage.java,,12,5,Default task
2021-10-02T13:46:44.260+09:00,HanSeunghun,KeyEvent,65535:17:2,Assignment,Editor,D:/University/Java/Assignment/src/Week5/Beverage.java,,12,5,Default task
2021-10-02T13:46:44.293+09:00,HanSeunghun,KeyEvent,65535:17:2,Assignment,Editor,D:/University/Java/Assignment/src/Week5/Beverage.java,,12,5,Default task
2021-10-02T13:46:44.326+09:00,HanSeunghun,KeyEvent,65535:17:2,Assignment,Editor,D:/University/Java/Assignment/src/Week5/Beverage.java,,12,5,Default task
2021-10-02T13:46:44.359+09:00,HanSeunghun,KeyEvent,65535:17:2,Assignment,Editor,D:/University/Java/Assignment/src/Week5/Beverage.java,,12,5,Default task
2021-10-02T13:46:44.391+09:00,HanSeunghun,KeyEvent,65535:17:2,Assignment,Editor,D:/University/Java/Assignment/src/Week5/Beverage.java,,12,5,Default task
2021-10-02T13:46:44.425+09:00,HanSeunghun,KeyEvent,65535:17:2,Assignment,Editor,D:/University/Java/Assignment/src/Week5/Beverage.java,,12,5,Default task
2021-10-02T13:46:44.458+09:00,HanSeunghun,KeyEvent,65535:17:2,Assignment,Editor,D:/University/Java/Assignment/src/Week5/Beverage.java,,12,5,Default task
2021-10-02T13:46:44.498+09:00,HanSeunghun,KeyEvent,65535:17:2,Assignment,Editor,D:/University/Java/Assignment/src/Week5/Beverage.java,,12,5,Default task
2021-10-02T13:46:44.525+09:00,HanSeunghun,KeyEvent,65535:17:2,Assignment,Editor,D:/University/Java/Assignment/src/Week5/Beverage.java,,12,5,Default task
2021-10-02T13:46:44.556+09:00,HanSeunghun,KeyEvent,65535:17:2,Assignment,Editor,D:/University/Java/Assignment/src/Week5/Beverage.java,,12,5,Default task
2021-10-02T13:46:44.590+09:00,HanSeunghun,KeyEvent,65535:17:2,Assignment,Editor,D:/University/Java/Assignment/src/Week5/Beverage.java,,12,5,Default task
2021-10-02T13:46:44.623+09:00,HanSeunghun,KeyEvent,65535:17:2,Assignment,Editor,D:/University/Java/Assignment/src/Week5/Beverage.java,,12,5,Default task
2021-10-02T13:46:44.656+09:00,HanSeunghun,KeyEvent,65535:17:2,Assignment,Editor,D:/University/Java/Assignment/src/Week5/Beverage.java,,12,5,Default task
2021-10-02T13:46:44.689+09:00,HanSeunghun,KeyEvent,65535:17:2,Assignment,Editor,D:/University/Java/Assignment/src/Week5/Beverage.java,,12,5,Default task
2021-10-02T13:46:44.722+09:00,HanSeunghun,KeyEvent,65535:17:2,Assignment,Editor,D:/University/Java/Assignment/src/Week5/Beverage.java,,12,5,Default task
2021-10-02T13:46:44.769+09:00,HanSeunghun,KeyEvent,65535:17:2,Assignment,Editor,D:/University/Java/Assignment/src/Week5/Beverage.java,,12,5,Default task
2021-10-02T13:46:44.789+09:00,HanSeunghun,KeyEvent,65535:17:2,Assignment,Editor,D:/University/Java/Assignment/src/Week5/Beverage.java,,12,5,Default task
2021-10-02T13:46:44.820+09:00,HanSeunghun,KeyEvent,65535:17:2,Assignment,Editor,D:/University/Java/Assignment/src/Week5/Beverage.java,,12,5,Default task
2021-10-02T13:46:44.855+09:00,HanSeunghun,KeyEvent,65535:17:2,Assignment,Editor,D:/University/Java/Assignment/src/Week5/Beverage.java,,12,5,Default task
2021-10-02T13:46:44.887+09:00,HanSeunghun,KeyEvent,65535:17:2,Assignment,Editor,D:/University/Java/Assignment/src/Week5/Beverage.java,,12,5,Default task
2021-10-02T13:46:44.920+09:00,HanSeunghun,KeyEvent,65535:17:2,Assignment,Editor,D:/University/Java/Assignment/src/Week5/Beverage.java,,12,5,Default task
2021-10-02T13:46:44.953+09:00,HanSeunghun,KeyEvent,65535:17:2,Assignment,Editor,D:/University/Java/Assignment/src/Week5/Beverage.java,,12,5,Default task
2021-10-02T13:46:44.986+09:00,HanSeunghun,KeyEvent,65535:17:2,Assignment,Editor,D:/University/Java/Assignment/src/Week5/Beverage.java,,12,5,Default task
2021-10-02T13:46:45.019+09:00,HanSeunghun,KeyEvent,65535:17:2,Assignment,Editor,D:/University/Java/Assignment/src/Week5/Beverage.java,,12,5,Default task
2021-10-02T13:46:45.052+09:00,HanSeunghun,KeyEvent,65535:17:2,Assignment,Editor,D:/University/Java/Assignment/src/Week5/Beverage.java,,12,5,Default task
2021-10-02T13:46:45.088+09:00,HanSeunghun,KeyEvent,65535:17:2,Assignment,Editor,D:/University/Java/Assignment/src/Week5/Beverage.java,,12,5,Default task
2021-10-02T13:46:45.117+09:00,HanSeunghun,KeyEvent,65535:17:2,Assignment,Editor,D:/University/Java/Assignment/src/Week5/Beverage.java,,12,5,Default task
2021-10-02T13:46:45.151+09:00,HanSeunghun,KeyEvent,65535:17:2,Assignment,Editor,D:/University/Java/Assignment/src/Week5/Beverage.java,,12,5,Default task
2021-10-02T13:46:45.184+09:00,HanSeunghun,KeyEvent,65535:17:2,Assignment,Editor,D:/University/Java/Assignment/src/Week5/Beverage.java,,12,5,Default task
2021-10-02T13:46:45.216+09:00,HanSeunghun,KeyEvent,65535:17:2,Assignment,Editor,D:/University/Java/Assignment/src/Week5/Beverage.java,,12,5,Default task
2021-10-02T13:46:45.249+09:00,HanSeunghun,KeyEvent,65535:17:2,Assignment,Editor,D:/University/Java/Assignment/src/Week5/Beverage.java,,12,5,Default task
2021-10-02T13:46:45.282+09:00,HanSeunghun,KeyEvent,65535:17:2,Assignment,Editor,D:/University/Java/Assignment/src/Week5/Beverage.java,,12,5,Default task
2021-10-02T13:46:45.316+09:00,HanSeunghun,KeyEvent,65535:17:2,Assignment,Editor,D:/University/Java/Assignment/src/Week5/Beverage.java,,12,5,Default task
2021-10-02T13:46:45.349+09:00,HanSeunghun,KeyEvent,65535:17:2,Assignment,Editor,D:/University/Java/Assignment/src/Week5/Beverage.java,,12,5,Default task
2021-10-02T13:46:45.382+09:00,HanSeunghun,KeyEvent,65535:17:2,Assignment,Editor,D:/University/Java/Assignment/src/Week5/Beverage.java,,12,5,Default task
2021-10-02T13:46:45.415+09:00,HanSeunghun,KeyEvent,65535:17:2,Assignment,Editor,D:/University/Java/Assignment/src/Week5/Beverage.java,,12,5,Default task
2021-10-02T13:46:45.448+09:00,HanSeunghun,KeyEvent,65535:17:2,Assignment,Editor,D:/University/Java/Assignment/src/Week5/Beverage.java,,12,5,Default task
2021-10-02T13:46:45.481+09:00,HanSeunghun,KeyEvent,65535:17:2,Assignment,Editor,D:/University/Java/Assignment/src/Week5/Beverage.java,,12,5,Default task
2021-10-02T13:46:45.513+09:00,HanSeunghun,KeyEvent,65535:17:2,Assignment,Editor,D:/University/Java/Assignment/src/Week5/Beverage.java,,12,5,Default task
2021-10-02T13:46:45.546+09:00,HanSeunghun,KeyEvent,65535:17:2,Assignment,Editor,D:/University/Java/Assignment/src/Week5/Beverage.java,,12,5,Default task
2021-10-02T13:46:45.580+09:00,HanSeunghun,KeyEvent,65535:17:2,Assignment,Editor,D:/University/Java/Assignment/src/Week5/Beverage.java,,12,5,Default task
2021-10-02T13:46:45.614+09:00,HanSeunghun,KeyEvent,65535:17:2,Assignment,Editor,D:/University/Java/Assignment/src/Week5/Beverage.java,,12,5,Default task
2021-10-02T13:46:45.646+09:00,HanSeunghun,KeyEvent,65535:17:2,Assignment,Editor,D:/University/Java/Assignment/src/Week5/Beverage.java,,12,5,Default task
2021-10-02T13:46:45.677+09:00,HanSeunghun,KeyEvent,65535:17:2,Assignment,Editor,D:/University/Java/Assignment/src/Week5/Beverage.java,,12,5,Default task
2021-10-02T13:46:45.713+09:00,HanSeunghun,KeyEvent,65535:17:2,Assignment,Editor,D:/University/Java/Assignment/src/Week5/Beverage.java,,12,5,Default task
2021-10-02T13:46:45.745+09:00,HanSeunghun,KeyEvent,65535:17:2,Assignment,Editor,D:/University/Java/Assignment/src/Week5/Beverage.java,,12,5,Default task
2021-10-02T13:46:45.778+09:00,HanSeunghun,KeyEvent,65535:17:2,Assignment,Editor,D:/University/Java/Assignment/src/Week5/Beverage.java,,12,5,Default task
2021-10-02T13:46:45.811+09:00,HanSeunghun,KeyEvent,65535:17:2,Assignment,Editor,D:/University/Java/Assignment/src/Week5/Beverage.java,,12,5,Default task
2021-10-02T13:46:45.844+09:00,HanSeunghun,KeyEvent,65535:17:2,Assignment,Editor,D:/University/Java/Assignment/src/Week5/Beverage.java,,12,5,Default task
2021-10-02T13:46:45.876+09:00,HanSeunghun,KeyEvent,65535:17:2,Assignment,Editor,D:/University/Java/Assignment/src/Week5/Beverage.java,,12,5,Default task
2021-10-02T13:46:45.910+09:00,HanSeunghun,KeyEvent,65535:17:2,Assignment,Editor,D:/University/Java/Assignment/src/Week5/Beverage.java,,12,5,Default task
2021-10-02T13:46:45.943+09:00,HanSeunghun,KeyEvent,65535:17:2,Assignment,Editor,D:/University/Java/Assignment/src/Week5/Beverage.java,,12,5,Default task
2021-10-02T13:46:45.975+09:00,HanSeunghun,KeyEvent,65535:17:2,Assignment,Editor,D:/University/Java/Assignment/src/Week5/Beverage.java,,12,5,Default task
2021-10-02T13:46:46.012+09:00,HanSeunghun,KeyEvent,65535:17:2,Assignment,Editor,D:/University/Java/Assignment/src/Week5/Beverage.java,,12,5,Default task
2021-10-02T13:46:46.043+09:00,HanSeunghun,KeyEvent,65535:17:2,Assignment,Editor,D:/University/Java/Assignment/src/Week5/Beverage.java,,12,5,Default task
2021-10-02T13:46:46.075+09:00,HanSeunghun,KeyEvent,65535:17:2,Assignment,Editor,D:/University/Java/Assignment/src/Week5/Beverage.java,,12,5,Default task
2021-10-02T13:46:46.107+09:00,HanSeunghun,KeyEvent,65535:17:2,Assignment,Editor,D:/University/Java/Assignment/src/Week5/Beverage.java,,12,5,Default task
2021-10-02T13:46:46.143+09:00,HanSeunghun,KeyEvent,65535:17:2,Assignment,Editor,D:/University/Java/Assignment/src/Week5/Beverage.java,,12,5,Default task
2021-10-02T13:46:46.174+09:00,HanSeunghun,KeyEvent,65535:17:2,Assignment,Editor,D:/University/Java/Assignment/src/Week5/Beverage.java,,12,5,Default task
2021-10-02T13:46:46.207+09:00,HanSeunghun,KeyEvent,65535:17:2,Assignment,Editor,D:/University/Java/Assignment/src/Week5/Beverage.java,,12,5,Default task
2021-10-02T13:46:46.241+09:00,HanSeunghun,KeyEvent,65535:17:2,Assignment,Editor,D:/University/Java/Assignment/src/Week5/Beverage.java,,12,5,Default task
2021-10-02T13:46:46.274+09:00,HanSeunghun,KeyEvent,65535:17:2,Assignment,Editor,D:/University/Java/Assignment/src/Week5/Beverage.java,,12,5,Default task
2021-10-02T13:46:46.307+09:00,HanSeunghun,KeyEvent,65535:17:2,Assignment,Editor,D:/University/Java/Assignment/src/Week5/Beverage.java,,12,5,Default task
2021-10-02T13:46:46.341+09:00,HanSeunghun,KeyEvent,65535:17:2,Assignment,Editor,D:/University/Java/Assignment/src/Week5/Beverage.java,,12,5,Default task
2021-10-02T13:46:46.373+09:00,HanSeunghun,KeyEvent,65535:17:2,Assignment,Editor,D:/University/Java/Assignment/src/Week5/Beverage.java,,12,5,Default task
2021-10-02T13:46:46.406+09:00,HanSeunghun,KeyEvent,65535:17:2,Assignment,Editor,D:/University/Java/Assignment/src/Week5/Beverage.java,,12,5,Default task
2021-10-02T13:46:46.438+09:00,HanSeunghun,KeyEvent,65535:17:2,Assignment,Editor,D:/University/Java/Assignment/src/Week5/Beverage.java,,12,5,Default task
2021-10-02T13:46:46.443+09:00,HanSeunghun,Action,SaveAll,Assignment,Editor,D:/University/Java/Assignment/src/Week5/Beverage.java,,12,5,Default task
2021-10-02T13:46:46.453+09:00,HanSeunghun,KeyEvent,19:83:2,Assignment,Editor,D:/University/Java/Assignment/src/Week5/Beverage.java,Beverage::Beverage,12,5,Default task
2021-10-02T13:47:02.891+09:00,HanSeunghun,KeyEvent,65535:17:2,Assignment,Project,D:/University/Java/Assignment/src/Week5/Beverage.java,,24,0,Default task
2021-10-02T13:47:03.011+09:00,HanSeunghun,Action,SaveAll,Assignment,Project,D:/University/Java/Assignment/src/Week5/Beverage.java,,24,0,Default task
2021-10-02T13:47:03.011+09:00,HanSeunghun,KeyEvent,19:83:2,Assignment,Project,D:/University/Java/Assignment/src/Week5/Beverage.java,,24,0,Default task
2021-10-02T13:47:04.972+09:00,HanSeunghun,Action,NewClass,Assignment,Popup,D:/University/Java/Assignment/src/Week5/Beverage.java,,24,0,Default task
2021-10-02T13:47:05.370+09:00,HanSeunghun,KeyEvent,65535:20:0,Assignment,Popup,D:/University/Java/Assignment/src/Week5/Beverage.java,,24,0,Default task
2021-10-02T13:47:05.498+09:00,HanSeunghun,KeyEvent,67:67:0,Assignment,Popup,D:/University/Java/Assignment/src/Week5/Beverage.java,,24,0,Default task
2021-10-02T13:47:05.619+09:00,HanSeunghun,KeyEvent,65535:20:0,Assignment,Popup,D:/University/Java/Assignment/src/Week5/Beverage.java,,24,0,Default task
2021-10-02T13:47:05.714+09:00,HanSeunghun,KeyEvent,97:65:0,Assignment,Popup,D:/University/Java/Assignment/src/Week5/Beverage.java,,24,0,Default task
2021-10-02T13:47:05.857+09:00,HanSeunghun,KeyEvent,102:70:0,Assignment,Popup,D:/University/Java/Assignment/src/Week5/Beverage.java,,24,0,Default task
2021-10-02T13:47:05.962+09:00,HanSeunghun,KeyEvent,101:69:0,Assignment,Popup,D:/University/Java/Assignment/src/Week5/Beverage.java,,24,0,Default task
2021-10-02T13:47:06.251+09:00,HanSeunghun,KeyEvent,65535:20:0,Assignment,Popup,D:/University/Java/Assignment/src/Week5/Beverage.java,,24,0,Default task
2021-10-02T13:47:06.345+09:00,HanSeunghun,KeyEvent,84:84:0,Assignment,Popup,D:/University/Java/Assignment/src/Week5/Beverage.java,,24,0,Default task
2021-10-02T13:47:06.474+09:00,HanSeunghun,KeyEvent,65535:20:0,Assignment,Popup,D:/University/Java/Assignment/src/Week5/Beverage.java,,24,0,Default task
2021-10-02T13:47:06.610+09:00,HanSeunghun,KeyEvent,101:69:0,Assignment,Popup,D:/University/Java/Assignment/src/Week5/Beverage.java,,24,0,Default task
2021-10-02T13:47:06.802+09:00,HanSeunghun,KeyEvent,115:83:0,Assignment,Popup,D:/University/Java/Assignment/src/Week5/Beverage.java,,24,0,Default task
2021-10-02T13:47:06.890+09:00,HanSeunghun,KeyEvent,116:84:0,Assignment,Popup,D:/University/Java/Assignment/src/Week5/Beverage.java,,24,0,Default task
2021-10-02T13:47:07.100+09:00,HanSeunghun,KeyEvent,10:10:0,,,,,-1,-1,
2021-10-02T13:47:11.132+09:00,HanSeunghun,Action,EditorEnter,Assignment,Editor,D:/University/Java/Assignment/src/Week5/CafeTest.java,,2,23,Default task
2021-10-02T13:47:11.135+09:00,HanSeunghun,KeyEvent,10:10:0,Assignment,Editor,D:/University/Java/Assignment/src/Week5/CafeTest.java,,3,4,Default task
2021-10-02T13:47:11.331+09:00,HanSeunghun,KeyEvent,65535:17:2,Assignment,Editor,D:/University/Java/Assignment/src/Week5/CafeTest.java,,3,4,Default task
2021-10-02T13:47:11.830+09:00,HanSeunghun,KeyEvent,65535:17:2,Assignment,Editor,D:/University/Java/Assignment/src/Week5/CafeTest.java,,3,4,Default task
2021-10-02T13:47:11.864+09:00,HanSeunghun,KeyEvent,65535:17:2,Assignment,Editor,D:/University/Java/Assignment/src/Week5/CafeTest.java,,3,4,Default task
2021-10-02T13:47:11.890+09:00,HanSeunghun,Action,SaveAll,Assignment,Editor,D:/University/Java/Assignment/src/Week5/CafeTest.java,,3,4,Default task
2021-10-02T13:47:12.118+09:00,HanSeunghun,KeyEvent,19:83:2,Assignment,Editor,D:/University/Java/Assignment/src/Week5/CafeTest.java,,3,4,Default task
2021-10-02T13:47:12.650+09:00,HanSeunghun,KeyEvent,109:77:0,Assignment,Editor,D:/University/Java/Assignment/src/Week5/CafeTest.java,,3,4,Default task
2021-10-02T13:47:12.769+09:00,HanSeunghun,KeyEvent,97:65:0,Assignment,Editor,D:/University/Java/Assignment/src/Week5/CafeTest.java,,3,5,Default task
2021-10-02T13:47:13.251+09:00,HanSeunghun,Action,EditorChooseLookupItem,Assignment,Editor,D:/University/Java/Assignment/src/Week5/CafeTest.java,,3,6,Default task
2021-10-02T13:47:13.300+09:00,HanSeunghun,KeyEvent,10:10:0,Assignment,Editor,D:/University/Java/Assignment/src/Week5/CafeTest.java,CafeTest::main,4,8,Default task
2021-10-02T13:47:14.003+09:00,HanSeunghun,KeyEvent,65535:17:2,Assignment,Editor,D:/University/Java/Assignment/src/Week5/CafeTest.java,CafeTest::main,4,8,Default task
2021-10-02T13:47:14.502+09:00,HanSeunghun,KeyEvent,65535:17:2,Assignment,Editor,D:/University/Java/Assignment/src/Week5/CafeTest.java,CafeTest::main,4,8,Default task
2021-10-02T13:47:14.535+09:00,HanSeunghun,KeyEvent,65535:17:2,Assignment,Editor,D:/University/Java/Assignment/src/Week5/CafeTest.java,CafeTest::main,4,8,Default task
2021-10-02T13:47:14.571+09:00,HanSeunghun,KeyEvent,65535:17:2,Assignment,Editor,D:/University/Java/Assignment/src/Week5/CafeTest.java,CafeTest::main,4,8,Default task
2021-10-02T13:47:14.602+09:00,HanSeunghun,KeyEvent,65535:17:2,Assignment,Editor,D:/University/Java/Assignment/src/Week5/CafeTest.java,CafeTest::main,4,8,Default task
2021-10-02T13:47:14.635+09:00,HanSeunghun,KeyEvent,65535:17:2,Assignment,Editor,D:/University/Java/Assignment/src/Week5/CafeTest.java,CafeTest::main,4,8,Default task
2021-10-02T13:47:14.667+09:00,HanSeunghun,KeyEvent,65535:17:2,Assignment,Editor,D:/University/Java/Assignment/src/Week5/CafeTest.java,CafeTest::main,4,8,Default task
2021-10-02T13:47:14.700+09:00,HanSeunghun,KeyEvent,65535:17:2,Assignment,Editor,D:/University/Java/Assignment/src/Week5/CafeTest.java,CafeTest::main,4,8,Default task
2021-10-02T13:47:14.734+09:00,HanSeunghun,KeyEvent,65535:17:2,Assignment,Editor,D:/University/Java/Assignment/src/Week5/CafeTest.java,CafeTest::main,4,8,Default task
2021-10-02T13:47:14.767+09:00,HanSeunghun,KeyEvent,65535:17:2,Assignment,Editor,D:/University/Java/Assignment/src/Week5/CafeTest.java,CafeTest::main,4,8,Default task
2021-10-02T13:47:14.800+09:00,HanSeunghun,KeyEvent,65535:17:2,Assignment,Editor,D:/University/Java/Assignment/src/Week5/CafeTest.java,CafeTest::main,4,8,Default task
2021-10-02T13:47:14.834+09:00,HanSeunghun,KeyEvent,65535:17:2,Assignment,Editor,D:/University/Java/Assignment/src/Week5/CafeTest.java,CafeTest::main,4,8,Default task
2021-10-02T13:47:14.865+09:00,HanSeunghun,KeyEvent,65535:17:2,Assignment,Editor,D:/University/Java/Assignment/src/Week5/CafeTest.java,CafeTest::main,4,8,Default task
2021-10-02T13:47:14.899+09:00,HanSeunghun,KeyEvent,65535:17:2,Assignment,Editor,D:/University/Java/Assignment/src/Week5/CafeTest.java,CafeTest::main,4,8,Default task
2021-10-02T13:47:14.932+09:00,HanSeunghun,KeyEvent,65535:17:2,Assignment,Editor,D:/University/Java/Assignment/src/Week5/CafeTest.java,CafeTest::main,4,8,Default task
2021-10-02T13:47:14.965+09:00,HanSeunghun,KeyEvent,65535:17:2,Assignment,Editor,D:/University/Java/Assignment/src/Week5/CafeTest.java,CafeTest::main,4,8,Default task
2021-10-02T13:47:14.997+09:00,HanSeunghun,KeyEvent,65535:17:2,Assignment,Editor,D:/University/Java/Assignment/src/Week5/CafeTest.java,CafeTest::main,4,8,Default task
2021-10-02T13:47:15.030+09:00,HanSeunghun,KeyEvent,65535:17:2,Assignment,Editor,D:/University/Java/Assignment/src/Week5/CafeTest.java,CafeTest::main,4,8,Default task
2021-10-02T13:47:15.063+09:00,HanSeunghun,KeyEvent,65535:17:2,Assignment,Editor,D:/University/Java/Assignment/src/Week5/CafeTest.java,CafeTest::main,4,8,Default task
2021-10-02T13:47:15.097+09:00,HanSeunghun,KeyEvent,65535:17:2,Assignment,Editor,D:/University/Java/Assignment/src/Week5/CafeTest.java,CafeTest::main,4,8,Default task
2021-10-02T13:47:15.130+09:00,HanSeunghun,KeyEvent,65535:17:2,Assignment,Editor,D:/University/Java/Assignment/src/Week5/CafeTest.java,CafeTest::main,4,8,Default task
2021-10-02T13:47:15.162+09:00,HanSeunghun,KeyEvent,65535:17:2,Assignment,Editor,D:/University/Java/Assignment/src/Week5/CafeTest.java,CafeTest::main,4,8,Default task
2021-10-02T13:47:15.196+09:00,HanSeunghun,KeyEvent,65535:17:2,Assignment,Editor,D:/University/Java/Assignment/src/Week5/CafeTest.java,CafeTest::main,4,8,Default task
2021-10-02T13:47:15.229+09:00,HanSeunghun,KeyEvent,65535:17:2,Assignment,Editor,D:/University/Java/Assignment/src/Week5/CafeTest.java,CafeTest::main,4,8,Default task
2021-10-02T13:47:15.261+09:00,HanSeunghun,KeyEvent,65535:17:2,Assignment,Editor,D:/University/Java/Assignment/src/Week5/CafeTest.java,CafeTest::main,4,8,Default task
2021-10-02T13:47:15.294+09:00,HanSeunghun,KeyEvent,65535:17:2,Assignment,Editor,D:/University/Java/Assignment/src/Week5/CafeTest.java,CafeTest::main,4,8,Default task
2021-10-02T13:47:15.331+09:00,HanSeunghun,KeyEvent,65535:17:2,Assignment,Editor,D:/University/Java/Assignment/src/Week5/CafeTest.java,CafeTest::main,4,8,Default task
2021-10-02T13:47:15.360+09:00,HanSeunghun,KeyEvent,65535:17:2,Assignment,Editor,D:/University/Java/Assignment/src/Week5/CafeTest.java,CafeTest::main,4,8,Default task
2021-10-02T13:47:15.392+09:00,HanSeunghun,KeyEvent,65535:17:2,Assignment,Editor,D:/University/Java/Assignment/src/Week5/CafeTest.java,CafeTest::main,4,8,Default task
2021-10-02T13:47:15.427+09:00,HanSeunghun,KeyEvent,65535:17:2,Assignment,Editor,D:/University/Java/Assignment/src/Week5/CafeTest.java,CafeTest::main,4,8,Default task
2021-10-02T13:47:15.460+09:00,HanSeunghun,KeyEvent,65535:17:2,Assignment,Editor,D:/University/Java/Assignment/src/Week5/CafeTest.java,CafeTest::main,4,8,Default task
2021-10-02T13:47:15.493+09:00,HanSeunghun,KeyEvent,65535:17:2,Assignment,Editor,D:/University/Java/Assignment/src/Week5/CafeTest.java,CafeTest::main,4,8,Default task
2021-10-02T13:47:15.525+09:00,HanSeunghun,KeyEvent,65535:17:2,Assignment,Editor,D:/University/Java/Assignment/src/Week5/CafeTest.java,CafeTest::main,4,8,Default task
2021-10-02T13:47:15.560+09:00,HanSeunghun,KeyEvent,65535:17:2,Assignment,Editor,D:/University/Java/Assignment/src/Week5/CafeTest.java,CafeTest::main,4,8,Default task
2021-10-02T13:47:15.592+09:00,HanSeunghun,KeyEvent,65535:17:2,Assignment,Editor,D:/University/Java/Assignment/src/Week5/CafeTest.java,CafeTest::main,4,8,Default task
2021-10-02T13:47:15.626+09:00,HanSeunghun,KeyEvent,65535:17:2,Assignment,Editor,D:/University/Java/Assignment/src/Week5/CafeTest.java,CafeTest::main,4,8,Default task
2021-10-02T13:47:15.657+09:00,HanSeunghun,KeyEvent,65535:17:2,Assignment,Editor,D:/University/Java/Assignment/src/Week5/CafeTest.java,CafeTest::main,4,8,Default task
2021-10-02T13:47:15.689+09:00,HanSeunghun,KeyEvent,65535:17:2,Assignment,Editor,D:/University/Java/Assignment/src/Week5/CafeTest.java,CafeTest::main,4,8,Default task
2021-10-02T13:47:15.722+09:00,HanSeunghun,KeyEvent,65535:17:2,Assignment,Editor,D:/University/Java/Assignment/src/Week5/CafeTest.java,CafeTest::main,4,8,Default task
2021-10-02T13:47:15.757+09:00,HanSeunghun,KeyEvent,65535:17:2,Assignment,Editor,D:/University/Java/Assignment/src/Week5/CafeTest.java,CafeTest::main,4,8,Default task
2021-10-02T13:47:15.789+09:00,HanSeunghun,KeyEvent,65535:17:2,Assignment,Editor,D:/University/Java/Assignment/src/Week5/CafeTest.java,CafeTest::main,4,8,Default task
2021-10-02T13:47:15.824+09:00,HanSeunghun,KeyEvent,65535:17:2,Assignment,Editor,D:/University/Java/Assignment/src/Week5/CafeTest.java,CafeTest::main,4,8,Default task
2021-10-02T13:47:15.855+09:00,HanSeunghun,KeyEvent,65535:17:2,Assignment,Editor,D:/University/Java/Assignment/src/Week5/CafeTest.java,CafeTest::main,4,8,Default task
2021-10-02T13:47:15.888+09:00,HanSeunghun,KeyEvent,65535:17:2,Assignment,Editor,D:/University/Java/Assignment/src/Week5/CafeTest.java,CafeTest::main,4,8,Default task
2021-10-02T13:47:15.921+09:00,HanSeunghun,KeyEvent,65535:17:2,Assignment,Editor,D:/University/Java/Assignment/src/Week5/CafeTest.java,CafeTest::main,4,8,Default task
2021-10-02T13:47:15.954+09:00,HanSeunghun,KeyEvent,65535:17:2,Assignment,Editor,D:/University/Java/Assignment/src/Week5/CafeTest.java,CafeTest::main,4,8,Default task
2021-10-02T13:47:15.987+09:00,HanSeunghun,KeyEvent,65535:17:2,Assignment,Editor,D:/University/Java/Assignment/src/Week5/CafeTest.java,CafeTest::main,4,8,Default task
2021-10-02T13:47:16.020+09:00,HanSeunghun,KeyEvent,65535:17:2,Assignment,Editor,D:/University/Java/Assignment/src/Week5/CafeTest.java,CafeTest::main,4,8,Default task
2021-10-02T13:47:16.052+09:00,HanSeunghun,KeyEvent,65535:17:2,Assignment,Editor,D:/University/Java/Assignment/src/Week5/CafeTest.java,CafeTest::main,4,8,Default task
2021-10-02T13:47:16.085+09:00,HanSeunghun,KeyEvent,65535:17:2,Assignment,Editor,D:/University/Java/Assignment/src/Week5/CafeTest.java,CafeTest::main,4,8,Default task
2021-10-02T13:47:16.120+09:00,HanSeunghun,KeyEvent,65535:17:2,Assignment,Editor,D:/University/Java/Assignment/src/Week5/CafeTest.java,CafeTest::main,4,8,Default task
2021-10-02T13:47:16.153+09:00,HanSeunghun,KeyEvent,65535:17:2,Assignment,Editor,D:/University/Java/Assignment/src/Week5/CafeTest.java,CafeTest::main,4,8,Default task
2021-10-02T13:47:16.186+09:00,HanSeunghun,KeyEvent,65535:17:2,Assignment,Editor,D:/University/Java/Assignment/src/Week5/CafeTest.java,CafeTest::main,4,8,Default task
2021-10-02T13:47:16.218+09:00,HanSeunghun,KeyEvent,65535:17:2,Assignment,Editor,D:/University/Java/Assignment/src/Week5/CafeTest.java,CafeTest::main,4,8,Default task
2021-10-02T13:47:16.250+09:00,HanSeunghun,KeyEvent,65535:17:2,Assignment,Editor,D:/University/Java/Assignment/src/Week5/CafeTest.java,CafeTest::main,4,8,Default task
2021-10-02T13:47:16.258+09:00,HanSeunghun,Action,SaveAll,Assignment,Editor,D:/University/Java/Assignment/src/Week5/CafeTest.java,CafeTest::main,4,8,Default task
2021-10-02T13:47:16.576+09:00,HanSeunghun,KeyEvent,19:83:2,Assignment,Editor,D:/University/Java/Assignment/src/Week5/CafeTest.java,CafeTest::main,4,8,Default task
2021-10-02T13:47:18.618+09:00,HanSeunghun,Action,EditorBackSpace,Assignment,Editor,D:/University/Java/Assignment/src/Week5/CafeTest.java,,7,0,Default task
2021-10-02T13:47:18.620+09:00,HanSeunghun,KeyEvent,8:8:0,Assignment,Editor,D:/University/Java/Assignment/src/Week5/CafeTest.java,,6,1,Default task
2021-10-02T13:47:20.466+09:00,HanSeunghun,KeyEvent,65535:17:2,Assignment,Editor,D:/University/Java/Assignment/src/Week5/CafeTest.java,CafeTest::main,4,8,Default task
2021-10-02T13:47:20.966+09:00,HanSeunghun,KeyEvent,65535:17:2,Assignment,Editor,D:/University/Java/Assignment/src/Week5/CafeTest.java,CafeTest::main,4,8,Default task
2021-10-02T13:47:21.000+09:00,HanSeunghun,KeyEvent,65535:17:2,Assignment,Editor,D:/University/Java/Assignment/src/Week5/CafeTest.java,CafeTest::main,4,8,Default task
2021-10-02T13:47:21.032+09:00,HanSeunghun,KeyEvent,65535:17:2,Assignment,Editor,D:/University/Java/Assignment/src/Week5/CafeTest.java,CafeTest::main,4,8,Default task
2021-10-02T13:47:21.066+09:00,HanSeunghun,KeyEvent,65535:17:2,Assignment,Editor,D:/University/Java/Assignment/src/Week5/CafeTest.java,CafeTest::main,4,8,Default task
2021-10-02T13:47:21.091+09:00,HanSeunghun,Action,SaveAll,Assignment,Editor,D:/University/Java/Assignment/src/Week5/CafeTest.java,CafeTest::main,4,8,Default task
2021-10-02T13:47:21.109+09:00,HanSeunghun,KeyEvent,19:83:2,Assignment,Editor,D:/University/Java/Assignment/src/Week5/CafeTest.java,CafeTest::main,4,8,Default task
2021-10-02T13:47:42.587+09:00,HanSeunghun,Action,EditorEnter,Assignment,Editor,D:/University/Java/Assignment/src/Week5/CafeTest.java,,2,23,Default task
2021-10-02T13:47:42.590+09:00,HanSeunghun,KeyEvent,10:10:0,Assignment,Editor,D:/University/Java/Assignment/src/Week5/CafeTest.java,CafeTest::main,3,4,Default task
2021-10-02T13:47:42.762+09:00,HanSeunghun,Action,EditorEnter,Assignment,Editor,D:/University/Java/Assignment/src/Week5/CafeTest.java,,3,4,Default task
2021-10-02T13:47:42.764+09:00,HanSeunghun,KeyEvent,10:10:0,Assignment,Editor,D:/University/Java/Assignment/src/Week5/CafeTest.java,CafeTest::main,4,4,Default task
2021-10-02T13:47:42.995+09:00,HanSeunghun,Action,EditorUp,Assignment,Editor,D:/University/Java/Assignment/src/Week5/CafeTest.java,,4,4,Default task
2021-10-02T13:47:42.996+09:00,HanSeunghun,KeyEvent,65535:38:0,Assignment,Editor,D:/University/Java/Assignment/src/Week5/CafeTest.java,,3,4,Default task
2021-10-02T13:47:43.210+09:00,HanSeunghun,Action,EditorEnter,Assignment,Editor,D:/University/Java/Assignment/src/Week5/CafeTest.java,,3,4,Default task
2021-10-02T13:47:43.212+09:00,HanSeunghun,KeyEvent,10:10:0,Assignment,Editor,D:/University/Java/Assignment/src/Week5/CafeTest.java,,4,4,Default task
2021-10-02T13:47:43.514+09:00,HanSeunghun,KeyEvent,112:80:0,Assignment,Editor,D:/University/Java/Assignment/src/Week5/CafeTest.java,,4,4,Default task
2021-10-02T13:47:43.594+09:00,HanSeunghun,KeyEvent,117:85:0,Assignment,Editor,D:/University/Java/Assignment/src/Week5/CafeTest.java,,4,5,Default task
2021-10-02T13:47:43.738+09:00,HanSeunghun,KeyEvent,98:66:0,Assignment,Editor,D:/University/Java/Assignment/src/Week5/CafeTest.java,,4,6,Default task
2021-10-02T13:47:43.810+09:00,HanSeunghun,KeyEvent,108:76:0,Assignment,Editor,D:/University/Java/Assignment/src/Week5/CafeTest.java,,4,7,Default task
2021-10-02T13:47:43.930+09:00,HanSeunghun,KeyEvent,105:73:0,Assignment,Editor,D:/University/Java/Assignment/src/Week5/CafeTest.java,,4,8,Default task
2021-10-02T13:47:44.074+09:00,HanSeunghun,KeyEvent,99:67:0,Assignment,Editor,D:/University/Java/Assignment/src/Week5/CafeTest.java,,4,9,Default task
2021-10-02T13:47:44.123+09:00,HanSeunghun,KeyEvent,32:32:0,Assignment,Editor,D:/University/Java/Assignment/src/Week5/CafeTest.java,CafeTest::main,4,10,Default task
2021-10-02T13:47:44.354+09:00,HanSeunghun,KeyEvent,101:69:0,Assignment,Editor,D:/University/Java/Assignment/src/Week5/CafeTest.java,CafeTest::main,4,11,Default task
2021-10-02T13:47:44.690+09:00,HanSeunghun,Action,EditorBackSpace,Assignment,Editor,D:/University/Java/Assignment/src/Week5/CafeTest.java,,4,12,Default task
2021-10-02T13:47:44.695+09:00,HanSeunghun,KeyEvent,8:8:0,Assignment,Editor,D:/University/Java/Assignment/src/Week5/CafeTest.java,,4,11,Default task
2021-10-02T13:47:45.191+09:00,HanSeunghun,Action,EditorBackSpace,Assignment,Editor,D:/University/Java/Assignment/src/Week5/CafeTest.java,CafeTest::main,4,11,Default task
2021-10-02T13:47:45.192+09:00,HanSeunghun,KeyEvent,8:8:0,Assignment,Editor,D:/University/Java/Assignment/src/Week5/CafeTest.java,CafeTest::main,4,10,Default task
2021-10-02T13:47:45.223+09:00,HanSeunghun,Action,EditorBackSpace,Assignment,Editor,D:/University/Java/Assignment/src/Week5/CafeTest.java,CafeTest::main,4,10,Default task
2021-10-02T13:47:45.224+09:00,HanSeunghun,KeyEvent,8:8:0,Assignment,Editor,D:/University/Java/Assignment/src/Week5/CafeTest.java,CafeTest::main,4,9,Default task
2021-10-02T13:47:45.256+09:00,HanSeunghun,Action,EditorBackSpace,Assignment,Editor,D:/University/Java/Assignment/src/Week5/CafeTest.java,,4,9,Default task
2021-10-02T13:47:45.256+09:00,HanSeunghun,KeyEvent,8:8:0,Assignment,Editor,D:/University/Java/Assignment/src/Week5/CafeTest.java,,4,8,Default task
2021-10-02T13:47:45.290+09:00,HanSeunghun,Action,EditorBackSpace,Assignment,Editor,D:/University/Java/Assignment/src/Week5/CafeTest.java,,4,8,Default task
2021-10-02T13:47:45.291+09:00,HanSeunghun,KeyEvent,8:8:0,Assignment,Editor,D:/University/Java/Assignment/src/Week5/CafeTest.java,,4,7,Default task
2021-10-02T13:47:45.322+09:00,HanSeunghun,Action,EditorBackSpace,Assignment,Editor,D:/University/Java/Assignment/src/Week5/CafeTest.java,,4,7,Default task
2021-10-02T13:47:45.324+09:00,HanSeunghun,KeyEvent,8:8:0,Assignment,Editor,D:/University/Java/Assignment/src/Week5/CafeTest.java,,4,6,Default task
2021-10-02T13:47:45.355+09:00,HanSeunghun,Action,EditorBackSpace,Assignment,Editor,D:/University/Java/Assignment/src/Week5/CafeTest.java,,4,6,Default task
2021-10-02T13:47:45.356+09:00,HanSeunghun,KeyEvent,8:8:0,Assignment,Editor,D:/University/Java/Assignment/src/Week5/CafeTest.java,,4,5,Default task
2021-10-02T13:47:45.491+09:00,HanSeunghun,Action,EditorBackSpace,Assignment,Editor,D:/University/Java/Assignment/src/Week5/CafeTest.java,,4,5,Default task
2021-10-02T13:47:45.492+09:00,HanSeunghun,KeyEvent,8:8:0,Assignment,Editor,D:/University/Java/Assignment/src/Week5/CafeTest.java,,4,4,Default task
2021-10-02T13:47:45.730+09:00,HanSeunghun,KeyEvent,101:69:0,Assignment,Editor,D:/University/Java/Assignment/src/Week5/CafeTest.java,,4,4,Default task
2021-10-02T13:47:45.882+09:00,HanSeunghun,KeyEvent,110:78:0,Assignment,Editor,D:/University/Java/Assignment/src/Week5/CafeTest.java,,4,5,Default task
2021-10-02T13:47:46.050+09:00,HanSeunghun,KeyEvent,117:85:0,Assignment,Editor,D:/University/Java/Assignment/src/Week5/CafeTest.java,,4,6,Default task
2021-10-02T13:47:46.258+09:00,HanSeunghun,KeyEvent,109:77:0,Assignment,Editor,D:/University/Java/Assignment/src/Week5/CafeTest.java,,4,7,Default task
2021-10-02T13:47:46.426+09:00,HanSeunghun,KeyEvent,32:32:0,Assignment,Editor,D:/University/Java/Assignment/src/Week5/CafeTest.java,,4,8,Default task
2021-10-02T13:47:49.010+09:00,HanSeunghun,KeyEvent,65535:20:0,Assignment,Editor,D:/University/Java/Assignment/src/Week5/CafeTest.java,,4,9,Default task
2021-10-02T13:47:49.377+09:00,HanSeunghun,KeyEvent,82:82:0,Assignment,Editor,D:/University/Java/Assignment/src/Week5/CafeTest.java,,4,9,Default task
2021-10-02T13:47:49.706+09:00,HanSeunghun,Action,EditorBackSpace,Assignment,Editor,D:/University/Java/Assignment/src/Week5/CafeTest.java,,4,10,Default task
2021-10-02T13:47:49.708+09:00,HanSeunghun,KeyEvent,8:8:0,Assignment,Editor,D:/University/Java/Assignment/src/Week5/CafeTest.java,,4,9,Default task
2021-10-02T13:47:49.721+09:00,HanSeunghun,KeyEvent,92:92:0,Assignment,Editor,D:/University/Java/Assignment/src/Week5/CafeTest.java,,4,9,Default task
2021-10-02T13:47:49.794+09:00,HanSeunghun,KeyEvent,68:68:0,Assignment,Editor,D:/University/Java/Assignment/src/Week5/CafeTest.java,,4,10,Default task
2021-10-02T13:47:49.874+09:00,HanSeunghun,KeyEvent,70:70:0,Assignment,Editor,D:/University/Java/Assignment/src/Week5/CafeTest.java,,4,11,Default task
2021-10-02T13:47:49.994+09:00,HanSeunghun,Action,EditorBackSpace,Assignment,Editor,D:/University/Java/Assignment/src/Week5/CafeTest.java,,4,12,Default task
2021-10-02T13:47:49.999+09:00,HanSeunghun,KeyEvent,8:8:0,Assignment,Editor,D:/University/Java/Assignment/src/Week5/CafeTest.java,,4,11,Default task
2021-10-02T13:47:50.146+09:00,HanSeunghun,Action,EditorBackSpace,Assignment,Editor,D:/University/Java/Assignment/src/Week5/CafeTest.java,,4,11,Default task
2021-10-02T13:47:50.153+09:00,HanSeunghun,KeyEvent,8:8:0,Assignment,Editor,D:/University/Java/Assignment/src/Week5/CafeTest.java,,4,10,Default task
2021-10-02T13:47:50.307+09:00,HanSeunghun,Action,EditorBackSpace,Assignment,Editor,D:/University/Java/Assignment/src/Week5/CafeTest.java,,4,10,Default task
2021-10-02T13:47:50.308+09:00,HanSeunghun,KeyEvent,8:8:0,Assignment,Editor,D:/University/Java/Assignment/src/Week5/CafeTest.java,,4,9,Default task
2021-10-02T13:47:50.385+09:00,HanSeunghun,KeyEvent,67:67:0,Assignment,Editor,D:/University/Java/Assignment/src/Week5/CafeTest.java,,4,9,Default task
2021-10-02T13:47:50.482+09:00,HanSeunghun,KeyEvent,65535:20:0,Assignment,Editor,D:/University/Java/Assignment/src/Week5/CafeTest.java,,4,10,Default task
2021-10-02T13:47:50.858+09:00,HanSeunghun,KeyEvent,111:79:0,Assignment,Editor,D:/University/Java/Assignment/src/Week5/CafeTest.java,,4,10,Default task
2021-10-02T13:47:51.122+09:00,HanSeunghun,KeyEvent,109:77:0,Assignment,Editor,D:/University/Java/Assignment/src/Week5/CafeTest.java,,4,11,Default task
2021-10-02T13:47:51.242+09:00,HanSeunghun,KeyEvent,109:77:0,Assignment,Editor,D:/University/Java/Assignment/src/Week5/CafeTest.java,,4,12,Default task
2021-10-02T13:47:51.354+09:00,HanSeunghun,KeyEvent,97:65:0,Assignment,Editor,D:/University/Java/Assignment/src/Week5/CafeTest.java,,4,13,Default task
2021-10-02T13:47:51.474+09:00,HanSeunghun,KeyEvent,110:78:0,Assignment,Editor,D:/University/Java/Assignment/src/Week5/CafeTest.java,,4,14,Default task
2021-10-02T13:47:51.529+09:00,HanSeunghun,KeyEvent,100:68:0,Assignment,Editor,D:/University/Java/Assignment/src/Week5/CafeTest.java,,4,15,Default task
2021-10-02T13:47:51.826+09:00,HanSeunghun,KeyEvent,27:27:0,Assignment,Editor,D:/University/Java/Assignment/src/Week5/CafeTest.java,,4,16,Default task
2021-10-02T13:47:52.035+09:00,HanSeunghun,Action,EditorEnter,Assignment,Editor,D:/University/Java/Assignment/src/Week5/CafeTest.java,,4,16,Default task
2021-10-02T13:47:52.037+09:00,HanSeunghun,KeyEvent,10:10:0,Assignment,Editor,D:/University/Java/Assignment/src/Week5/CafeTest.java,,5,4,Default task
2021-10-02T13:47:52.234+09:00,HanSeunghun,KeyEvent,65535:16:1,Assignment,Editor,D:/University/Java/Assignment/src/Week5/CafeTest.java,,5,4,Default task
2021-10-02T13:47:52.338+09:00,HanSeunghun,KeyEvent,123:91:1,Assignment,Editor,D:/University/Java/Assignment/src/Week5/CafeTest.java,,5,4,Default task
2021-10-02T13:47:52.547+09:00,HanSeunghun,Action,EditorEnter,Assignment,Editor,D:/University/Java/Assignment/src/Week5/CafeTest.java,,5,5,Default task
2021-10-02T13:47:52.550+09:00,HanSeunghun,KeyEvent,10:10:0,Assignment,Editor,D:/University/Java/Assignment/src/Week5/CafeTest.java,,6,8,Default task
2021-10-02T13:47:52.795+09:00,HanSeunghun,Action,EditorEnter,Assignment,Editor,D:/University/Java/Assignment/src/Week5/CafeTest.java,,6,8,Default task
2021-10-02T13:47:52.796+09:00,HanSeunghun,KeyEvent,10:10:0,Assignment,Editor,D:/University/Java/Assignment/src/Week5/CafeTest.java,,7,8,Default task
2021-10-02T13:47:53.914+09:00,HanSeunghun,KeyEvent,112:80:0,Assignment,Editor,D:/University/Java/Assignment/src/Week5/CafeTest.java,,7,8,Default task
2021-10-02T13:47:53.993+09:00,HanSeunghun,KeyEvent,114:82:0,Assignment,Editor,D:/University/Java/Assignment/src/Week5/CafeTest.java,,7,9,Default task
2021-10-02T13:47:54.098+09:00,HanSeunghun,KeyEvent,105:73:0,Assignment,Editor,D:/University/Java/Assignment/src/Week5/CafeTest.java,,7,10,Default task
2021-10-02T13:47:54.178+09:00,HanSeunghun,KeyEvent,118:86:0,Assignment,Editor,D:/University/Java/Assignment/src/Week5/CafeTest.java,,7,11,Default task
2021-10-02T13:47:54.241+09:00,HanSeunghun,KeyEvent,97:65:0,Assignment,Editor,D:/University/Java/Assignment/src/Week5/CafeTest.java,,7,12,Default task
2021-10-02T13:47:54.338+09:00,HanSeunghun,KeyEvent,116:84:0,Assignment,Editor,D:/University/Java/Assignment/src/Week5/CafeTest.java,,7,13,Default task
2021-10-02T13:47:54.402+09:00,HanSeunghun,KeyEvent,101:69:0,Assignment,Editor,D:/University/Java/Assignment/src/Week5/CafeTest.java,,7,14,Default task
2021-10-02T13:47:54.498+09:00,HanSeunghun,KeyEvent,32:32:0,Assignment,Editor,D:/University/Java/Assignment/src/Week5/CafeTest.java,,7,15,Default task
2021-10-02T13:47:54.586+09:00,HanSeunghun,KeyEvent,65535:20:0,Assignment,Editor,D:/University/Java/Assignment/src/Week5/CafeTest.java,,7,16,Default task
2021-10-02T13:47:54.675+09:00,HanSeunghun,KeyEvent,67:67:0,Assignment,Editor,D:/University/Java/Assignment/src/Week5/CafeTest.java,,7,16,Default task
2021-10-02T13:47:54.811+09:00,HanSeunghun,KeyEvent,65535:20:0,Assignment,Editor,D:/University/Java/Assignment/src/Week5/CafeTest.java,,7,17,Default task
2021-10-02T13:47:54.881+09:00,HanSeunghun,KeyEvent,111:79:0,Assignment,Editor,D:/University/Java/Assignment/src/Week5/CafeTest.java,,7,17,Default task
2021-10-02T13:47:55.053+09:00,HanSeunghun,KeyEvent,109:77:0,Assignment,Editor,D:/University/Java/Assignment/src/Week5/CafeTest.java,,7,18,Default task
2021-10-02T13:47:55.194+09:00,HanSeunghun,KeyEvent,109:77:0,Assignment,Editor,D:/University/Java/Assignment/src/Week5/CafeTest.java,,7,19,Default task
2021-10-02T13:47:55.261+09:00,HanSeunghun,KeyEvent,97:65:0,Assignment,Editor,D:/University/Java/Assignment/src/Week5/CafeTest.java,,7,20,Default task
2021-10-02T13:47:55.370+09:00,HanSeunghun,KeyEvent,110:78:0,Assignment,Editor,D:/University/Java/Assignment/src/Week5/CafeTest.java,,7,21,Default task
2021-10-02T13:47:55.417+09:00,HanSeunghun,KeyEvent,100:68:0,Assignment,Editor,D:/University/Java/Assignment/src/Week5/CafeTest.java,,7,22,Default task
2021-10-02T13:47:55.650+09:00,HanSeunghun,Action,EditorEscape,Assignment,Editor,D:/University/Java/Assignment/src/Week5/CafeTest.java,,7,23,Default task
2021-10-02T13:47:55.653+09:00,HanSeunghun,KeyEvent,27:27:0,Assignment,Editor,D:/University/Java/Assignment/src/Week5/CafeTest.java,,7,23,Default task
2021-10-02T13:47:55.826+09:00,HanSeunghun,KeyEvent,65535:16:1,Assignment,Editor,D:/University/Java/Assignment/src/Week5/CafeTest.java,,7,23,Default task
2021-10-02T13:47:56.059+09:00,HanSeunghun,KeyEvent,40:57:1,Assignment,Editor,D:/University/Java/Assignment/src/Week5/CafeTest.java,,7,23,Default task
2021-10-02T13:47:56.177+09:00,HanSeunghun,KeyEvent,40:57:1,Assignment,Editor,D:/University/Java/Assignment/src/Week5/CafeTest.java,CafeTest::Command::Command,7,24,Default task
2021-10-02T13:47:56.698+09:00,HanSeunghun,Action,EditorBackSpace,Assignment,Editor,D:/University/Java/Assignment/src/Week5/CafeTest.java,CafeTest::Command::Command,7,25,Default task
2021-10-02T13:47:56.700+09:00,HanSeunghun,KeyEvent,8:8:0,Assignment,Editor,D:/University/Java/Assignment/src/Week5/CafeTest.java,CafeTest::Command::Command,7,24,Default task
2021-10-02T13:47:56.995+09:00,HanSeunghun,Action,EditorRight,Assignment,Editor,D:/University/Java/Assignment/src/Week5/CafeTest.java,CafeTest::Command::Command,7,24,Default task
2021-10-02T13:47:56.995+09:00,HanSeunghun,KeyEvent,65535:39:0,Assignment,Editor,D:/University/Java/Assignment/src/Week5/CafeTest.java,,7,25,Default task
2021-10-02T13:47:57.003+09:00,HanSeunghun,Action,EditorDown,Assignment,Editor,D:/University/Java/Assignment/src/Week5/CafeTest.java,,7,25,Default task
2021-10-02T13:47:57.003+09:00,HanSeunghun,KeyEvent,65535:40:0,Assignment,Editor,D:/University/Java/Assignment/src/Week5/CafeTest.java,,8,5,Default task
2021-10-02T13:47:57.731+09:00,HanSeunghun,Action,EditorUp,Assignment,Editor,D:/University/Java/Assignment/src/Week5/CafeTest.java,,8,5,Default task
2021-10-02T13:47:57.731+09:00,HanSeunghun,KeyEvent,65535:38:0,Assignment,Editor,D:/University/Java/Assignment/src/Week5/CafeTest.java,,7,25,Default task
2021-10-02T13:47:57.978+09:00,HanSeunghun,Action,EditorLineEnd,Assignment,Editor,D:/University/Java/Assignment/src/Week5/CafeTest.java,,7,25,Default task
2021-10-02T13:47:57.979+09:00,HanSeunghun,KeyEvent,65535:35:0,Assignment,Editor,D:/University/Java/Assignment/src/Week5/CafeTest.java,,7,25,Default task
2021-10-02T13:47:58.354+09:00,HanSeunghun,Action,EditorEnter,Assignment,Editor,D:/University/Java/Assignment/src/Week5/CafeTest.java,,7,25,Default task
2021-10-02T13:47:58.357+09:00,HanSeunghun,KeyEvent,10:10:0,Assignment,Editor,D:/University/Java/Assignment/src/Week5/CafeTest.java,,8,12,Default task
2021-10-02T13:47:58.578+09:00,HanSeunghun,KeyEvent,65535:16:1,Assignment,Editor,D:/University/Java/Assignment/src/Week5/CafeTest.java,,8,12,Default task
2021-10-02T13:47:58.666+09:00,HanSeunghun,KeyEvent,123:91:1,Assignment,Editor,D:/University/Java/Assignment/src/Week5/CafeTest.java,,8,12,Default task
2021-10-02T13:47:58.898+09:00,HanSeunghun,Action,EditorEnter,Assignment,Editor,D:/University/Java/Assignment/src/Week5/CafeTest.java,CafeTest::Command::Command,8,9,Default task
2021-10-02T13:47:58.902+09:00,HanSeunghun,KeyEvent,10:10:0,Assignment,Editor,D:/University/Java/Assignment/src/Week5/CafeTest.java,,9,12,Default task
2021-10-02T13:47:59.338+09:00,HanSeunghun,Action,EditorUp,Assignment,Editor,D:/University/Java/Assignment/src/Week5/CafeTest.java,CafeTest::Command::Command,9,12,Default task
2021-10-02T13:47:59.339+09:00,HanSeunghun,KeyEvent,65535:38:0,Assignment,Editor,D:/University/Java/Assignment/src/Week5/CafeTest.java,CafeTest::Command::Command,8,9,Default task
2021-10-02T13:47:59.651+09:00,HanSeunghun,Action,EditorDown,Assignment,Editor,D:/University/Java/Assignment/src/Week5/CafeTest.java,CafeTest::Command::Command,8,9,Default task
2021-10-02T13:47:59.652+09:00,HanSeunghun,KeyEvent,65535:40:0,Assignment,Editor,D:/University/Java/Assignment/src/Week5/CafeTest.java,CafeTest::Command::Command,9,12,Default task
2021-10-02T13:47:59.906+09:00,HanSeunghun,Action,EditorUp,Assignment,Editor,D:/University/Java/Assignment/src/Week5/CafeTest.java,CafeTest::Command::Command,9,12,Default task
2021-10-02T13:47:59.907+09:00,HanSeunghun,KeyEvent,65535:38:0,Assignment,Editor,D:/University/Java/Assignment/src/Week5/CafeTest.java,CafeTest::Command::Command,8,9,Default task
2021-10-02T13:48:00.074+09:00,HanSeunghun,Action,EditorUp,Assignment,Editor,D:/University/Java/Assignment/src/Week5/CafeTest.java,CafeTest::Command::Command,8,9,Default task
2021-10-02T13:48:00.075+09:00,HanSeunghun,KeyEvent,65535:38:0,Assignment,Editor,D:/University/Java/Assignment/src/Week5/CafeTest.java,CafeTest::Command::Command,7,12,Default task
2021-10-02T13:48:00.243+09:00,HanSeunghun,Action,EditorUp,Assignment,Editor,D:/University/Java/Assignment/src/Week5/CafeTest.java,CafeTest::Command::Command,7,12,Default task
2021-10-02T13:48:00.243+09:00,HanSeunghun,KeyEvent,65535:38:0,Assignment,Editor,D:/University/Java/Assignment/src/Week5/CafeTest.java,,6,8,Default task
2021-10-02T13:48:00.770+09:00,HanSeunghun,Action,EditorUp,Assignment,Editor,D:/University/Java/Assignment/src/Week5/CafeTest.java,,6,8,Default task
2021-10-02T13:48:00.771+09:00,HanSeunghun,KeyEvent,65535:38:0,Assignment,Editor,D:/University/Java/Assignment/src/Week5/CafeTest.java,,5,5,Default task
2021-10-02T13:48:01.106+09:00,HanSeunghun,Action,EditorEnter,Assignment,Editor,D:/University/Java/Assignment/src/Week5/CafeTest.java,,5,5,Default task
2021-10-02T13:48:01.108+09:00,HanSeunghun,KeyEvent,10:10:0,Assignment,Editor,D:/University/Java/Assignment/src/Week5/CafeTest.java,,6,8,Default task
2021-10-02T13:48:01.715+09:00,HanSeunghun,KeyEvent,65535:20:0,Assignment,Editor,D:/University/Java/Assignment/src/Week5/CafeTest.java,,6,8,Default task
2021-10-02T13:48:02.292+09:00,HanSeunghun,KeyEvent,65535:20:0,Assignment,Editor,D:/University/Java/Assignment/src/Week5/CafeTest.java,,6,8,Default task
2021-10-02T13:48:02.619+09:00,HanSeunghun,KeyEvent,65535:20:0,Assignment,Editor,D:/University/Java/Assignment/src/Week5/CafeTest.java,,6,8,Default task
2021-10-02T13:48:02.762+09:00,HanSeunghun,KeyEvent,65:65:0,Assignment,Editor,D:/University/Java/Assignment/src/Week5/CafeTest.java,,6,8,Default task
2021-10-02T13:48:03.002+09:00,HanSeunghun,KeyEvent,68:68:0,Assignment,Editor,D:/University/Java/Assignment/src/Week5/CafeTest.java,,6,9,Default task
2021-10-02T13:48:03.170+09:00,HanSeunghun,KeyEvent,68:68:0,Assignment,Editor,D:/University/Java/Assignment/src/Week5/CafeTest.java,,6,10,Default task
2021-10-02T13:48:03.346+09:00,HanSeunghun,KeyEvent,65535:20:0,Assignment,Editor,D:/University/Java/Assignment/src/Week5/CafeTest.java,,6,11,Default task
2021-10-02T13:48:04.881+09:00,HanSeunghun,KeyEvent,44:44:0,Assignment,Editor,D:/University/Java/Assignment/src/Week5/CafeTest.java,,6,11,Default task
2021-10-02T13:48:06.275+09:00,HanSeunghun,Action,EditorEnter,Assignment,Editor,D:/University/Java/Assignment/src/Week5/CafeTest.java,,6,12,Default task
2021-10-02T13:48:06.278+09:00,HanSeunghun,KeyEvent,10:10:0,Assignment,Editor,D:/University/Java/Assignment/src/Week5/CafeTest.java,,7,8,Default task
2021-10-02T13:48:07.129+09:00,HanSeunghun,KeyEvent,65535:20:0,Assignment,Editor,D:/University/Java/Assignment/src/Week5/CafeTest.java,,7,8,Default task
2021-10-02T13:48:07.234+09:00,HanSeunghun,KeyEvent,76:76:0,Assignment,Editor,D:/University/Java/Assignment/src/Week5/CafeTest.java,,7,8,Default task
2021-10-02T13:48:07.334+09:00,HanSeunghun,KeyEvent,65535:20:0,Assignment,Editor,D:/University/Java/Assignment/src/Week5/CafeTest.java,,7,9,Default task
2021-10-02T13:48:07.450+09:00,HanSeunghun,KeyEvent,105:73:0,Assignment,Editor,D:/University/Java/Assignment/src/Week5/CafeTest.java,,7,9,Default task
2021-10-02T13:48:07.500+09:00,HanSeunghun,KeyEvent,115:83:0,Assignment,Editor,D:/University/Java/Assignment/src/Week5/CafeTest.java,,7,10,Default task
2021-10-02T13:48:07.698+09:00,HanSeunghun,KeyEvent,116:84:0,Assignment,Editor,D:/University/Java/Assignment/src/Week5/CafeTest.java,,7,11,Default task
2021-10-02T13:48:08.050+09:00,HanSeunghun,Action,EditorBackSpace,Assignment,Editor,D:/University/Java/Assignment/src/Week5/CafeTest.java,,7,12,Default task
2021-10-02T13:48:08.051+09:00,HanSeunghun,KeyEvent,8:8:0,Assignment,Editor,D:/University/Java/Assignment/src/Week5/CafeTest.java,,7,11,Default task
2021-10-02T13:48:08.226+09:00,HanSeunghun,Action,EditorBackSpace,Assignment,Editor,D:/University/Java/Assignment/src/Week5/CafeTest.java,,7,11,Default task
2021-10-02T13:48:08.227+09:00,HanSeunghun,KeyEvent,8:8:0,Assignment,Editor,D:/University/Java/Assignment/src/Week5/CafeTest.java,,7,10,Default task
2021-10-02T13:48:08.402+09:00,HanSeunghun,Action,EditorBackSpace,Assignment,Editor,D:/University/Java/Assignment/src/Week5/CafeTest.java,,7,10,Default task
2021-10-02T13:48:08.403+09:00,HanSeunghun,KeyEvent,8:8:0,Assignment,Editor,D:/University/Java/Assignment/src/Week5/CafeTest.java,,7,9,Default task
2021-10-02T13:48:08.547+09:00,HanSeunghun,Action,EditorBackSpace,Assignment,Editor,D:/University/Java/Assignment/src/Week5/CafeTest.java,,7,9,Default task
2021-10-02T13:48:08.548+09:00,HanSeunghun,KeyEvent,8:8:0,Assignment,Editor,D:/University/Java/Assignment/src/Week5/CafeTest.java,,7,8,Default task
2021-10-02T13:48:08.602+09:00,HanSeunghun,KeyEvent,65535:20:0,Assignment,Editor,D:/University/Java/Assignment/src/Week5/CafeTest.java,,7,8,Default task
2021-10-02T13:48:08.690+09:00,HanSeunghun,KeyEvent,70:70:0,Assignment,Editor,D:/University/Java/Assignment/src/Week5/CafeTest.java,,7,8,Default task
2021-10-02T13:48:08.827+09:00,HanSeunghun,KeyEvent,65535:20:0,Assignment,Editor,D:/University/Java/Assignment/src/Week5/CafeTest.java,,7,9,Default task
2021-10-02T13:48:08.922+09:00,HanSeunghun,KeyEvent,105:73:0,Assignment,Editor,D:/University/Java/Assignment/src/Week5/CafeTest.java,,7,9,Default task
2021-10-02T13:48:09.114+09:00,HanSeunghun,KeyEvent,110:78:0,Assignment,Editor,D:/University/Java/Assignment/src/Week5/CafeTest.java,,7,10,Default task
2021-10-02T13:48:09.210+09:00,HanSeunghun,KeyEvent,100:68:0,Assignment,Editor,D:/University/Java/Assignment/src/Week5/CafeTest.java,,7,11,Default task
2021-10-02T13:48:09.426+09:00,HanSeunghun,KeyEvent,44:44:0,Assignment,Editor,D:/University/Java/Assignment/src/Week5/CafeTest.java,,7,12,Default task
2021-10-02T13:48:10.963+09:00,HanSeunghun,Action,EditorEnter,Assignment,Editor,D:/University/Java/Assignment/src/Week5/CafeTest.java,,7,13,Default task
2021-10-02T13:48:10.966+09:00,HanSeunghun,KeyEvent,10:10:0,Assignment,Editor,D:/University/Java/Assignment/src/Week5/CafeTest.java,,8,8,Default task
2021-10-02T13:48:11.434+09:00,HanSeunghun,KeyEvent,65535:20:0,Assignment,Editor,D:/University/Java/Assignment/src/Week5/CafeTest.java,,8,8,Default task
2021-10-02T13:48:11.567+09:00,HanSeunghun,KeyEvent,76:76:0,Assignment,Editor,D:/University/Java/Assignment/src/Week5/CafeTest.java,,8,8,Default task
2021-10-02T13:48:11.626+09:00,HanSeunghun,KeyEvent,65535:20:0,Assignment,Editor,D:/University/Java/Assignment/src/Week5/CafeTest.java,,8,9,Default task
2021-10-02T13:48:11.761+09:00,HanSeunghun,KeyEvent,105:73:0,Assignment,Editor,D:/University/Java/Assignment/src/Week5/CafeTest.java,,8,9,Default task
2021-10-02T13:48:11.801+09:00,HanSeunghun,KeyEvent,115:83:0,Assignment,Editor,D:/University/Java/Assignment/src/Week5/CafeTest.java,,8,10,Default task
2021-10-02T13:48:11.970+09:00,HanSeunghun,KeyEvent,116:84:0,Assignment,Editor,D:/University/Java/Assignment/src/Week5/CafeTest.java,,8,11,Default task
2021-10-02T13:48:12.226+09:00,HanSeunghun,KeyEvent,44:44:0,Assignment,Editor,D:/University/Java/Assignment/src/Week5/CafeTest.java,,8,12,Default task
2021-10-02T13:48:12.594+09:00,HanSeunghun,Action,EditorEnter,Assignment,Editor,D:/University/Java/Assignment/src/Week5/CafeTest.java,,8,13,Default task
2021-10-02T13:48:12.597+09:00,HanSeunghun,KeyEvent,10:10:0,Assignment,Editor,D:/University/Java/Assignment/src/Week5/CafeTest.java,,9,8,Default task
2021-10-02T13:48:12.691+09:00,HanSeunghun,KeyEvent,65535:20:0,Assignment,Editor,D:/University/Java/Assignment/src/Week5/CafeTest.java,,9,8,Default task
2021-10-02T13:48:12.794+09:00,HanSeunghun,KeyEvent,67:67:0,Assignment,Editor,D:/University/Java/Assignment/src/Week5/CafeTest.java,,9,8,Default task
2021-10-02T13:48:12.898+09:00,HanSeunghun,KeyEvent,65535:20:0,Assignment,Editor,D:/University/Java/Assignment/src/Week5/CafeTest.java,,9,9,Default task
2021-10-02T13:48:13.009+09:00,HanSeunghun,KeyEvent,108:76:0,Assignment,Editor,D:/University/Java/Assignment/src/Week5/CafeTest.java,,9,9,Default task
2021-10-02T13:48:13.098+09:00,HanSeunghun,KeyEvent,101:69:0,Assignment,Editor,D:/University/Java/Assignment/src/Week5/CafeTest.java,,9,10,Default task
2021-10-02T13:48:13.218+09:00,HanSeunghun,KeyEvent,97:65:0,Assignment,Editor,D:/University/Java/Assignment/src/Week5/CafeTest.java,,9,11,Default task
2021-10-02T13:48:13.314+09:00,HanSeunghun,KeyEvent,114:82:0,Assignment,Editor,D:/University/Java/Assignment/src/Week5/CafeTest.java,,9,12,Default task
2021-10-02T13:48:14.530+09:00,HanSeunghun,KeyEvent,44:44:0,Assignment,Editor,D:/University/Java/Assignment/src/Week5/CafeTest.java,,9,13,Default task
2021-10-02T13:48:14.875+09:00,HanSeunghun,Action,EditorEnter,Assignment,Editor,D:/University/Java/Assignment/src/Week5/CafeTest.java,,9,14,Default task
2021-10-02T13:48:14.878+09:00,HanSeunghun,KeyEvent,10:10:0,Assignment,Editor,D:/University/Java/Assignment/src/Week5/CafeTest.java,,10,8,Default task
2021-10-02T13:48:14.955+09:00,HanSeunghun,KeyEvent,65535:20:0,Assignment,Editor,D:/University/Java/Assignment/src/Week5/CafeTest.java,,10,8,Default task
2021-10-02T13:48:15.052+09:00,HanSeunghun,KeyEvent,81:81:0,Assignment,Editor,D:/University/Java/Assignment/src/Week5/CafeTest.java,,10,8,Default task
2021-10-02T13:48:15.178+09:00,HanSeunghun,KeyEvent,65535:20:0,Assignment,Editor,D:/University/Java/Assignment/src/Week5/CafeTest.java,,10,9,Default task
2021-10-02T13:48:15.730+09:00,HanSeunghun,KeyEvent,65535:20:0,Assignment,Editor,D:/University/Java/Assignment/src/Week5/CafeTest.java,,10,9,Default task
2021-10-02T13:48:15.978+09:00,HanSeunghun,KeyEvent,85:85:0,Assignment,Editor,D:/University/Java/Assignment/src/Week5/CafeTest.java,,10,9,Default task
2021-10-02T13:48:16.233+09:00,HanSeunghun,KeyEvent,73:73:0,Assignment,Editor,D:/University/Java/Assignment/src/Week5/CafeTest.java,,10,10,Default task
2021-10-02T13:48:16.353+09:00,HanSeunghun,KeyEvent,84:84:0,Assignment,Editor,D:/University/Java/Assignment/src/Week5/CafeTest.java,,10,11,Default task
2021-10-02T13:48:16.937+09:00,HanSeunghun,KeyEvent,44:44:0,Assignment,Editor,D:/University/Java/Assignment/src/Week5/CafeTest.java,,10,12,Default task
2021-10-02T13:48:17.346+09:00,HanSeunghun,Action,EditorUp,Assignment,Editor,D:/University/Java/Assignment/src/Week5/CafeTest.java,,10,13,Default task
2021-10-02T13:48:17.347+09:00,HanSeunghun,KeyEvent,65535:38:0,Assignment,Editor,D:/University/Java/Assignment/src/Week5/CafeTest.java,,9,13,Default task
2021-10-02T13:48:17.531+09:00,HanSeunghun,Action,EditorUp,Assignment,Editor,D:/University/Java/Assignment/src/Week5/CafeTest.java,,9,13,Default task
2021-10-02T13:48:17.531+09:00,HanSeunghun,KeyEvent,65535:38:0,Assignment,Editor,D:/University/Java/Assignment/src/Week5/CafeTest.java,,8,13,Default task
2021-10-02T13:48:17.739+09:00,HanSeunghun,Action,EditorUp,Assignment,Editor,D:/University/Java/Assignment/src/Week5/CafeTest.java,,8,13,Default task
2021-10-02T13:48:17.739+09:00,HanSeunghun,KeyEvent,65535:38:0,Assignment,Editor,D:/University/Java/Assignment/src/Week5/CafeTest.java,,7,13,Default task
2021-10-02T13:48:17.939+09:00,HanSeunghun,Action,EditorLeft,Assignment,Editor,D:/University/Java/Assignment/src/Week5/CafeTest.java,,7,13,Default task
2021-10-02T13:48:17.940+09:00,HanSeunghun,KeyEvent,65535:37:0,Assignment,Editor,D:/University/Java/Assignment/src/Week5/CafeTest.java,,7,12,Default task
2021-10-02T13:48:18.322+09:00,HanSeunghun,Action,EditorBackSpace,Assignment,Editor,D:/University/Java/Assignment/src/Week5/CafeTest.java,,7,12,Default task
2021-10-02T13:48:18.323+09:00,HanSeunghun,KeyEvent,8:8:0,Assignment,Editor,D:/University/Java/Assignment/src/Week5/CafeTest.java,,7,11,Default task
2021-10-02T13:48:18.475+09:00,HanSeunghun,Action,EditorBackSpace,Assignment,Editor,D:/University/Java/Assignment/src/Week5/CafeTest.java,,7,11,Default task
2021-10-02T13:48:18.476+09:00,HanSeunghun,KeyEvent,8:8:0,Assignment,Editor,D:/University/Java/Assignment/src/Week5/CafeTest.java,,7,10,Default task
2021-10-02T13:48:18.650+09:00,HanSeunghun,Action,EditorBackSpace,Assignment,Editor,D:/University/Java/Assignment/src/Week5/CafeTest.java,,7,10,Default task
2021-10-02T13:48:18.651+09:00,HanSeunghun,KeyEvent,8:8:0,Assignment,Editor,D:/University/Java/Assignment/src/Week5/CafeTest.java,,7,9,Default task
2021-10-02T13:48:18.842+09:00,HanSeunghun,Action,EditorBackSpace,Assignment,Editor,D:/University/Java/Assignment/src/Week5/CafeTest.java,,7,9,Default task
2021-10-02T13:48:18.843+09:00,HanSeunghun,KeyEvent,8:8:0,Assignment,Editor,D:/University/Java/Assignment/src/Week5/CafeTest.java,,7,8,Default task
2021-10-02T13:48:19.034+09:00,HanSeunghun,KeyEvent,70:70:0,Assignment,Editor,D:/University/Java/Assignment/src/Week5/CafeTest.java,,7,8,Default task
2021-10-02T13:48:19.162+09:00,HanSeunghun,KeyEvent,73:73:0,Assignment,Editor,D:/University/Java/Assignment/src/Week5/CafeTest.java,,7,9,Default task
2021-10-02T13:48:19.386+09:00,HanSeunghun,KeyEvent,78:78:0,Assignment,Editor,D:/University/Java/Assignment/src/Week5/CafeTest.java,,7,10,Default task
2021-10-02T13:48:19.495+09:00,HanSeunghun,KeyEvent,68:68:0,Assignment,Editor,D:/University/Java/Assignment/src/Week5/CafeTest.java,,7,11,Default task
2021-10-02T13:48:19.963+09:00,HanSeunghun,Action,EditorDown,Assignment,Editor,D:/University/Java/Assignment/src/Week5/CafeTest.java,,7,12,Default task
2021-10-02T13:48:19.963+09:00,HanSeunghun,KeyEvent,65535:40:0,Assignment,Editor,D:/University/Java/Assignment/src/Week5/CafeTest.java,,8,12,Default task
2021-10-02T13:48:20.371+09:00,HanSeunghun,Action,EditorBackSpace,Assignment,Editor,D:/University/Java/Assignment/src/Week5/CafeTest.java,,8,12,Default task
2021-10-02T13:48:20.372+09:00,HanSeunghun,KeyEvent,8:8:0,Assignment,Editor,D:/University/Java/Assignment/src/Week5/CafeTest.java,,8,11,Default task
2021-10-02T13:48:20.698+09:00,HanSeunghun,Action,EditorBackSpace,Assignment,Editor,D:/University/Java/Assignment/src/Week5/CafeTest.java,,8,11,Default task
2021-10-02T13:48:20.699+09:00,HanSeunghun,KeyEvent,8:8:0,Assignment,Editor,D:/University/Java/Assignment/src/Week5/CafeTest.java,,8,10,Default task
2021-10-02T13:48:20.866+09:00,HanSeunghun,Action,EditorBackSpace,Assignment,Editor,D:/University/Java/Assignment/src/Week5/CafeTest.java,,8,10,Default task
2021-10-02T13:48:20.867+09:00,HanSeunghun,KeyEvent,8:8:0,Assignment,Editor,D:/University/Java/Assignment/src/Week5/CafeTest.java,,8,9,Default task
2021-10-02T13:48:21.042+09:00,HanSeunghun,Action,EditorBackSpace,Assignment,Editor,D:/University/Java/Assignment/src/Week5/CafeTest.java,,8,9,Default task
2021-10-02T13:48:21.043+09:00,HanSeunghun,KeyEvent,8:8:0,Assignment,Editor,D:/University/Java/Assignment/src/Week5/CafeTest.java,,8,8,Default task
2021-10-02T13:48:21.274+09:00,HanSeunghun,KeyEvent,76:76:0,Assignment,Editor,D:/University/Java/Assignment/src/Week5/CafeTest.java,,8,8,Default task
2021-10-02T13:48:21.498+09:00,HanSeunghun,KeyEvent,73:73:0,Assignment,Editor,D:/University/Java/Assignment/src/Week5/CafeTest.java,,8,9,Default task
2021-10-02T13:48:21.610+09:00,HanSeunghun,KeyEvent,83:83:0,Assignment,Editor,D:/University/Java/Assignment/src/Week5/CafeTest.java,,8,10,Default task
2021-10-02T13:48:21.761+09:00,HanSeunghun,KeyEvent,84:84:0,Assignment,Editor,D:/University/Java/Assignment/src/Week5/CafeTest.java,,8,11,Default task
2021-10-02T13:48:22.259+09:00,HanSeunghun,Action,EditorDown,Assignment,Editor,D:/University/Java/Assignment/src/Week5/CafeTest.java,,8,12,Default task
2021-10-02T13:48:22.259+09:00,HanSeunghun,KeyEvent,65535:40:0,Assignment,Editor,D:/University/Java/Assignment/src/Week5/CafeTest.java,,9,12,Default task
2021-10-02T13:48:22.602+09:00,HanSeunghun,Action,EditorRight,Assignment,Editor,D:/University/Java/Assignment/src/Week5/CafeTest.java,,9,12,Default task
2021-10-02T13:48:22.603+09:00,HanSeunghun,KeyEvent,65535:39:0,Assignment,Editor,D:/University/Java/Assignment/src/Week5/CafeTest.java,,9,13,Default task
2021-10-02T13:48:22.922+09:00,HanSeunghun,Action,EditorBackSpace,Assignment,Editor,D:/University/Java/Assignment/src/Week5/CafeTest.java,,9,13,Default task
2021-10-02T13:48:22.923+09:00,HanSeunghun,KeyEvent,8:8:0,Assignment,Editor,D:/University/Java/Assignment/src/Week5/CafeTest.java,,9,12,Default task
2021-10-02T13:48:23.098+09:00,HanSeunghun,Action,EditorBackSpace,Assignment,Editor,D:/University/Java/Assignment/src/Week5/CafeTest.java,,9,12,Default task
2021-10-02T13:48:23.099+09:00,HanSeunghun,KeyEvent,8:8:0,Assignment,Editor,D:/University/Java/Assignment/src/Week5/CafeTest.java,,9,11,Default task
2021-10-02T13:48:23.266+09:00,HanSeunghun,Action,EditorBackSpace,Assignment,Editor,D:/University/Java/Assignment/src/Week5/CafeTest.java,,9,11,Default task
2021-10-02T13:48:23.267+09:00,HanSeunghun,KeyEvent,8:8:0,Assignment,Editor,D:/University/Java/Assignment/src/Week5/CafeTest.java,,9,10,Default task
2021-10-02T13:48:23.427+09:00,HanSeunghun,Action,EditorBackSpace,Assignment,Editor,D:/University/Java/Assignment/src/Week5/CafeTest.java,,9,10,Default task
2021-10-02T13:48:23.428+09:00,HanSeunghun,KeyEvent,8:8:0,Assignment,Editor,D:/University/Java/Assignment/src/Week5/CafeTest.java,,9,9,Default task
2021-10-02T13:48:23.594+09:00,HanSeunghun,Action,EditorBackSpace,Assignment,Editor,D:/University/Java/Assignment/src/Week5/CafeTest.java,,9,9,Default task
2021-10-02T13:48:23.595+09:00,HanSeunghun,KeyEvent,8:8:0,Assignment,Editor,D:/University/Java/Assignment/src/Week5/CafeTest.java,,9,8,Default task
2021-10-02T13:48:23.706+09:00,HanSeunghun,KeyEvent,67:67:0,Assignment,Editor,D:/University/Java/Assignment/src/Week5/CafeTest.java,,9,8,Default task
2021-10-02T13:48:23.858+09:00,HanSeunghun,KeyEvent,76:76:0,Assignment,Editor,D:/University/Java/Assignment/src/Week5/CafeTest.java,,9,9,Default task
2021-10-02T13:48:23.954+09:00,HanSeunghun,KeyEvent,69:69:0,Assignment,Editor,D:/University/Java/Assignment/src/Week5/CafeTest.java,,9,10,Default task
2021-10-02T13:48:24.074+09:00,HanSeunghun,KeyEvent,65:65:0,Assignment,Editor,D:/University/Java/Assignment/src/Week5/CafeTest.java,,9,11,Default task
2021-10-02T13:48:24.210+09:00,HanSeunghun,KeyEvent,82:82:0,Assignment,Editor,D:/University/Java/Assignment/src/Week5/CafeTest.java,,9,12,Default task
2021-10-02T13:48:24.835+09:00,HanSeunghun,Action,EditorUp,Assignment,Editor,D:/University/Java/Assignment/src/Week5/CafeTest.java,,9,13,Default task
2021-10-02T13:48:24.836+09:00,HanSeunghun,KeyEvent,65535:38:0,Assignment,Editor,D:/University/Java/Assignment/src/Week5/CafeTest.java,,8,13,Default task
2021-10-02T13:48:24.994+09:00,HanSeunghun,Action,EditorUp,Assignment,Editor,D:/University/Java/Assignment/src/Week5/CafeTest.java,,8,13,Default task
2021-10-02T13:48:24.995+09:00,HanSeunghun,KeyEvent,65535:38:0,Assignment,Editor,D:/University/Java/Assignment/src/Week5/CafeTest.java,,7,13,Default task
2021-10-02T13:48:25.274+09:00,HanSeunghun,Action,EditorDown,Assignment,Editor,D:/University/Java/Assignment/src/Week5/CafeTest.java,,7,13,Default task
2021-10-02T13:48:25.275+09:00,HanSeunghun,KeyEvent,65535:40:0,Assignment,Editor,D:/University/Java/Assignment/src/Week5/CafeTest.java,,8,13,Default task
2021-10-02T13:48:25.442+09:00,HanSeunghun,Action,EditorDown,Assignment,Editor,D:/University/Java/Assignment/src/Week5/CafeTest.java,,8,13,Default task
2021-10-02T13:48:25.443+09:00,HanSeunghun,KeyEvent,65535:40:0,Assignment,Editor,D:/University/Java/Assignment/src/Week5/CafeTest.java,,9,13,Default task
2021-10-02T13:48:25.627+09:00,HanSeunghun,Action,EditorDown,Assignment,Editor,D:/University/Java/Assignment/src/Week5/CafeTest.java,,9,13,Default task
2021-10-02T13:48:25.627+09:00,HanSeunghun,KeyEvent,65535:40:0,Assignment,Editor,D:/University/Java/Assignment/src/Week5/CafeTest.java,,10,13,Default task
2021-10-02T13:48:25.944+09:00,HanSeunghun,Action,EditorDown,Assignment,Editor,D:/University/Java/Assignment/src/Week5/CafeTest.java,,10,13,Default task
2021-10-02T13:48:25.945+09:00,HanSeunghun,KeyEvent,65535:40:0,Assignment,Editor,D:/University/Java/Assignment/src/Week5/CafeTest.java,,11,8,Default task
2021-10-02T13:48:27.065+09:00,HanSeunghun,KeyEvent,73:73:0,Assignment,Editor,D:/University/Java/Assignment/src/Week5/CafeTest.java,,11,8,Default task
2021-10-02T13:48:27.290+09:00,HanSeunghun,KeyEvent,78:78:0,Assignment,Editor,D:/University/Java/Assignment/src/Week5/CafeTest.java,,11,9,Default task
2021-10-02T13:48:27.491+09:00,HanSeunghun,KeyEvent,86:86:0,Assignment,Editor,D:/University/Java/Assignment/src/Week5/CafeTest.java,,11,10,Default task
2021-10-02T13:48:27.786+09:00,HanSeunghun,KeyEvent,65:65:0,Assignment,Editor,D:/University/Java/Assignment/src/Week5/CafeTest.java,,11,11,Default task
2021-10-02T13:48:27.993+09:00,HanSeunghun,KeyEvent,76:76:0,Assignment,Editor,D:/University/Java/Assignment/src/Week5/CafeTest.java,,11,12,Default task
2021-10-02T13:48:28.146+09:00,HanSeunghun,KeyEvent,73:73:0,Assignment,Editor,D:/University/Java/Assignment/src/Week5/CafeTest.java,,11,13,Default task
2021-10-02T13:48:28.266+09:00,HanSeunghun,KeyEvent,68:68:0,Assignment,Editor,D:/University/Java/Assignment/src/Week5/CafeTest.java,,11,14,Default task
2021-10-02T13:48:28.730+09:00,HanSeunghun,KeyEvent,44:44:0,Assignment,Editor,D:/University/Java/Assignment/src/Week5/CafeTest.java,,11,15,Default task
2021-10-02T13:48:29.018+09:00,HanSeunghun,Action,EditorEnter,Assignment,Editor,D:/University/Java/Assignment/src/Week5/CafeTest.java,,11,16,Default task
2021-10-02T13:48:29.021+09:00,HanSeunghun,KeyEvent,10:10:0,Assignment,Editor,D:/University/Java/Assignment/src/Week5/CafeTest.java,,12,8,Default task
2021-10-02T13:48:29.634+09:00,HanSeunghun,KeyEvent,65535:20:0,Assignment,Editor,D:/University/Java/Assignment/src/Week5/CafeTest.java,,12,8,Default task
2021-10-02T13:48:29.793+09:00,HanSeunghun,KeyEvent,100:68:0,Assignment,Editor,D:/University/Java/Assignment/src/Week5/CafeTest.java,,12,8,Default task
2021-10-02T13:48:30.054+09:00,HanSeunghun,Action,EditorBackSpace,Assignment,Editor,D:/University/Java/Assignment/src/Week5/CafeTest.java,,12,9,Default task
2021-10-02T13:48:30.060+09:00,HanSeunghun,KeyEvent,8:8:0,Assignment,Editor,D:/University/Java/Assignment/src/Week5/CafeTest.java,,12,8,Default task
2021-10-02T13:48:31.147+09:00,HanSeunghun,Action,EditorUp,Assignment,Editor,D:/University/Java/Assignment/src/Week5/CafeTest.java,,12,8,Default task
2021-10-02T13:48:31.148+09:00,HanSeunghun,KeyEvent,65535:38:0,Assignment,Editor,D:/University/Java/Assignment/src/Week5/CafeTest.java,,11,8,Default task
2021-10-02T13:48:31.466+09:00,HanSeunghun,Action,EditorLineEnd,Assignment,Editor,D:/University/Java/Assignment/src/Week5/CafeTest.java,,11,8,Default task
2021-10-02T13:48:31.467+09:00,HanSeunghun,KeyEvent,65535:35:0,Assignment,Editor,D:/University/Java/Assignment/src/Week5/CafeTest.java,,11,16,Default task
2021-10-02T13:48:31.754+09:00,HanSeunghun,Action,EditorBackSpace,Assignment,Editor,D:/University/Java/Assignment/src/Week5/CafeTest.java,,11,16,Default task
2021-10-02T13:48:31.755+09:00,HanSeunghun,KeyEvent,8:8:0,Assignment,Editor,D:/University/Java/Assignment/src/Week5/CafeTest.java,,11,15,Default task
2021-10-02T13:48:32.179+09:00,HanSeunghun,Action,EditorDown,Assignment,Editor,D:/University/Java/Assignment/src/Week5/CafeTest.java,,11,15,Default task
2021-10-02T13:48:32.179+09:00,HanSeunghun,KeyEvent,65535:40:0,Assignment,Editor,D:/University/Java/Assignment/src/Week5/CafeTest.java,,12,8,Default task
2021-10-02T13:48:32.563+09:00,HanSeunghun,KeyEvent,65535:17:2,Assignment,Editor,D:/University/Java/Assignment/src/Week5/CafeTest.java,,12,8,Default task
2021-10-02T13:48:33.062+09:00,HanSeunghun,KeyEvent,65535:17:2,Assignment,Editor,D:/University/Java/Assignment/src/Week5/CafeTest.java,,12,8,Default task
2021-10-02T13:48:33.094+09:00,HanSeunghun,KeyEvent,65535:17:2,Assignment,Editor,D:/University/Java/Assignment/src/Week5/CafeTest.java,,12,8,Default task
2021-10-02T13:48:33.127+09:00,HanSeunghun,KeyEvent,65535:17:2,Assignment,Editor,D:/University/Java/Assignment/src/Week5/CafeTest.java,,12,8,Default task
2021-10-02T13:48:33.163+09:00,HanSeunghun,KeyEvent,65535:17:2,Assignment,Editor,D:/University/Java/Assignment/src/Week5/CafeTest.java,,12,8,Default task
2021-10-02T13:48:33.192+09:00,HanSeunghun,KeyEvent,65535:17:2,Assignment,Editor,D:/University/Java/Assignment/src/Week5/CafeTest.java,,12,8,Default task
2021-10-02T13:48:33.226+09:00,HanSeunghun,KeyEvent,65535:17:2,Assignment,Editor,D:/University/Java/Assignment/src/Week5/CafeTest.java,,12,8,Default task
2021-10-02T13:48:33.259+09:00,HanSeunghun,KeyEvent,65535:17:2,Assignment,Editor,D:/University/Java/Assignment/src/Week5/CafeTest.java,,12,8,Default task
2021-10-02T13:48:33.294+09:00,HanSeunghun,KeyEvent,65535:17:2,Assignment,Editor,D:/University/Java/Assignment/src/Week5/CafeTest.java,,12,8,Default task
2021-10-02T13:48:33.326+09:00,HanSeunghun,KeyEvent,65535:17:2,Assignment,Editor,D:/University/Java/Assignment/src/Week5/CafeTest.java,,12,8,Default task
2021-10-02T13:48:33.359+09:00,HanSeunghun,KeyEvent,65535:17:2,Assignment,Editor,D:/University/Java/Assignment/src/Week5/CafeTest.java,,12,8,Default task
2021-10-02T13:48:33.391+09:00,HanSeunghun,KeyEvent,65535:17:2,Assignment,Editor,D:/University/Java/Assignment/src/Week5/CafeTest.java,,12,8,Default task
2021-10-02T13:48:33.424+09:00,HanSeunghun,KeyEvent,65535:17:2,Assignment,Editor,D:/University/Java/Assignment/src/Week5/CafeTest.java,,12,8,Default task
2021-10-02T13:48:33.457+09:00,HanSeunghun,KeyEvent,65535:17:2,Assignment,Editor,D:/University/Java/Assignment/src/Week5/CafeTest.java,,12,8,Default task
2021-10-02T13:48:33.482+09:00,HanSeunghun,Action,SaveAll,Assignment,Editor,D:/University/Java/Assignment/src/Week5/CafeTest.java,,12,8,Default task
2021-10-02T13:48:33.508+09:00,HanSeunghun,KeyEvent,19:83:2,Assignment,Editor,D:/University/Java/Assignment/src/Week5/CafeTest.java,,12,8,Default task
2021-10-02T13:48:38.050+09:00,HanSeunghun,Action,EditorDelete,Assignment,Editor,D:/University/Java/Assignment/src/Week5/CafeTest.java,CafeTest::Command::Command,13,15,Default task
2021-10-02T13:48:38.052+09:00,HanSeunghun,KeyEvent,127:127:0,Assignment,Editor,D:/University/Java/Assignment/src/Week5/CafeTest.java,CafeTest::Command::Command,13,8,Default task
2021-10-02T13:48:38.205+09:00,HanSeunghun,Action,EditorDelete,Assignment,Editor,D:/University/Java/Assignment/src/Week5/CafeTest.java,,13,8,Default task
2021-10-02T13:48:38.206+09:00,HanSeunghun,KeyEvent,127:127:0,Assignment,Editor,D:/University/Java/Assignment/src/Week5/CafeTest.java,,13,8,Default task
2021-10-02T13:48:41.107+09:00,HanSeunghun,Action,EditorBackSpace,Assignment,Editor,D:/University/Java/Assignment/src/Week5/CafeTest.java,,12,0,Default task
2021-10-02T13:48:41.110+09:00,HanSeunghun,KeyEvent,8:8:0,Assignment,Editor,D:/University/Java/Assignment/src/Week5/CafeTest.java,,12,0,Default task
2021-10-02T13:48:41.267+09:00,HanSeunghun,Action,EditorBackSpace,Assignment,Editor,D:/University/Java/Assignment/src/Week5/CafeTest.java,,12,0,Default task
2021-10-02T13:48:41.269+09:00,HanSeunghun,KeyEvent,8:8:0,Assignment,Editor,D:/University/Java/Assignment/src/Week5/CafeTest.java,,11,15,Default task
2021-10-02T13:48:43.730+09:00,HanSeunghun,KeyEvent,59:59:0,Assignment,Editor,D:/University/Java/Assignment/src/Week5/CafeTest.java,,11,15,Default task
2021-10-02T13:48:44.139+09:00,HanSeunghun,Action,EditorEnter,Assignment,Editor,D:/University/Java/Assignment/src/Week5/CafeTest.java,,11,16,Default task
2021-10-02T13:48:44.141+09:00,HanSeunghun,KeyEvent,10:10:0,Assignment,Editor,D:/University/Java/Assignment/src/Week5/CafeTest.java,,12,8,Default task
2021-10-02T13:48:44.451+09:00,HanSeunghun,Action,EditorEnter,Assignment,Editor,D:/University/Java/Assignment/src/Week5/CafeTest.java,,12,8,Default task
2021-10-02T13:48:44.452+09:00,HanSeunghun,KeyEvent,10:10:0,Assignment,Editor,D:/University/Java/Assignment/src/Week5/CafeTest.java,,13,8,Default task
2021-10-02T13:48:46.083+09:00,HanSeunghun,KeyEvent,65535:20:0,Assignment,Editor,D:/University/Java/Assignment/src/Week5/CafeTest.java,,13,8,Default task
2021-10-02T13:48:46.322+09:00,HanSeunghun,KeyEvent,65535:20:0,Assignment,Editor,D:/University/Java/Assignment/src/Week5/CafeTest.java,,13,8,Default task
2021-10-02T13:48:46.506+09:00,HanSeunghun,KeyEvent,99:67:0,Assignment,Editor,D:/University/Java/Assignment/src/Week5/CafeTest.java,,13,8,Default task
2021-10-02T13:48:46.890+09:00,HanSeunghun,Action,EditorBackSpace,Assignment,Editor,D:/University/Java/Assignment/src/Week5/CafeTest.java,,13,9,Default task
2021-10-02T13:48:46.895+09:00,HanSeunghun,KeyEvent,8:8:0,Assignment,Editor,D:/University/Java/Assignment/src/Week5/CafeTest.java,,13,8,Default task
2021-10-02T13:48:46.946+09:00,HanSeunghun,KeyEvent,65535:20:0,Assignment,Editor,D:/University/Java/Assignment/src/Week5/CafeTest.java,,13,8,Default task
2021-10-02T13:48:47.042+09:00,HanSeunghun,KeyEvent,67:67:0,Assignment,Editor,D:/University/Java/Assignment/src/Week5/CafeTest.java,,13,8,Default task
2021-10-02T13:48:47.139+09:00,HanSeunghun,KeyEvent,65535:20:0,Assignment,Editor,D:/University/Java/Assignment/src/Week5/CafeTest.java,,13,9,Default task
2021-10-02T13:48:47.243+09:00,HanSeunghun,KeyEvent,111:79:0,Assignment,Editor,D:/University/Java/Assignment/src/Week5/CafeTest.java,,13,9,Default task
2021-10-02T13:48:47.483+09:00,HanSeunghun,KeyEvent,109:77:0,Assignment,Editor,D:/University/Java/Assignment/src/Week5/CafeTest.java,,13,10,Default task
2021-10-02T13:48:47.634+09:00,HanSeunghun,KeyEvent,109:77:0,Assignment,Editor,D:/University/Java/Assignment/src/Week5/CafeTest.java,,13,11,Default task
2021-10-02T13:48:47.737+09:00,HanSeunghun,KeyEvent,97:65:0,Assignment,Editor,D:/University/Java/Assignment/src/Week5/CafeTest.java,,13,12,Default task
2021-10-02T13:48:47.913+09:00,HanSeunghun,KeyEvent,110:78:0,Assignment,Editor,D:/University/Java/Assignment/src/Week5/CafeTest.java,,13,13,Default task
2021-10-02T13:48:48.034+09:00,HanSeunghun,KeyEvent,100:68:0,Assignment,Editor,D:/University/Java/Assignment/src/Week5/CafeTest.java,,13,14,Default task
2021-10-02T13:48:48.274+09:00,HanSeunghun,Action,EditorEscape,Assignment,Editor,D:/University/Java/Assignment/src/Week5/CafeTest.java,,13,15,Default task
2021-10-02T13:48:48.277+09:00,HanSeunghun,KeyEvent,27:27:0,Assignment,Editor,D:/University/Java/Assignment/src/Week5/CafeTest.java,,13,15,Default task
2021-10-02T13:48:48.450+09:00,HanSeunghun,KeyEvent,65535:16:1,Assignment,Editor,D:/University/Java/Assignment/src/Week5/CafeTest.java,,13,15,Default task
2021-10-02T13:48:48.861+09:00,HanSeunghun,KeyEvent,40:57:1,Assignment,Editor,D:/University/Java/Assignment/src/Week5/CafeTest.java,,13,15,Default task
2021-10-02T13:48:49.498+09:00,HanSeunghun,Action,EditorRight,Assignment,Editor,D:/University/Java/Assignment/src/Week5/CafeTest.java,CafeTest::Command::Command,13,16,Default task
2021-10-02T13:48:49.499+09:00,HanSeunghun,KeyEvent,65535:39:0,Assignment,Editor,D:/University/Java/Assignment/src/Week5/CafeTest.java,,13,17,Default task
2021-10-02T13:48:49.858+09:00,HanSeunghun,Action,EditorEnter,Assignment,Editor,D:/University/Java/Assignment/src/Week5/CafeTest.java,,13,17,Default task
2021-10-02T13:48:49.861+09:00,HanSeunghun,KeyEvent,10:10:0,Assignment,Editor,D:/University/Java/Assignment/src/Week5/CafeTest.java,,14,12,Default task
2021-10-02T13:48:50.066+09:00,HanSeunghun,KeyEvent,65535:16:1,Assignment,Editor,D:/University/Java/Assignment/src/Week5/CafeTest.java,,14,12,Default task
2021-10-02T13:48:50.202+09:00,HanSeunghun,KeyEvent,123:91:1,Assignment,Editor,D:/University/Java/Assignment/src/Week5/CafeTest.java,,14,12,Default task
2021-10-02T13:48:51.299+09:00,HanSeunghun,Action,EditorEnter,Assignment,Editor,D:/University/Java/Assignment/src/Week5/CafeTest.java,CafeTest::Command::Command,14,9,Default task
2021-10-02T13:48:51.303+09:00,HanSeunghun,KeyEvent,10:10:0,Assignment,Editor,D:/University/Java/Assignment/src/Week5/CafeTest.java,,15,12,Default task
2021-10-02T13:48:51.850+09:00,HanSeunghun,Action,EditorBackSpace,Assignment,Editor,D:/University/Java/Assignment/src/Week5/CafeTest.java,CafeTest::Command::Command,15,12,Default task
2021-10-02T13:48:51.852+09:00,HanSeunghun,KeyEvent,8:8:0,Assignment,Editor,D:/University/Java/Assignment/src/Week5/CafeTest.java,CafeTest::Command::Command,14,9,Default task
2021-10-02T13:48:52.210+09:00,HanSeunghun,Action,EditorDelete,Assignment,Editor,D:/University/Java/Assignment/src/Week5/CafeTest.java,CafeTest::Command::Command,14,9,Default task
2021-10-02T13:48:52.212+09:00,HanSeunghun,KeyEvent,127:127:0,Assignment,Editor,D:/University/Java/Assignment/src/Week5/CafeTest.java,CafeTest::Command::Command,14,9,Default task
2021-10-02T13:48:52.795+09:00,HanSeunghun,Action,EditorDelete,Assignment,Editor,D:/University/Java/Assignment/src/Week5/CafeTest.java,CafeTest::Command::Command,14,9,Default task
2021-10-02T13:48:52.795+09:00,HanSeunghun,KeyEvent,127:127:0,Assignment,Editor,D:/University/Java/Assignment/src/Week5/CafeTest.java,CafeTest::Command::Command,14,9,Default task
2021-10-02T13:48:52.986+09:00,HanSeunghun,Action,EditorDelete,Assignment,Editor,D:/University/Java/Assignment/src/Week5/CafeTest.java,CafeTest::Command::Command,14,9,Default task
2021-10-02T13:48:52.987+09:00,HanSeunghun,KeyEvent,127:127:0,Assignment,Editor,D:/University/Java/Assignment/src/Week5/CafeTest.java,CafeTest::Command::Command,14,9,Default task
2021-10-02T13:48:53.154+09:00,HanSeunghun,Action,EditorDelete,Assignment,Editor,D:/University/Java/Assignment/src/Week5/CafeTest.java,CafeTest::Command::Command,14,9,Default task
2021-10-02T13:48:53.155+09:00,HanSeunghun,KeyEvent,127:127:0,Assignment,Editor,D:/University/Java/Assignment/src/Week5/CafeTest.java,CafeTest::Command::Command,14,9,Default task
2021-10-02T13:48:53.330+09:00,HanSeunghun,Action,EditorDelete,Assignment,Editor,D:/University/Java/Assignment/src/Week5/CafeTest.java,CafeTest::Command::Command,14,9,Default task
2021-10-02T13:48:53.331+09:00,HanSeunghun,KeyEvent,127:127:0,Assignment,Editor,D:/University/Java/Assignment/src/Week5/CafeTest.java,CafeTest::Command::Command,14,9,Default task
2021-10-02T13:48:53.521+09:00,HanSeunghun,Action,EditorDelete,Assignment,Editor,D:/University/Java/Assignment/src/Week5/CafeTest.java,CafeTest::Command::Command,14,9,Default task
2021-10-02T13:48:53.522+09:00,HanSeunghun,KeyEvent,127:127:0,Assignment,Editor,D:/University/Java/Assignment/src/Week5/CafeTest.java,CafeTest::Command::Command,14,9,Default task
2021-10-02T13:48:53.738+09:00,HanSeunghun,Action,EditorDelete,Assignment,Editor,D:/University/Java/Assignment/src/Week5/CafeTest.java,CafeTest::Command::Command,14,9,Default task
2021-10-02T13:48:53.739+09:00,HanSeunghun,KeyEvent,127:127:0,Assignment,Editor,D:/University/Java/Assignment/src/Week5/CafeTest.java,CafeTest::Command::Command,14,9,Default task
2021-10-02T13:48:53.962+09:00,HanSeunghun,Action,EditorDelete,Assignment,Editor,D:/University/Java/Assignment/src/Week5/CafeTest.java,CafeTest::Command::Command,14,9,Default task
2021-10-02T13:48:53.963+09:00,HanSeunghun,KeyEvent,127:127:0,Assignment,Editor,D:/University/Java/Assignment/src/Week5/CafeTest.java,CafeTest::Command::Command,14,9,Default task
2021-10-02T13:48:54.226+09:00,HanSeunghun,Action,EditorDelete,Assignment,Editor,D:/University/Java/Assignment/src/Week5/CafeTest.java,CafeTest::Command::Command,14,9,Default task
2021-10-02T13:48:54.227+09:00,HanSeunghun,KeyEvent,127:127:0,Assignment,Editor,D:/University/Java/Assignment/src/Week5/CafeTest.java,CafeTest::Command::Command,14,9,Default task
2021-10-02T13:48:54.474+09:00,HanSeunghun,Action,EditorLineEnd,Assignment,Editor,D:/University/Java/Assignment/src/Week5/CafeTest.java,CafeTest::Command::Command,14,9,Default task
2021-10-02T13:48:54.475+09:00,HanSeunghun,KeyEvent,65535:35:0,Assignment,Editor,D:/University/Java/Assignment/src/Week5/CafeTest.java,,14,10,Default task
2021-10-02T13:48:54.762+09:00,HanSeunghun,Action,EditorDown,Assignment,Editor,D:/University/Java/Assignment/src/Week5/CafeTest.java,,14,10,Default task
2021-10-02T13:48:54.762+09:00,HanSeunghun,KeyEvent,65535:40:0,Assignment,Editor,D:/University/Java/Assignment/src/Week5/CafeTest.java,,15,5,Default task
2021-10-02T13:48:55.082+09:00,HanSeunghun,Action,EditorDown,Assignment,Editor,D:/University/Java/Assignment/src/Week5/CafeTest.java,,15,5,Default task
2021-10-02T13:48:55.083+09:00,HanSeunghun,KeyEvent,65535:40:0,Assignment,Editor,D:/University/Java/Assignment/src/Week5/CafeTest.java,,16,0,Default task
2021-10-02T13:48:55.315+09:00,HanSeunghun,Action,EditorUp,Assignment,Editor,D:/University/Java/Assignment/src/Week5/CafeTest.java,,16,0,Default task
2021-10-02T13:48:55.315+09:00,HanSeunghun,KeyEvent,65535:38:0,Assignment,Editor,D:/University/Java/Assignment/src/Week5/CafeTest.java,,15,5,Default task
2021-10-02T13:48:55.481+09:00,HanSeunghun,KeyEvent,65535:17:2,Assignment,Editor,D:/University/Java/Assignment/src/Week5/CafeTest.java,,15,5,Default task
2021-10-02T13:48:55.982+09:00,HanSeunghun,KeyEvent,65535:17:2,Assignment,Editor,D:/University/Java/Assignment/src/Week5/CafeTest.java,,15,5,Default task
2021-10-02T13:48:56.014+09:00,HanSeunghun,KeyEvent,65535:17:2,Assignment,Editor,D:/University/Java/Assignment/src/Week5/CafeTest.java,,15,5,Default task
2021-10-02T13:48:56.047+09:00,HanSeunghun,KeyEvent,65535:17:2,Assignment,Editor,D:/University/Java/Assignment/src/Week5/CafeTest.java,,15,5,Default task
2021-10-02T13:48:56.081+09:00,HanSeunghun,KeyEvent,65535:17:2,Assignment,Editor,D:/University/Java/Assignment/src/Week5/CafeTest.java,,15,5,Default task
2021-10-02T13:48:56.114+09:00,HanSeunghun,KeyEvent,65535:17:2,Assignment,Editor,D:/University/Java/Assignment/src/Week5/CafeTest.java,,15,5,Default task
2021-10-02T13:48:56.146+09:00,HanSeunghun,KeyEvent,65535:17:2,Assignment,Editor,D:/University/Java/Assignment/src/Week5/CafeTest.java,,15,5,Default task
2021-10-02T13:48:56.179+09:00,HanSeunghun,KeyEvent,65535:17:2,Assignment,Editor,D:/University/Java/Assignment/src/Week5/CafeTest.java,,15,5,Default task
2021-10-02T13:48:56.213+09:00,HanSeunghun,KeyEvent,65535:17:2,Assignment,Editor,D:/University/Java/Assignment/src/Week5/CafeTest.java,,15,5,Default task
2021-10-02T13:48:56.242+09:00,HanSeunghun,Action,SaveAll,Assignment,Editor,D:/University/Java/Assignment/src/Week5/CafeTest.java,,15,5,Default task
2021-10-02T13:48:56.259+09:00,HanSeunghun,KeyEvent,19:83:2,Assignment,Editor,D:/University/Java/Assignment/src/Week5/CafeTest.java,CafeTest::Command::Command,15,5,Default task
2021-10-02T13:48:57.211+09:00,HanSeunghun,Action,EditorTab,Assignment,Editor,D:/University/Java/Assignment/src/Week5/CafeTest.java,CafeTest::main,18,0,Default task
2021-10-02T13:48:57.212+09:00,HanSeunghun,KeyEvent,9:9:0,Assignment,Editor,D:/University/Java/Assignment/src/Week5/CafeTest.java,CafeTest::main,18,4,Default task
2021-10-02T13:48:57.387+09:00,HanSeunghun,Action,EditorTab,Assignment,Editor,D:/University/Java/Assignment/src/Week5/CafeTest.java,CafeTest::main,18,4,Default task
2021-10-02T13:48:57.389+09:00,HanSeunghun,KeyEvent,9:9:0,Assignment,Editor,D:/University/Java/Assignment/src/Week5/CafeTest.java,CafeTest::main,18,8,Default task
2021-10-02T13:48:57.739+09:00,HanSeunghun,Action,EditorTab,Assignment,Editor,D:/University/Java/Assignment/src/Week5/CafeTest.java,CafeTest::main,18,8,Default task
2021-10-02T13:48:57.740+09:00,HanSeunghun,KeyEvent,9:9:0,Assignment,Editor,D:/University/Java/Assignment/src/Week5/CafeTest.java,CafeTest::main,18,12,Default task
2021-10-02T13:48:58.033+09:00,HanSeunghun,KeyEvent,65535:17:2,Assignment,Editor,D:/University/Java/Assignment/src/Week5/CafeTest.java,CafeTest::main,18,12,Default task
2021-10-02T13:48:58.163+09:00,HanSeunghun,Action,SaveAll,Assignment,Editor,D:/University/Java/Assignment/src/Week5/CafeTest.java,CafeTest::main,18,12,Default task
2021-10-02T13:48:58.183+09:00,HanSeunghun,KeyEvent,19:83:2,Assignment,Editor,D:/University/Java/Assignment/src/Week5/CafeTest.java,CafeTest::main,18,12,Default task
2021-10-02T13:49:00.850+09:00,HanSeunghun,KeyEvent,65535:16:1,Assignment,Editor,D:/University/Java/Assignment/src/Week5/CafeTest.java,CafeTest::main,18,12,Default task
2021-10-02T13:49:00.994+09:00,HanSeunghun,Action,EditorUnindentSelection,Assignment,Editor,D:/University/Java/Assignment/src/Week5/CafeTest.java,CafeTest::main,18,12,Default task
2021-10-02T13:49:00.996+09:00,HanSeunghun,KeyEvent,9:9:1,Assignment,Editor,D:/University/Java/Assignment/src/Week5/CafeTest.java,CafeTest::main,18,8,Default task
2021-10-02T13:49:01.180+09:00,HanSeunghun,Action,EditorUnindentSelection,Assignment,Editor,D:/University/Java/Assignment/src/Week5/CafeTest.java,CafeTest::main,18,8,Default task
2021-10-02T13:49:01.181+09:00,HanSeunghun,KeyEvent,9:9:1,Assignment,Editor,D:/University/Java/Assignment/src/Week5/CafeTest.java,CafeTest::main,18,4,Default task
2021-10-02T13:49:01.355+09:00,HanSeunghun,Action,EditorUnindentSelection,Assignment,Editor,D:/University/Java/Assignment/src/Week5/CafeTest.java,CafeTest::main,18,4,Default task
2021-10-02T13:49:01.355+09:00,HanSeunghun,KeyEvent,9:9:1,Assignment,Editor,D:/University/Java/Assignment/src/Week5/CafeTest.java,CafeTest::main,18,0,Default task
2021-10-02T13:49:01.514+09:00,HanSeunghun,Action,EditorUnindentSelection,Assignment,Editor,D:/University/Java/Assignment/src/Week5/CafeTest.java,CafeTest::main,18,0,Default task
2021-10-02T13:49:01.515+09:00,HanSeunghun,KeyEvent,9:9:1,Assignment,Editor,D:/University/Java/Assignment/src/Week5/CafeTest.java,CafeTest::main,18,0,Default task
2021-10-02T13:49:01.987+09:00,HanSeunghun,Action,EditorBackSpace,Assignment,Editor,D:/University/Java/Assignment/src/Week5/CafeTest.java,CafeTest::main,18,0,Default task
2021-10-02T13:49:01.988+09:00,HanSeunghun,KeyEvent,8:8:0,Assignment,Editor,D:/University/Java/Assignment/src/Week5/CafeTest.java,CafeTest::main,17,44,Default task
2021-10-02T13:49:01.989+09:00,HanSeunghun,Action,ToggleBookmark,Assignment,Editor,D:/University/Java/Assignment/src/Week5/CafeTest.java,CafeTest::main,17,44,Default task
2021-10-02T13:49:01.996+09:00,HanSeunghun,KeyEvent,65535:122:0,Assignment,Editor,D:/University/Java/Assignment/src/Week5/CafeTest.java,CafeTest::main,17,44,Default task
2021-10-02T13:49:02.522+09:00,HanSeunghun,Action,EditorEnter,Assignment,Editor,D:/University/Java/Assignment/src/Week5/CafeTest.java,CafeTest::main,17,44,Default task
2021-10-02T13:49:02.525+09:00,HanSeunghun,KeyEvent,10:10:0,Assignment,Editor,D:/University/Java/Assignment/src/Week5/CafeTest.java,,18,8,Default task
2021-10-02T13:49:22.275+09:00,HanSeunghun,KeyEvent,112:80:0,Assignment,Editor,D:/University/Java/Assignment/src/Week5/CafeTest.java,CafeTest::main,18,8,Default task
2021-10-02T13:49:22.738+09:00,HanSeunghun,Action,EditorBackSpace,Assignment,Editor,D:/University/Java/Assignment/src/Week5/CafeTest.java,CafeTest::main,18,9,Default task
2021-10-02T13:49:22.739+09:00,HanSeunghun,KeyEvent,8:8:0,Assignment,Editor,D:/University/Java/Assignment/src/Week5/CafeTest.java,CafeTest::main,18,8,Default task
2021-10-02T13:49:23.098+09:00,HanSeunghun,Action,EditorUp,Assignment,Editor,D:/University/Java/Assignment/src/Week5/CafeTest.java,CafeTest::main,18,8,Default task
2021-10-02T13:49:23.098+09:00,HanSeunghun,KeyEvent,65535:38:0,Assignment,Editor,D:/University/Java/Assignment/src/Week5/CafeTest.java,CafeTest::main,17,8,Default task
2021-10-02T13:49:23.259+09:00,HanSeunghun,Action,EditorUp,Assignment,Editor,D:/University/Java/Assignment/src/Week5/CafeTest.java,CafeTest::main,17,8,Default task
2021-10-02T13:49:23.259+09:00,HanSeunghun,KeyEvent,65535:38:0,Assignment,Editor,D:/University/Java/Assignment/src/Week5/CafeTest.java,,16,0,Default task
2021-10-02T13:49:25.554+09:00,HanSeunghun,Action,EditorTab,Assignment,Editor,D:/University/Java/Assignment/src/Week5/CafeTest.java,,16,0,Default task
2021-10-02T13:49:25.555+09:00,HanSeunghun,KeyEvent,9:9:0,Assignment,Editor,D:/University/Java/Assignment/src/Week5/CafeTest.java,,16,4,Default task
2021-10-02T13:49:26.659+09:00,HanSeunghun,KeyEvent,112:80:0,Assignment,Editor,D:/University/Java/Assignment/src/Week5/CafeTest.java,,16,4,Default task
2021-10-02T13:49:26.659+09:00,HanSeunghun,KeyEvent,111:79:0,Assignment,Editor,D:/University/Java/Assignment/src/Week5/CafeTest.java,,16,5,Default task
2021-10-02T13:49:27.018+09:00,HanSeunghun,Action,EditorBackSpace,Assignment,Editor,D:/University/Java/Assignment/src/Week5/CafeTest.java,,16,6,Default task
2021-10-02T13:49:27.020+09:00,HanSeunghun,KeyEvent,8:8:0,Assignment,Editor,D:/University/Java/Assignment/src/Week5/CafeTest.java,,16,5,Default task
2021-10-02T13:49:27.275+09:00,HanSeunghun,Action,EditorBackSpace,Assignment,Editor,D:/University/Java/Assignment/src/Week5/CafeTest.java,,16,5,Default task
2021-10-02T13:49:27.279+09:00,HanSeunghun,KeyEvent,8:8:0,Assignment,Editor,D:/University/Java/Assignment/src/Week5/CafeTest.java,,16,4,Default task
2021-10-02T13:49:27.522+09:00,HanSeunghun,Action,EditorEnter,Assignment,Editor,D:/University/Java/Assignment/src/Week5/CafeTest.java,,16,4,Default task
2021-10-02T13:49:27.524+09:00,HanSeunghun,KeyEvent,10:10:0,Assignment,Editor,D:/University/Java/Assignment/src/Week5/CafeTest.java,CafeTest::main,17,4,Default task
2021-10-02T13:49:27.738+09:00,HanSeunghun,KeyEvent,112:80:0,Assignment,Editor,D:/University/Java/Assignment/src/Week5/CafeTest.java,,17,4,Default task
2021-10-02T13:49:27.833+09:00,HanSeunghun,KeyEvent,114:82:0,Assignment,Editor,D:/University/Java/Assignment/src/Week5/CafeTest.java,,17,5,Default task
2021-10-02T13:49:27.914+09:00,HanSeunghun,KeyEvent,105:73:0,Assignment,Editor,D:/University/Java/Assignment/src/Week5/CafeTest.java,,17,6,Default task
2021-10-02T13:49:27.986+09:00,HanSeunghun,KeyEvent,118:86:0,Assignment,Editor,D:/University/Java/Assignment/src/Week5/CafeTest.java,,17,7,Default task
2021-10-02T13:49:28.058+09:00,HanSeunghun,KeyEvent,97:65:0,Assignment,Editor,D:/University/Java/Assignment/src/Week5/CafeTest.java,,17,8,Default task
2021-10-02T13:49:28.170+09:00,HanSeunghun,KeyEvent,116:84:0,Assignment,Editor,D:/University/Java/Assignment/src/Week5/CafeTest.java,,17,9,Default task
2021-10-02T13:49:28.266+09:00,HanSeunghun,KeyEvent,101:69:0,Assignment,Editor,D:/University/Java/Assignment/src/Week5/CafeTest.java,,17,10,Default task
2021-10-02T13:49:28.426+09:00,HanSeunghun,KeyEvent,32:32:0,Assignment,Editor,D:/University/Java/Assignment/src/Week5/CafeTest.java,CafeTest::main,17,11,Default task
2021-10-02T13:49:28.537+09:00,HanSeunghun,KeyEvent,115:83:0,Assignment,Editor,D:/University/Java/Assignment/src/Week5/CafeTest.java,CafeTest::main,17,12,Default task
2021-10-02T13:49:28.642+09:00,HanSeunghun,KeyEvent,116:84:0,Assignment,Editor,D:/University/Java/Assignment/src/Week5/CafeTest.java,,17,13,Default task
2021-10-02T13:49:28.745+09:00,HanSeunghun,KeyEvent,97:65:0,Assignment,Editor,D:/University/Java/Assignment/src/Week5/CafeTest.java,,17,14,Default task
2021-10-02T13:49:28.826+09:00,HanSeunghun,KeyEvent,116:84:0,Assignment,Editor,D:/University/Java/Assignment/src/Week5/CafeTest.java,,17,15,Default task
2021-10-02T13:49:28.882+09:00,HanSeunghun,KeyEvent,105:73:0,Assignment,Editor,D:/University/Java/Assignment/src/Week5/CafeTest.java,,17,16,Default task
2021-10-02T13:49:29.026+09:00,HanSeunghun,KeyEvent,99:67:0,Assignment,Editor,D:/University/Java/Assignment/src/Week5/CafeTest.java,,17,17,Default task
2021-10-02T13:49:29.435+09:00,HanSeunghun,KeyEvent,32:32:0,Assignment,Editor,D:/University/Java/Assignment/src/Week5/CafeTest.java,CafeTest::main,17,18,Default task
2021-10-02T13:49:30.226+09:00,HanSeunghun,KeyEvent,65535:20:0,Assignment,Editor,D:/University/Java/Assignment/src/Week5/CafeTest.java,CafeTest::main,17,19,Default task
2021-10-02T13:49:30.378+09:00,HanSeunghun,KeyEvent,83:83:0,Assignment,Editor,D:/University/Java/Assignment/src/Week5/CafeTest.java,CafeTest::main,17,19,Default task
2021-10-02T13:49:30.524+09:00,HanSeunghun,KeyEvent,65535:20:0,Assignment,Editor,D:/University/Java/Assignment/src/Week5/CafeTest.java,,17,20,Default task
2021-10-02T13:49:30.602+09:00,HanSeunghun,KeyEvent,99:67:0,Assignment,Editor,D:/University/Java/Assignment/src/Week5/CafeTest.java,,17,20,Default task
2021-10-02T13:49:31.108+09:00,HanSeunghun,Action,EditorChooseLookupItem,Assignment,Editor,D:/University/Java/Assignment/src/Week5/CafeTest.java,,17,21,Default task
2021-10-02T13:49:31.137+09:00,HanSeunghun,KeyEvent,10:10:0,Assignment,Editor,D:/University/Java/Assignment/src/Week5/CafeTest.java,,19,26,Default task
2021-10-02T13:49:31.626+09:00,HanSeunghun,KeyEvent,32:32:0,Assignment,Editor,D:/University/Java/Assignment/src/Week5/CafeTest.java,,19,26,Default task
2021-10-02T13:49:32.034+09:00,HanSeunghun,KeyEvent,115:83:0,Assignment,Editor,D:/University/Java/Assignment/src/Week5/CafeTest.java,,19,27,Default task
2021-10-02T13:49:32.186+09:00,HanSeunghun,KeyEvent,99:67:0,Assignment,Editor,D:/University/Java/Assignment/src/Week5/CafeTest.java,,19,28,Default task
2021-10-02T13:49:32.306+09:00,HanSeunghun,KeyEvent,97:65:0,Assignment,Editor,D:/University/Java/Assignment/src/Week5/CafeTest.java,,19,29,Default task
2021-10-02T13:49:32.498+09:00,HanSeunghun,KeyEvent,110:78:0,Assignment,Editor,D:/University/Java/Assignment/src/Week5/CafeTest.java,,19,30,Default task
2021-10-02T13:49:32.633+09:00,HanSeunghun,KeyEvent,110:78:0,Assignment,Editor,D:/University/Java/Assignment/src/Week5/CafeTest.java,,19,31,Default task
2021-10-02T13:49:32.698+09:00,HanSeunghun,KeyEvent,101:69:0,Assignment,Editor,D:/University/Java/Assignment/src/Week5/CafeTest.java,,19,32,Default task
2021-10-02T13:49:32.793+09:00,HanSeunghun,KeyEvent,114:82:0,Assignment,Editor,D:/University/Java/Assignment/src/Week5/CafeTest.java,,19,33,Default task
2021-10-02T13:49:32.898+09:00,HanSeunghun,KeyEvent,32:32:0,Assignment,Editor,D:/University/Java/Assignment/src/Week5/CafeTest.java,,19,34,Default task
2021-10-02T13:49:33.026+09:00,HanSeunghun,KeyEvent,61:61:0,Assignment,Editor,D:/University/Java/Assignment/src/Week5/CafeTest.java,,19,35,Default task
2021-10-02T13:49:33.130+09:00,HanSeunghun,KeyEvent,32:32:0,Assignment,Editor,D:/University/Java/Assignment/src/Week5/CafeTest.java,,19,36,Default task
2021-10-02T13:49:33.284+09:00,HanSeunghun,KeyEvent,110:78:0,Assignment,Editor,D:/University/Java/Assignment/src/Week5/CafeTest.java,,19,37,Default task
2021-10-02T13:49:33.345+09:00,HanSeunghun,KeyEvent,101:69:0,Assignment,Editor,D:/University/Java/Assignment/src/Week5/CafeTest.java,,19,38,Default task
2021-10-02T13:49:33.498+09:00,HanSeunghun,KeyEvent,119:87:0,Assignment,Editor,D:/University/Java/Assignment/src/Week5/CafeTest.java,,19,39,Default task
2021-10-02T13:49:33.554+09:00,HanSeunghun,KeyEvent,32:32:0,Assignment,Editor,D:/University/Java/Assignment/src/Week5/CafeTest.java,,19,40,Default task
2021-10-02T13:49:34.010+09:00,HanSeunghun,Action,EditorChooseLookupItem,Assignment,Editor,D:/University/Java/Assignment/src/Week5/CafeTest.java,,19,41,Default task
2021-10-02T13:49:34.029+09:00,HanSeunghun,KeyEvent,10:10:0,Assignment,Editor,D:/University/Java/Assignment/src/Week5/CafeTest.java,,19,49,Default task
2021-10-02T13:49:35.467+09:00,HanSeunghun,KeyEvent,65535:20:0,Assignment,Editor,D:/University/Java/Assignment/src/Week5/CafeTest.java,,19,49,Default task
2021-10-02T13:49:35.467+09:00,HanSeunghun,KeyEvent,83:83:0,Assignment,Editor,D:/University/Java/Assignment/src/Week5/CafeTest.java,,19,49,Default task
2021-10-02T13:49:35.470+09:00,HanSeunghun,KeyEvent,65535:20:0,Assignment,Editor,D:/University/Java/Assignment/src/Week5/CafeTest.java,,19,50,Default task
2021-10-02T13:49:35.614+09:00,HanSeunghun,KeyEvent,121:89:0,Assignment,Editor,D:/University/Java/Assignment/src/Week5/CafeTest.java,,19,50,Default task
2021-10-02T13:49:36.354+09:00,HanSeunghun,Action,EditorChooseLookupItem,Assignment,Editor,D:/University/Java/Assignment/src/Week5/CafeTest.java,,19,51,Default task
2021-10-02T13:49:36.366+09:00,HanSeunghun,KeyEvent,10:10:0,Assignment,Editor,D:/University/Java/Assignment/src/Week5/CafeTest.java,,19,55,Default task
2021-10-02T13:49:36.554+09:00,HanSeunghun,KeyEvent,46:46:0,Assignment,Editor,D:/University/Java/Assignment/src/Week5/CafeTest.java,,19,55,Default task
2021-10-02T13:49:36.986+09:00,HanSeunghun,Action,EditorChooseLookupItem,Assignment,Editor,D:/University/Java/Assignment/src/Week5/CafeTest.java,,19,56,Default task
2021-10-02T13:49:36.999+09:00,HanSeunghun,KeyEvent,10:10:0,Assignment,Editor,D:/University/Java/Assignment/src/Week5/CafeTest.java,,19,58,Default task
2021-10-02T13:49:37.323+09:00,HanSeunghun,Action,EditorRight,Assignment,Editor,D:/University/Java/Assignment/src/Week5/CafeTest.java,,19,58,Default task
2021-10-02T13:49:37.323+09:00,HanSeunghun,KeyEvent,65535:39:0,Assignment,Editor,D:/University/Java/Assignment/src/Week5/CafeTest.java,,19,59,Default task
2021-10-02T13:49:37.843+09:00,HanSeunghun,KeyEvent,59:59:0,Assignment,Editor,D:/University/Java/Assignment/src/Week5/CafeTest.java,,19,59,Default task
2021-10-02T13:49:38.130+09:00,HanSeunghun,Action,EditorDown,Assignment,Editor,D:/University/Java/Assignment/src/Week5/CafeTest.java,,19,60,Default task
2021-10-02T13:49:38.130+09:00,HanSeunghun,KeyEvent,65535:40:0,Assignment,Editor,D:/University/Java/Assignment/src/Week5/CafeTest.java,CafeTest::main,20,44,Default task
2021-10-02T13:49:38.346+09:00,HanSeunghun,Action,EditorDown,Assignment,Editor,D:/University/Java/Assignment/src/Week5/CafeTest.java,CafeTest::main,20,44,Default task
2021-10-02T13:49:38.347+09:00,HanSeunghun,KeyEvent,65535:40:0,Assignment,Editor,D:/University/Java/Assignment/src/Week5/CafeTest.java,CafeTest::main,21,8,Default task
2021-10-02T13:50:50.906+09:00,HanSeunghun,Action,EditorEnter,Assignment,Editor,D:/University/Java/Assignment/src/Week5/CafeTest.java,CafeTest::main,21,8,Default task
2021-10-02T13:50:50.909+09:00,HanSeunghun,KeyEvent,10:10:0,Assignment,Editor,D:/University/Java/Assignment/src/Week5/CafeTest.java,,22,8,Default task
2021-10-02T13:50:51.138+09:00,HanSeunghun,KeyEvent,115:83:0,Assignment,Editor,D:/University/Java/Assignment/src/Week5/CafeTest.java,CafeTest::main,22,8,Default task
2021-10-02T13:50:51.305+09:00,HanSeunghun,KeyEvent,99:67:0,Assignment,Editor,D:/University/Java/Assignment/src/Week5/CafeTest.java,CafeTest::main,22,9,Default task
2021-10-02T13:50:51.706+09:00,HanSeunghun,Action,EditorChooseLookupItem,Assignment,Editor,D:/University/Java/Assignment/src/Week5/CafeTest.java,CafeTest::main,22,10,Default task
2021-10-02T13:50:51.714+09:00,HanSeunghun,KeyEvent,10:10:0,Assignment,Editor,D:/University/Java/Assignment/src/Week5/CafeTest.java,CafeTest::main,22,15,Default task
2021-10-02T13:50:51.953+09:00,HanSeunghun,KeyEvent,46:46:0,Assignment,Editor,D:/University/Java/Assignment/src/Week5/CafeTest.java,CafeTest::main,22,15,Default task
2021-10-02T13:50:52.250+09:00,HanSeunghun,KeyEvent,99:67:0,Assignment,Editor,D:/University/Java/Assignment/src/Week5/CafeTest.java,CafeTest::main,22,16,Default task
2021-10-02T13:50:52.385+09:00,HanSeunghun,KeyEvent,108:76:0,Assignment,Editor,D:/University/Java/Assignment/src/Week5/CafeTest.java,CafeTest::main,22,17,Default task
2021-10-02T13:50:52.730+09:00,HanSeunghun,Action,EditorChooseLookupItem,Assignment,Editor,D:/University/Java/Assignment/src/Week5/CafeTest.java,CafeTest::main,22,18,Default task
2021-10-02T13:50:52.738+09:00,HanSeunghun,KeyEvent,10:10:0,Assignment,Editor,D:/University/Java/Assignment/src/Week5/CafeTest.java,CafeTest::main,22,24,Default task
2021-10-02T13:50:53.282+09:00,HanSeunghun,Action,EditorUp,Assignment,Editor,D:/University/Java/Assignment/src/Week5/CafeTest.java,CafeTest::main,22,24,Default task
2021-10-02T13:50:53.282+09:00,HanSeunghun,KeyEvent,65535:38:0,Assignment,Editor,D:/University/Java/Assignment/src/Week5/CafeTest.java,CafeTest::main,21,8,Default task
2021-10-02T13:50:53.682+09:00,HanSeunghun,Action,EditorEnter,Assignment,Editor,D:/University/Java/Assignment/src/Week5/CafeTest.java,CafeTest::main,21,8,Default task
2021-10-02T13:50:53.684+09:00,HanSeunghun,KeyEvent,10:10:0,Assignment,Editor,D:/University/Java/Assignment/src/Week5/CafeTest.java,CafeTest::main,22,8,Default task
2021-10-02T13:50:53.947+09:00,HanSeunghun,Action,EditorUp,Assignment,Editor,D:/University/Java/Assignment/src/Week5/CafeTest.java,CafeTest::main,22,8,Default task
2021-10-02T13:50:53.947+09:00,HanSeunghun,KeyEvent,65535:38:0,Assignment,Editor,D:/University/Java/Assignment/src/Week5/CafeTest.java,CafeTest::main,21,8,Default task
2021-10-02T13:50:54.195+09:00,HanSeunghun,Action,EditorEnter,Assignment,Editor,D:/University/Java/Assignment/src/Week5/CafeTest.java,CafeTest::main,21,8,Default task
2021-10-02T13:50:54.197+09:00,HanSeunghun,KeyEvent,10:10:0,Assignment,Editor,D:/University/Java/Assignment/src/Week5/CafeTest.java,CafeTest::main,22,8,Default task
2021-10-02T13:50:54.833+09:00,HanSeunghun,KeyEvent,65535:17:2,Assignment,Editor,D:/University/Java/Assignment/src/Week5/CafeTest.java,CafeTest::main,22,8,Default task
2021-10-02T13:50:54.940+09:00,HanSeunghun,Action,SaveAll,Assignment,Editor,D:/University/Java/Assignment/src/Week5/CafeTest.java,CafeTest::main,22,8,Default task
2021-10-02T13:50:54.985+09:00,HanSeunghun,KeyEvent,19:83:2,Assignment,Editor,D:/University/Java/Assignment/src/Week5/CafeTest.java,CafeTest::main,22,8,Default task
2021-10-02T13:50:58.714+09:00,HanSeunghun,KeyEvent,65535:20:0,Assignment,Editor,D:/University/Java/Assignment/src/Week5/CafeTest.java,CafeTest::main,22,8,Default task
2021-10-02T13:50:58.890+09:00,HanSeunghun,KeyEvent,67:67:0,Assignment,Editor,D:/University/Java/Assignment/src/Week5/CafeTest.java,CafeTest::main,22,8,Default task
2021-10-02T13:50:58.996+09:00,HanSeunghun,KeyEvent,65535:20:0,Assignment,Editor,D:/University/Java/Assignment/src/Week5/CafeTest.java,CafeTest::main,22,9,Default task
2021-10-02T13:50:59.125+09:00,HanSeunghun,KeyEvent,97:65:0,Assignment,Editor,D:/University/Java/Assignment/src/Week5/CafeTest.java,CafeTest::main,22,9,Default task
2021-10-02T13:50:59.329+09:00,HanSeunghun,KeyEvent,102:70:0,Assignment,Editor,D:/University/Java/Assignment/src/Week5/CafeTest.java,CafeTest::main,22,10,Default task
2021-10-02T13:50:59.746+09:00,HanSeunghun,Action,EditorChooseLookupItem,Assignment,Editor,D:/University/Java/Assignment/src/Week5/CafeTest.java,CafeTest::main,22,11,Default task
2021-10-02T13:50:59.753+09:00,HanSeunghun,KeyEvent,10:10:0,Assignment,Editor,D:/University/Java/Assignment/src/Week5/CafeTest.java,CafeTest::main,22,12,Default task
2021-10-02T13:51:00.209+09:00,HanSeunghun,KeyEvent,32:32:0,Assignment,Editor,D:/University/Java/Assignment/src/Week5/CafeTest.java,CafeTest::main,22,12,Default task
2021-10-02T13:51:01.106+09:00,HanSeunghun,KeyEvent,115:83:0,Assignment,Editor,D:/University/Java/Assignment/src/Week5/CafeTest.java,CafeTest::main,22,13,Default task
2021-10-02T13:51:01.393+09:00,HanSeunghun,KeyEvent,116:84:0,Assignment,Editor,D:/University/Java/Assignment/src/Week5/CafeTest.java,CafeTest::main,22,14,Default task
2021-10-02T13:51:01.522+09:00,HanSeunghun,KeyEvent,97:65:0,Assignment,Editor,D:/University/Java/Assignment/src/Week5/CafeTest.java,CafeTest::main,22,15,Default task
2021-10-02T13:51:01.897+09:00,HanSeunghun,KeyEvent,114:82:0,Assignment,Editor,D:/University/Java/Assignment/src/Week5/CafeTest.java,CafeTest::main,22,16,Default task
2021-10-02T13:51:02.881+09:00,HanSeunghun,KeyEvent,98:66:0,Assignment,Editor,D:/University/Java/Assignment/src/Week5/CafeTest.java,CafeTest::main,22,17,Default task
2021-10-02T13:51:03.009+09:00,HanSeunghun,KeyEvent,117:85:0,Assignment,Editor,D:/University/Java/Assignment/src/Week5/CafeTest.java,CafeTest::main,22,18,Default task
2021-10-02T13:51:03.265+09:00,HanSeunghun,KeyEvent,107:75:0,Assignment,Editor,D:/University/Java/Assignment/src/Week5/CafeTest.java,CafeTest::main,22,19,Default task
2021-10-02T13:51:03.714+09:00,HanSeunghun,KeyEvent,99:67:0,Assignment,Editor,D:/University/Java/Assignment/src/Week5/CafeTest.java,CafeTest::main,22,20,Default task
2021-10-02T13:51:04.065+09:00,HanSeunghun,Action,EditorBackSpace,Assignment,Editor,D:/University/Java/Assignment/src/Week5/CafeTest.java,CafeTest::main,22,21,Default task
2021-10-02T13:51:04.066+09:00,HanSeunghun,KeyEvent,8:8:0,Assignment,Editor,D:/University/Java/Assignment/src/Week5/CafeTest.java,CafeTest::main,22,20,Default task
2021-10-02T13:51:04.202+09:00,HanSeunghun,Action,EditorBackSpace,Assignment,Editor,D:/University/Java/Assignment/src/Week5/CafeTest.java,CafeTest::main,22,20,Default task
2021-10-02T13:51:04.203+09:00,HanSeunghun,KeyEvent,8:8:0,Assignment,Editor,D:/University/Java/Assignment/src/Week5/CafeTest.java,CafeTest::main,22,19,Default task
2021-10-02T13:51:04.305+09:00,HanSeunghun,KeyEvent,99:67:0,Assignment,Editor,D:/University/Java/Assignment/src/Week5/CafeTest.java,CafeTest::main,22,19,Default task
2021-10-02T13:51:04.450+09:00,HanSeunghun,KeyEvent,107:75:0,Assignment,Editor,D:/University/Java/Assignment/src/Week5/CafeTest.java,CafeTest::main,22,20,Default task
2021-10-02T13:51:04.545+09:00,HanSeunghun,KeyEvent,115:83:0,Assignment,Editor,D:/University/Java/Assignment/src/Week5/CafeTest.java,CafeTest::main,22,21,Default task
2021-10-02T13:51:04.698+09:00,HanSeunghun,KeyEvent,32:32:0,Assignment,Editor,D:/University/Java/Assignment/src/Week5/CafeTest.java,CafeTest::main,22,22,Default task
2021-10-02T13:51:04.858+09:00,HanSeunghun,KeyEvent,61:61:0,Assignment,Editor,D:/University/Java/Assignment/src/Week5/CafeTest.java,CafeTest::main,22,23,Default task
2021-10-02T13:51:04.962+09:00,HanSeunghun,KeyEvent,32:32:0,Assignment,Editor,D:/University/Java/Assignment/src/Week5/CafeTest.java,CafeTest::main,22,24,Default task
2021-10-02T13:51:05.258+09:00,HanSeunghun,KeyEvent,110:78:0,Assignment,Editor,D:/University/Java/Assignment/src/Week5/CafeTest.java,CafeTest::main,22,25,Default task
2021-10-02T13:51:05.355+09:00,HanSeunghun,KeyEvent,101:69:0,Assignment,Editor,D:/University/Java/Assignment/src/Week5/CafeTest.java,CafeTest::main,22,26,Default task
2021-10-02T13:51:05.514+09:00,HanSeunghun,KeyEvent,119:87:0,Assignment,Editor,D:/University/Java/Assignment/src/Week5/CafeTest.java,CafeTest::main,22,27,Default task
2021-10-02T13:51:05.602+09:00,HanSeunghun,KeyEvent,32:32:0,Assignment,Editor,D:/University/Java/Assignment/src/Week5/CafeTest.java,CafeTest::main,22,28,Default task
2021-10-02T13:51:06.114+09:00,HanSeunghun,KeyEvent,65535:20:0,Assignment,Editor,D:/University/Java/Assignment/src/Week5/CafeTest.java,CafeTest::main,22,29,Default task
2021-10-02T13:51:06.225+09:00,HanSeunghun,KeyEvent,67:67:0,Assignment,Editor,D:/University/Java/Assignment/src/Week5/CafeTest.java,CafeTest::main,22,29,Default task
2021-10-02T13:51:06.329+09:00,HanSeunghun,KeyEvent,65535:20:0,Assignment,Editor,D:/University/Java/Assignment/src/Week5/CafeTest.java,CafeTest::main,22,30,Default task
2021-10-02T13:51:06.611+09:00,HanSeunghun,Action,EditorChooseLookupItem,Assignment,Editor,D:/University/Java/Assignment/src/Week5/CafeTest.java,CafeTest::main,22,30,Default task
2021-10-02T13:51:06.652+09:00,HanSeunghun,KeyEvent,10:10:0,Assignment,Editor,D:/University/Java/Assignment/src/Week5/CafeTest.java,CafeTest::main,22,34,Default task
2021-10-02T13:51:08.921+09:00,HanSeunghun,KeyEvent,65535:16:1,Assignment,Editor,D:/University/Java/Assignment/src/Week5/CafeTest.java,CafeTest::main,22,34,Default task
2021-10-02T13:51:09.065+09:00,HanSeunghun,KeyEvent,34:222:1,Assignment,Editor,D:/University/Java/Assignment/src/Week5/CafeTest.java,CafeTest::main,22,34,Default task
2021-10-02T13:51:09.290+09:00,HanSeunghun,KeyEvent,65535:20:0,Assignment,Editor,D:/University/Java/Assignment/src/Week5/CafeTest.java,CafeTest::main,22,35,Default task
2021-10-02T13:51:09.425+09:00,HanSeunghun,KeyEvent,83:83:0,Assignment,Editor,D:/University/Java/Assignment/src/Week5/CafeTest.java,CafeTest::main,22,35,Default task
2021-10-02T13:51:09.553+09:00,HanSeunghun,KeyEvent,65535:20:0,Assignment,Editor,D:/University/Java/Assignment/src/Week5/CafeTest.java,CafeTest::main,22,36,Default task
2021-10-02T13:51:09.745+09:00,HanSeunghun,KeyEvent,116:84:0,Assignment,Editor,D:/University/Java/Assignment/src/Week5/CafeTest.java,CafeTest::main,22,36,Default task
2021-10-02T13:51:09.890+09:00,HanSeunghun,KeyEvent,97:65:0,Assignment,Editor,D:/University/Java/Assignment/src/Week5/CafeTest.java,CafeTest::main,22,37,Default task
2021-10-02T13:51:10.865+09:00,HanSeunghun,KeyEvent,114:82:0,Assignment,Editor,D:/University/Java/Assignment/src/Week5/CafeTest.java,CafeTest::main,22,38,Default task
2021-10-02T13:51:11.146+09:00,HanSeunghun,KeyEvent,98:66:0,Assignment,Editor,D:/University/Java/Assignment/src/Week5/CafeTest.java,CafeTest::main,22,39,Default task
2021-10-02T13:51:11.305+09:00,HanSeunghun,KeyEvent,117:85:0,Assignment,Editor,D:/University/Java/Assignment/src/Week5/CafeTest.java,CafeTest::main,22,40,Default task
2021-10-02T13:51:11.459+09:00,HanSeunghun,KeyEvent,99:67:0,Assignment,Editor,D:/University/Java/Assignment/src/Week5/CafeTest.java,CafeTest::main,22,41,Default task
2021-10-02T13:51:11.642+09:00,HanSeunghun,KeyEvent,107:75:0,Assignment,Editor,D:/University/Java/Assignment/src/Week5/CafeTest.java,CafeTest::main,22,42,Default task
2021-10-02T13:51:11.801+09:00,HanSeunghun,KeyEvent,115:83:0,Assignment,Editor,D:/University/Java/Assignment/src/Week5/CafeTest.java,CafeTest::main,22,43,Default task
2021-10-02T13:51:12.130+09:00,HanSeunghun,Action,EditorRight,Assignment,Editor,D:/University/Java/Assignment/src/Week5/CafeTest.java,CafeTest::main,22,44,Default task
2021-10-02T13:51:12.131+09:00,HanSeunghun,KeyEvent,65535:39:0,Assignment,Editor,D:/University/Java/Assignment/src/Week5/CafeTest.java,CafeTest::main,22,45,Default task
2021-10-02T13:51:12.330+09:00,HanSeunghun,Action,EditorRight,Assignment,Editor,D:/University/Java/Assignment/src/Week5/CafeTest.java,CafeTest::main,22,45,Default task
2021-10-02T13:51:12.331+09:00,HanSeunghun,KeyEvent,65535:39:0,Assignment,Editor,D:/University/Java/Assignment/src/Week5/CafeTest.java,CafeTest::main,22,46,Default task
2021-10-02T13:51:13.249+09:00,HanSeunghun,KeyEvent,59:59:0,Assignment,Editor,D:/University/Java/Assignment/src/Week5/CafeTest.java,CafeTest::main,22,46,Default task
2021-10-02T13:51:13.618+09:00,HanSeunghun,Action,EditorEnter,Assignment,Editor,D:/University/Java/Assignment/src/Week5/CafeTest.java,CafeTest::main,22,47,Default task
2021-10-02T13:51:13.620+09:00,HanSeunghun,KeyEvent,10:10:0,Assignment,Editor,D:/University/Java/Assignment/src/Week5/CafeTest.java,CafeTest::main,23,8,Default task
2021-10-02T13:51:14.306+09:00,HanSeunghun,KeyEvent,119:87:0,Assignment,Editor,D:/University/Java/Assignment/src/Week5/CafeTest.java,CafeTest::main,23,8,Default task
2021-10-02T13:51:14.425+09:00,HanSeunghun,KeyEvent,104:72:0,Assignment,Editor,D:/University/Java/Assignment/src/Week5/CafeTest.java,CafeTest::main,23,9,Default task
2021-10-02T13:51:14.610+09:00,HanSeunghun,KeyEvent,105:73:0,Assignment,Editor,D:/University/Java/Assignment/src/Week5/CafeTest.java,CafeTest::main,23,10,Default task
2021-10-02T13:51:14.826+09:00,HanSeunghun,KeyEvent,111:79:0,Assignment,Editor,D:/University/Java/Assignment/src/Week5/CafeTest.java,CafeTest::main,23,11,Default task
2021-10-02T13:51:14.834+09:00,HanSeunghun,KeyEvent,108:76:0,Assignment,Editor,D:/University/Java/Assignment/src/Week5/CafeTest.java,CafeTest::main,23,12,Default task
2021-10-02T13:51:14.890+09:00,HanSeunghun,KeyEvent,101:69:0,Assignment,Editor,D:/University/Java/Assignment/src/Week5/CafeTest.java,CafeTest::main,23,13,Default task
2021-10-02T13:51:15.258+09:00,HanSeunghun,Action,EditorBackSpace,Assignment,Editor,D:/University/Java/Assignment/src/Week5/CafeTest.java,CafeTest::main,23,14,Default task
2021-10-02T13:51:15.259+09:00,HanSeunghun,KeyEvent,8:8:0,Assignment,Editor,D:/University/Java/Assignment/src/Week5/CafeTest.java,CafeTest::main,23,13,Default task
2021-10-02T13:51:15.410+09:00,HanSeunghun,Action,EditorBackSpace,Assignment,Editor,D:/University/Java/Assignment/src/Week5/CafeTest.java,CafeTest::main,23,13,Default task
2021-10-02T13:51:15.411+09:00,HanSeunghun,KeyEvent,8:8:0,Assignment,Editor,D:/University/Java/Assignment/src/Week5/CafeTest.java,CafeTest::main,23,12,Default task
2021-10-02T13:51:15.578+09:00,HanSeunghun,Action,EditorBackSpace,Assignment,Editor,D:/University/Java/Assignment/src/Week5/CafeTest.java,CafeTest::main,23,12,Default task
2021-10-02T13:51:15.578+09:00,HanSeunghun,KeyEvent,8:8:0,Assignment,Editor,D:/University/Java/Assignment/src/Week5/CafeTest.java,CafeTest::main,23,11,Default task
2021-10-02T13:51:15.786+09:00,HanSeunghun,KeyEvent,108:76:0,Assignment,Editor,D:/University/Java/Assignment/src/Week5/CafeTest.java,CafeTest::main,23,11,Default task
2021-10-02T13:51:15.857+09:00,HanSeunghun,KeyEvent,101:69:0,Assignment,Editor,D:/University/Java/Assignment/src/Week5/CafeTest.java,CafeTest::main,23,12,Default task
2021-10-02T13:51:15.970+09:00,HanSeunghun,KeyEvent,32:32:0,Assignment,Editor,D:/University/Java/Assignment/src/Week5/CafeTest.java,CafeTest::main,23,13,Default task
2021-10-02T13:51:16.065+09:00,HanSeunghun,KeyEvent,65535:16:1,Assignment,Editor,D:/University/Java/Assignment/src/Week5/CafeTest.java,CafeTest::main,23,14,Default task
2021-10-02T13:51:16.233+09:00,HanSeunghun,KeyEvent,40:57:1,Assignment,Editor,D:/University/Java/Assignment/src/Week5/CafeTest.java,CafeTest::main,23,14,Default task
2021-10-02T13:51:16.330+09:00,HanSeunghun,KeyEvent,116:84:0,Assignment,Editor,D:/University/Java/Assignment/src/Week5/CafeTest.java,CafeTest::main,23,15,Default task
2021-10-02T13:51:16.481+09:00,HanSeunghun,KeyEvent,114:82:0,Assignment,Editor,D:/University/Java/Assignment/src/Week5/CafeTest.java,CafeTest::main,23,16,Default task
2021-10-02T13:51:16.545+09:00,HanSeunghun,KeyEvent,117:85:0,Assignment,Editor,D:/University/Java/Assignment/src/Week5/CafeTest.java,CafeTest::main,23,17,Default task
2021-10-02T13:51:16.705+09:00,HanSeunghun,KeyEvent,101:69:0,Assignment,Editor,D:/University/Java/Assignment/src/Week5/CafeTest.java,CafeTest::main,23,18,Default task
2021-10-02T13:51:17.098+09:00,HanSeunghun,Action,EditorRight,Assignment,Editor,D:/University/Java/Assignment/src/Week5/CafeTest.java,CafeTest::main,23,19,Default task
2021-10-02T13:51:17.099+09:00,HanSeunghun,KeyEvent,65535:39:0,Assignment,Editor,D:/University/Java/Assignment/src/Week5/CafeTest.java,CafeTest::main,23,20,Default task
2021-10-02T13:51:17.306+09:00,HanSeunghun,Action,EditorEnter,Assignment,Editor,D:/University/Java/Assignment/src/Week5/CafeTest.java,CafeTest::main,23,20,Default task
2021-10-02T13:51:17.308+09:00,HanSeunghun,KeyEvent,10:10:0,Assignment,Editor,D:/University/Java/Assignment/src/Week5/CafeTest.java,CafeTest::main,24,12,Default task
2021-10-02T13:51:17.538+09:00,HanSeunghun,KeyEvent,65535:16:1,Assignment,Editor,D:/University/Java/Assignment/src/Week5/CafeTest.java,CafeTest::main,24,12,Default task
2021-10-02T13:51:17.627+09:00,HanSeunghun,KeyEvent,123:91:1,Assignment,Editor,D:/University/Java/Assignment/src/Week5/CafeTest.java,CafeTest::main,24,12,Default task
2021-10-02T13:51:17.842+09:00,HanSeunghun,Action,EditorEnter,Assignment,Editor,D:/University/Java/Assignment/src/Week5/CafeTest.java,CafeTest::main,24,9,Default task
2021-10-02T13:51:17.847+09:00,HanSeunghun,KeyEvent,10:10:0,Assignment,Editor,D:/University/Java/Assignment/src/Week5/CafeTest.java,CafeTest::main,25,12,Default task
2021-10-02T13:51:20.450+09:00,HanSeunghun,KeyEvent,102:70:0,Assignment,Editor,D:/University/Java/Assignment/src/Week5/CafeTest.java,CafeTest::main,25,12,Default task
2021-10-02T13:51:20.586+09:00,HanSeunghun,KeyEvent,105:73:0,Assignment,Editor,D:/University/Java/Assignment/src/Week5/CafeTest.java,CafeTest::main,25,13,Default task
2021-10-02T13:51:21.170+09:00,HanSeunghun,Action,EditorChooseLookupItem,Assignment,Editor,D:/University/Java/Assignment/src/Week5/CafeTest.java,CafeTest::main,25,14,Default task
2021-10-02T13:51:21.177+09:00,HanSeunghun,KeyEvent,10:10:0,Assignment,Editor,D:/University/Java/Assignment/src/Week5/CafeTest.java,CafeTest::main,25,18,Default task
2021-10-02T13:51:21.466+09:00,HanSeunghun,KeyEvent,65535:20:0,Assignment,Editor,D:/University/Java/Assignment/src/Week5/CafeTest.java,CafeTest::main,25,18,Default task
2021-10-02T13:51:21.545+09:00,HanSeunghun,KeyEvent,67:67:0,Assignment,Editor,D:/University/Java/Assignment/src/Week5/CafeTest.java,CafeTest::main,25,18,Default task
2021-10-02T13:51:21.685+09:00,HanSeunghun,KeyEvent,65535:20:0,Assignment,Editor,D:/University/Java/Assignment/src/Week5/CafeTest.java,CafeTest::main,25,19,Default task
2021-10-02T13:51:21.771+09:00,HanSeunghun,KeyEvent,111:79:0,Assignment,Editor,D:/University/Java/Assignment/src/Week5/CafeTest.java,CafeTest::main,25,19,Default task
2021-10-02T13:51:22.396+09:00,HanSeunghun,Action,EditorChooseLookupItem,Assignment,Editor,D:/University/Java/Assignment/src/Week5/CafeTest.java,CafeTest::main,25,20,Default task
2021-10-02T13:51:22.402+09:00,HanSeunghun,KeyEvent,10:10:0,Assignment,Editor,D:/University/Java/Assignment/src/Week5/CafeTest.java,CafeTest::main,25,25,Default task
2021-10-02T13:51:22.708+09:00,HanSeunghun,KeyEvent,32:32:0,Assignment,Editor,D:/University/Java/Assignment/src/Week5/CafeTest.java,CafeTest::main,25,25,Default task
2021-10-02T13:51:24.002+09:00,HanSeunghun,KeyEvent,99:67:0,Assignment,Editor,D:/University/Java/Assignment/src/Week5/CafeTest.java,CafeTest::main,25,26,Default task
2021-10-02T13:51:24.170+09:00,HanSeunghun,KeyEvent,109:77:0,Assignment,Editor,D:/University/Java/Assignment/src/Week5/CafeTest.java,CafeTest::main,25,27,Default task
2021-10-02T13:51:24.275+09:00,HanSeunghun,KeyEvent,100:68:0,Assignment,Editor,D:/University/Java/Assignment/src/Week5/CafeTest.java,CafeTest::main,25,28,Default task
2021-10-02T13:51:24.442+09:00,HanSeunghun,KeyEvent,32:32:0,Assignment,Editor,D:/University/Java/Assignment/src/Week5/CafeTest.java,CafeTest::main,25,29,Default task
2021-10-02T13:51:24.617+09:00,HanSeunghun,KeyEvent,61:61:0,Assignment,Editor,D:/University/Java/Assignment/src/Week5/CafeTest.java,CafeTest::main,25,30,Default task
2021-10-02T13:51:25.194+09:00,HanSeunghun,KeyEvent,32:32:0,Assignment,Editor,D:/University/Java/Assignment/src/Week5/CafeTest.java,CafeTest::main,25,31,Default task
2021-10-02T13:51:27.484+09:00,HanSeunghun,Action,EditorEnter,Assignment,Editor,D:/University/Java/Assignment/src/Week5/CafeTest.java,,29,5,Default task
2021-10-02T13:51:27.486+09:00,HanSeunghun,KeyEvent,10:10:0,Assignment,Editor,D:/University/Java/Assignment/src/Week5/CafeTest.java,,30,4,Default task
2021-10-02T13:51:27.666+09:00,HanSeunghun,Action,EditorEnter,Assignment,Editor,D:/University/Java/Assignment/src/Week5/CafeTest.java,,30,4,Default task
2021-10-02T13:51:27.668+09:00,HanSeunghun,KeyEvent,10:10:0,Assignment,Editor,D:/University/Java/Assignment/src/Week5/CafeTest.java,,31,4,Default task
2021-10-02T13:51:27.889+09:00,HanSeunghun,KeyEvent,112:80:0,Assignment,Editor,D:/University/Java/Assignment/src/Week5/CafeTest.java,,31,4,Default task
2021-10-02T13:51:27.985+09:00,HanSeunghun,KeyEvent,114:82:0,Assignment,Editor,D:/University/Java/Assignment/src/Week5/CafeTest.java,,31,5,Default task
2021-10-02T13:51:28.050+09:00,HanSeunghun,KeyEvent,105:73:0,Assignment,Editor,D:/University/Java/Assignment/src/Week5/CafeTest.java,,31,6,Default task
2021-10-02T13:51:28.154+09:00,HanSeunghun,KeyEvent,118:86:0,Assignment,Editor,D:/University/Java/Assignment/src/Week5/CafeTest.java,,31,7,Default task
2021-10-02T13:51:28.225+09:00,HanSeunghun,KeyEvent,97:65:0,Assignment,Editor,D:/University/Java/Assignment/src/Week5/CafeTest.java,,31,8,Default task
2021-10-02T13:51:28.330+09:00,HanSeunghun,KeyEvent,116:84:0,Assignment,Editor,D:/University/Java/Assignment/src/Week5/CafeTest.java,,31,9,Default task
2021-10-02T13:51:28.425+09:00,HanSeunghun,KeyEvent,101:69:0,Assignment,Editor,D:/University/Java/Assignment/src/Week5/CafeTest.java,,31,10,Default task
2021-10-02T13:51:28.577+09:00,HanSeunghun,KeyEvent,32:32:0,Assignment,Editor,D:/University/Java/Assignment/src/Week5/CafeTest.java,,31,11,Default task
2021-10-02T13:51:28.650+09:00,HanSeunghun,KeyEvent,115:83:0,Assignment,Editor,D:/University/Java/Assignment/src/Week5/CafeTest.java,,31,12,Default task
2021-10-02T13:51:28.753+09:00,HanSeunghun,KeyEvent,116:84:0,Assignment,Editor,D:/University/Java/Assignment/src/Week5/CafeTest.java,,31,13,Default task
2021-10-02T13:51:28.857+09:00,HanSeunghun,KeyEvent,97:65:0,Assignment,Editor,D:/University/Java/Assignment/src/Week5/CafeTest.java,,31,14,Default task
2021-10-02T13:51:28.929+09:00,HanSeunghun,KeyEvent,116:84:0,Assignment,Editor,D:/University/Java/Assignment/src/Week5/CafeTest.java,,31,15,Default task
2021-10-02T13:51:29.034+09:00,HanSeunghun,KeyEvent,105:73:0,Assignment,Editor,D:/University/Java/Assignment/src/Week5/CafeTest.java,,31,16,Default task
2021-10-02T13:51:29.129+09:00,HanSeunghun,KeyEvent,99:67:0,Assignment,Editor,D:/University/Java/Assignment/src/Week5/CafeTest.java,,31,17,Default task
2021-10-02T13:51:29.402+09:00,HanSeunghun,KeyEvent,32:32:0,Assignment,Editor,D:/University/Java/Assignment/src/Week5/CafeTest.java,,31,18,Default task
2021-10-02T13:51:30.090+09:00,HanSeunghun,KeyEvent,65535:20:0,Assignment,Editor,D:/University/Java/Assignment/src/Week5/CafeTest.java,,31,19,Default task
2021-10-02T13:51:30.193+09:00,HanSeunghun,KeyEvent,83:83:0,Assignment,Editor,D:/University/Java/Assignment/src/Week5/CafeTest.java,,31,19,Default task
2021-10-02T13:51:30.298+09:00,HanSeunghun,KeyEvent,65535:20:0,Assignment,Editor,D:/University/Java/Assignment/src/Week5/CafeTest.java,,31,20,Default task
2021-10-02T13:51:30.410+09:00,HanSeunghun,KeyEvent,116:84:0,Assignment,Editor,D:/University/Java/Assignment/src/Week5/CafeTest.java,,31,20,Default task
2021-10-02T13:51:30.585+09:00,HanSeunghun,KeyEvent,114:82:0,Assignment,Editor,D:/University/Java/Assignment/src/Week5/CafeTest.java,,31,21,Default task
2021-10-02T13:51:30.673+09:00,HanSeunghun,KeyEvent,105:73:0,Assignment,Editor,D:/University/Java/Assignment/src/Week5/CafeTest.java,,31,22,Default task
2021-10-02T13:51:30.897+09:00,HanSeunghun,KeyEvent,110:78:0,Assignment,Editor,D:/University/Java/Assignment/src/Week5/CafeTest.java,,31,23,Default task
2021-10-02T13:51:30.985+09:00,HanSeunghun,KeyEvent,103:71:0,Assignment,Editor,D:/University/Java/Assignment/src/Week5/CafeTest.java,,31,24,Default task
2021-10-02T13:51:31.554+09:00,HanSeunghun,Action,EditorBackSpace,Assignment,Editor,D:/University/Java/Assignment/src/Week5/CafeTest.java,,31,25,Default task
2021-10-02T13:51:31.559+09:00,HanSeunghun,KeyEvent,8:8:0,Assignment,Editor,D:/University/Java/Assignment/src/Week5/CafeTest.java,,31,24,Default task
2021-10-02T13:51:31.730+09:00,HanSeunghun,Action,EditorBackSpace,Assignment,Editor,D:/University/Java/Assignment/src/Week5/CafeTest.java,,31,24,Default task
2021-10-02T13:51:31.733+09:00,HanSeunghun,KeyEvent,8:8:0,Assignment,Editor,D:/University/Java/Assignment/src/Week5/CafeTest.java,,31,23,Default task
2021-10-02T13:51:31.898+09:00,HanSeunghun,Action,EditorBackSpace,Assignment,Editor,D:/University/Java/Assignment/src/Week5/CafeTest.java,,31,23,Default task
2021-10-02T13:51:31.901+09:00,HanSeunghun,KeyEvent,8:8:0,Assignment,Editor,D:/University/Java/Assignment/src/Week5/CafeTest.java,,31,22,Default task
2021-10-02T13:51:32.034+09:00,HanSeunghun,Action,EditorBackSpace,Assignment,Editor,D:/University/Java/Assignment/src/Week5/CafeTest.java,,31,22,Default task
2021-10-02T13:51:32.039+09:00,HanSeunghun,KeyEvent,8:8:0,Assignment,Editor,D:/University/Java/Assignment/src/Week5/CafeTest.java,,31,21,Default task
2021-10-02T13:51:32.186+09:00,HanSeunghun,Action,EditorBackSpace,Assignment,Editor,D:/University/Java/Assignment/src/Week5/CafeTest.java,,31,21,Default task
2021-10-02T13:51:32.195+09:00,HanSeunghun,KeyEvent,8:8:0,Assignment,Editor,D:/University/Java/Assignment/src/Week5/CafeTest.java,,31,20,Default task
2021-10-02T13:51:32.336+09:00,HanSeunghun,Action,EditorBackSpace,Assignment,Editor,D:/University/Java/Assignment/src/Week5/CafeTest.java,,31,20,Default task
2021-10-02T13:51:32.340+09:00,HanSeunghun,KeyEvent,8:8:0,Assignment,Editor,D:/University/Java/Assignment/src/Week5/CafeTest.java,,31,19,Default task
2021-10-02T13:51:32.402+09:00,HanSeunghun,KeyEvent,65535:20:0,Assignment,Editor,D:/University/Java/Assignment/src/Week5/CafeTest.java,,31,19,Default task
2021-10-02T13:51:32.466+09:00,HanSeunghun,KeyEvent,67:67:0,Assignment,Editor,D:/University/Java/Assignment/src/Week5/CafeTest.java,,31,19,Default task
2021-10-02T13:51:32.631+09:00,HanSeunghun,KeyEvent,65535:20:0,Assignment,Editor,D:/University/Java/Assignment/src/Week5/CafeTest.java,,31,20,Default task
2021-10-02T13:51:32.687+09:00,HanSeunghun,KeyEvent,111:79:0,Assignment,Editor,D:/University/Java/Assignment/src/Week5/CafeTest.java,,31,20,Default task
2021-10-02T13:51:32.865+09:00,HanSeunghun,KeyEvent,109:77:0,Assignment,Editor,D:/University/Java/Assignment/src/Week5/CafeTest.java,,31,21,Default task
2021-10-02T13:51:33.001+09:00,HanSeunghun,KeyEvent,109:77:0,Assignment,Editor,D:/University/Java/Assignment/src/Week5/CafeTest.java,,31,22,Default task
2021-10-02T13:51:33.075+09:00,HanSeunghun,KeyEvent,97:65:0,Assignment,Editor,D:/University/Java/Assignment/src/Week5/CafeTest.java,,31,23,Default task
2021-10-02T13:51:33.169+09:00,HanSeunghun,KeyEvent,110:78:0,Assignment,Editor,D:/University/Java/Assignment/src/Week5/CafeTest.java,,31,24,Default task
2021-10-02T13:51:33.265+09:00,HanSeunghun,KeyEvent,100:68:0,Assignment,Editor,D:/University/Java/Assignment/src/Week5/CafeTest.java,,31,25,Default task
2021-10-02T13:51:33.482+09:00,HanSeunghun,Action,EditorEscape,Assignment,Editor,D:/University/Java/Assignment/src/Week5/CafeTest.java,,31,26,Default task
2021-10-02T13:51:33.488+09:00,HanSeunghun,KeyEvent,27:27:0,Assignment,Editor,D:/University/Java/Assignment/src/Week5/CafeTest.java,,31,26,Default task
2021-10-02T13:51:33.642+09:00,HanSeunghun,KeyEvent,32:32:0,Assignment,Editor,D:/University/Java/Assignment/src/Week5/CafeTest.java,,31,26,Default task
2021-10-02T13:51:33.753+09:00,HanSeunghun,KeyEvent,103:71:0,Assignment,Editor,D:/University/Java/Assignment/src/Week5/CafeTest.java,,31,27,Default task
2021-10-02T13:51:33.850+09:00,HanSeunghun,KeyEvent,101:69:0,Assignment,Editor,D:/University/Java/Assignment/src/Week5/CafeTest.java,,31,28,Default task
2021-10-02T13:51:33.953+09:00,HanSeunghun,KeyEvent,116:84:0,Assignment,Editor,D:/University/Java/Assignment/src/Week5/CafeTest.java,,31,29,Default task
2021-10-02T13:51:34.090+09:00,HanSeunghun,KeyEvent,65535:20:0,Assignment,Editor,D:/University/Java/Assignment/src/Week5/CafeTest.java,,31,30,Default task
2021-10-02T13:51:34.194+09:00,HanSeunghun,KeyEvent,67:67:0,Assignment,Editor,D:/University/Java/Assignment/src/Week5/CafeTest.java,,31,30,Default task
2021-10-02T13:51:34.290+09:00,HanSeunghun,KeyEvent,65535:20:0,Assignment,Editor,D:/University/Java/Assignment/src/Week5/CafeTest.java,,31,31,Default task
2021-10-02T13:51:34.369+09:00,HanSeunghun,KeyEvent,111:79:0,Assignment,Editor,D:/University/Java/Assignment/src/Week5/CafeTest.java,,31,31,Default task
2021-10-02T13:51:34.537+09:00,HanSeunghun,KeyEvent,109:77:0,Assignment,Editor,D:/University/Java/Assignment/src/Week5/CafeTest.java,,31,32,Default task
2021-10-02T13:51:34.681+09:00,HanSeunghun,KeyEvent,109:77:0,Assignment,Editor,D:/University/Java/Assignment/src/Week5/CafeTest.java,,31,33,Default task
2021-10-02T13:51:34.809+09:00,HanSeunghun,KeyEvent,97:65:0,Assignment,Editor,D:/University/Java/Assignment/src/Week5/CafeTest.java,,31,34,Default task
2021-10-02T13:51:35.137+09:00,HanSeunghun,KeyEvent,110:78:0,Assignment,Editor,D:/University/Java/Assignment/src/Week5/CafeTest.java,,31,35,Default task
2021-10-02T13:51:35.249+09:00,HanSeunghun,KeyEvent,100:68:0,Assignment,Editor,D:/University/Java/Assignment/src/Week5/CafeTest.java,,31,36,Default task
2021-10-02T13:51:35.481+09:00,HanSeunghun,KeyEvent,27:27:0,Assignment,Editor,D:/University/Java/Assignment/src/Week5/CafeTest.java,,31,37,Default task
2021-10-02T13:51:35.666+09:00,HanSeunghun,KeyEvent,65535:16:1,Assignment,Editor,D:/University/Java/Assignment/src/Week5/CafeTest.java,,31,37,Default task
2021-10-02T13:51:35.954+09:00,HanSeunghun,KeyEvent,40:57:1,Assignment,Editor,D:/University/Java/Assignment/src/Week5/CafeTest.java,,31,37,Default task
2021-10-02T13:51:37.361+09:00,HanSeunghun,KeyEvent,65535:20:0,Assignment,Editor,D:/University/Java/Assignment/src/Week5/CafeTest.java,CafeTest::getCommand,31,38,Default task
2021-10-02T13:51:37.457+09:00,HanSeunghun,KeyEvent,83:83:0,Assignment,Editor,D:/University/Java/Assignment/src/Week5/CafeTest.java,CafeTest::getCommand,31,38,Default task
2021-10-02T13:51:37.680+09:00,HanSeunghun,KeyEvent,65535:20:0,Assignment,Editor,D:/University/Java/Assignment/src/Week5/CafeTest.java,CafeTest::getCommand,31,39,Default task
2021-10-02T13:51:37.702+09:00,HanSeunghun,KeyEvent,99:67:0,Assignment,Editor,D:/University/Java/Assignment/src/Week5/CafeTest.java,CafeTest::getCommand,31,39,Default task
2021-10-02T13:51:38.562+09:00,HanSeunghun,Action,EditorChooseLookupItem,Assignment,Editor,D:/University/Java/Assignment/src/Week5/CafeTest.java,CafeTest::getCommand,31,40,Default task
2021-10-02T13:51:38.573+09:00,HanSeunghun,KeyEvent,10:10:0,Assignment,Editor,D:/University/Java/Assignment/src/Week5/CafeTest.java,CafeTest::getCommand,31,45,Default task
2021-10-02T13:51:39.091+09:00,HanSeunghun,KeyEvent,32:32:0,Assignment,Editor,D:/University/Java/Assignment/src/Week5/CafeTest.java,CafeTest::getCommand,31,45,Default task
2021-10-02T13:51:39.153+09:00,HanSeunghun,KeyEvent,115:83:0,Assignment,Editor,D:/University/Java/Assignment/src/Week5/CafeTest.java,CafeTest::getCommand,31,46,Default task
2021-10-02T13:51:39.793+09:00,HanSeunghun,KeyEvent,99:67:0,Assignment,Editor,D:/University/Java/Assignment/src/Week5/CafeTest.java,CafeTest::getCommand,31,47,Default task
2021-10-02T13:51:40.018+09:00,HanSeunghun,KeyEvent,97:65:0,Assignment,Editor,D:/University/Java/Assignment/src/Week5/CafeTest.java,CafeTest::getCommand,31,48,Default task
2021-10-02T13:51:40.161+09:00,HanSeunghun,KeyEvent,110:78:0,Assignment,Editor,D:/University/Java/Assignment/src/Week5/CafeTest.java,CafeTest::getCommand,31,49,Default task
2021-10-02T13:51:40.274+09:00,HanSeunghun,KeyEvent,110:78:0,Assignment,Editor,D:/University/Java/Assignment/src/Week5/CafeTest.java,CafeTest::getCommand,31,50,Default task
2021-10-02T13:51:40.337+09:00,HanSeunghun,KeyEvent,101:69:0,Assignment,Editor,D:/University/Java/Assignment/src/Week5/CafeTest.java,CafeTest::getCommand,31,51,Default task
2021-10-02T13:51:40.425+09:00,HanSeunghun,KeyEvent,114:82:0,Assignment,Editor,D:/University/Java/Assignment/src/Week5/CafeTest.java,CafeTest::getCommand,31,52,Default task
2021-10-02T13:51:40.627+09:00,HanSeunghun,Action,EditorEscape,Assignment,Editor,D:/University/Java/Assignment/src/Week5/CafeTest.java,CafeTest::getCommand,31,53,Default task
2021-10-02T13:51:40.629+09:00,HanSeunghun,KeyEvent,27:27:0,Assignment,Editor,D:/University/Java/Assignment/src/Week5/CafeTest.java,CafeTest::getCommand,31,53,Default task
2021-10-02T13:51:40.746+09:00,HanSeunghun,Action,EditorRight,Assignment,Editor,D:/University/Java/Assignment/src/Week5/CafeTest.java,CafeTest::getCommand,31,53,Default task
2021-10-02T13:51:40.746+09:00,HanSeunghun,KeyEvent,65535:39:0,Assignment,Editor,D:/University/Java/Assignment/src/Week5/CafeTest.java,,31,54,Default task
2021-10-02T13:51:40.954+09:00,HanSeunghun,Action,EditorEnter,Assignment,Editor,D:/University/Java/Assignment/src/Week5/CafeTest.java,,31,54,Default task
2021-10-02T13:51:40.957+09:00,HanSeunghun,KeyEvent,10:10:0,Assignment,Editor,D:/University/Java/Assignment/src/Week5/CafeTest.java,,32,8,Default task
2021-10-02T13:51:41.186+09:00,HanSeunghun,KeyEvent,65535:16:1,Assignment,Editor,D:/University/Java/Assignment/src/Week5/CafeTest.java,,32,8,Default task
2021-10-02T13:51:41.272+09:00,HanSeunghun,KeyEvent,123:91:1,Assignment,Editor,D:/University/Java/Assignment/src/Week5/CafeTest.java,,32,8,Default task
2021-10-02T13:51:41.498+09:00,HanSeunghun,Action,EditorEnter,Assignment,Editor,D:/University/Java/Assignment/src/Week5/CafeTest.java,CafeTest::getCommand,32,5,Default task
2021-10-02T13:51:41.501+09:00,HanSeunghun,KeyEvent,10:10:0,Assignment,Editor,D:/University/Java/Assignment/src/Week5/CafeTest.java,,33,8,Default task
2021-10-02T13:51:42.073+09:00,HanSeunghun,KeyEvent,115:83:0,Assignment,Editor,D:/University/Java/Assignment/src/Week5/CafeTest.java,CafeTest::getCommand,33,8,Default task
2021-10-02T13:51:42.633+09:00,HanSeunghun,Action,EditorChooseLookupItem,Assignment,Editor,D:/University/Java/Assignment/src/Week5/CafeTest.java,CafeTest::getCommand,33,9,Default task
2021-10-02T13:51:42.639+09:00,HanSeunghun,KeyEvent,10:10:0,Assignment,Editor,D:/University/Java/Assignment/src/Week5/CafeTest.java,CafeTest::getCommand,33,15,Default task
2021-10-02T13:51:42.882+09:00,HanSeunghun,KeyEvent,46:46:0,Assignment,Editor,D:/University/Java/Assignment/src/Week5/CafeTest.java,CafeTest::getCommand,33,15,Default task
2021-10-02T13:51:43.217+09:00,HanSeunghun,KeyEvent,110:78:0,Assignment,Editor,D:/University/Java/Assignment/src/Week5/CafeTest.java,CafeTest::getCommand,33,16,Default task
2021-10-02T13:51:43.330+09:00,HanSeunghun,KeyEvent,101:69:0,Assignment,Editor,D:/University/Java/Assignment/src/Week5/CafeTest.java,CafeTest::getCommand,33,17,Default task
2021-10-02T13:51:43.850+09:00,HanSeunghun,Action,EditorChooseLookupItem,Assignment,Editor,D:/University/Java/Assignment/src/Week5/CafeTest.java,CafeTest::getCommand,33,18,Default task
2021-10-02T13:51:43.858+09:00,HanSeunghun,KeyEvent,10:10:0,Assignment,Editor,D:/University/Java/Assignment/src/Week5/CafeTest.java,CafeTest::getCommand,33,22,Default task
2021-10-02T13:51:44.314+09:00,HanSeunghun,KeyEvent,59:59:0,Assignment,Editor,D:/University/Java/Assignment/src/Week5/CafeTest.java,CafeTest::getCommand,33,22,Default task
2021-10-02T13:51:44.746+09:00,HanSeunghun,Action,EditorLineStart,Assignment,Editor,D:/University/Java/Assignment/src/Week5/CafeTest.java,CafeTest::getCommand,33,23,Default task
2021-10-02T13:51:44.747+09:00,HanSeunghun,KeyEvent,65535:36:0,Assignment,Editor,D:/University/Java/Assignment/src/Week5/CafeTest.java,CafeTest::getCommand,33,8,Default task
2021-10-02T13:51:46.034+09:00,HanSeunghun,KeyEvent,61:61:0,Assignment,Editor,D:/University/Java/Assignment/src/Week5/CafeTest.java,CafeTest::getCommand,33,8,Default task
2021-10-02T13:51:46.274+09:00,HanSeunghun,KeyEvent,32:32:0,Assignment,Editor,D:/University/Java/Assignment/src/Week5/CafeTest.java,CafeTest::getCommand,33,9,Default task
2021-10-02T13:51:46.410+09:00,HanSeunghun,Action,EditorLeft,Assignment,Editor,D:/University/Java/Assignment/src/Week5/CafeTest.java,CafeTest::getCommand,33,10,Default task
2021-10-02T13:51:46.411+09:00,HanSeunghun,KeyEvent,65535:37:0,Assignment,Editor,D:/University/Java/Assignment/src/Week5/CafeTest.java,CafeTest::getCommand,33,9,Default task
2021-10-02T13:51:46.586+09:00,HanSeunghun,Action,EditorLeft,Assignment,Editor,D:/University/Java/Assignment/src/Week5/CafeTest.java,CafeTest::getCommand,33,9,Default task
2021-10-02T13:51:46.586+09:00,HanSeunghun,KeyEvent,65535:37:0,Assignment,Editor,D:/University/Java/Assignment/src/Week5/CafeTest.java,CafeTest::getCommand,33,8,Default task
2021-10-02T13:51:46.705+09:00,HanSeunghun,KeyEvent,32:32:0,Assignment,Editor,D:/University/Java/Assignment/src/Week5/CafeTest.java,CafeTest::getCommand,33,8,Default task
2021-10-02T13:51:46.778+09:00,HanSeunghun,Action,EditorLeft,Assignment,Editor,D:/University/Java/Assignment/src/Week5/CafeTest.java,CafeTest::getCommand,33,9,Default task
2021-10-02T13:51:46.779+09:00,HanSeunghun,KeyEvent,65535:37:0,Assignment,Editor,D:/University/Java/Assignment/src/Week5/CafeTest.java,CafeTest::getCommand,33,8,Default task
2021-10-02T13:51:46.985+09:00,HanSeunghun,KeyEvent,115:83:0,Assignment,Editor,D:/University/Java/Assignment/src/Week5/CafeTest.java,CafeTest::getCommand,33,8,Default task
2021-10-02T13:51:47.122+09:00,HanSeunghun,KeyEvent,116:84:0,Assignment,Editor,D:/University/Java/Assignment/src/Week5/CafeTest.java,CafeTest::getCommand,33,9,Default task
2021-10-02T13:51:47.274+09:00,HanSeunghun,KeyEvent,114:82:0,Assignment,Editor,D:/University/Java/Assignment/src/Week5/CafeTest.java,CafeTest::getCommand,33,10,Default task
2021-10-02T13:51:47.417+09:00,HanSeunghun,KeyEvent,105:73:0,Assignment,Editor,D:/University/Java/Assignment/src/Week5/CafeTest.java,CafeTest::getCommand,33,11,Default task
2021-10-02T13:51:48.202+09:00,HanSeunghun,Action,EditorBackSpace,Assignment,Editor,D:/University/Java/Assignment/src/Week5/CafeTest.java,CafeTest::getCommand,33,12,Default task
2021-10-02T13:51:48.204+09:00,HanSeunghun,KeyEvent,8:8:0,Assignment,Editor,D:/University/Java/Assignment/src/Week5/CafeTest.java,CafeTest::getCommand,33,11,Default task
2021-10-02T13:51:48.371+09:00,HanSeunghun,Action,EditorBackSpace,Assignment,Editor,D:/University/Java/Assignment/src/Week5/CafeTest.java,CafeTest::getCommand,33,11,Default task
2021-10-02T13:51:48.372+09:00,HanSeunghun,KeyEvent,8:8:0,Assignment,Editor,D:/University/Java/Assignment/src/Week5/CafeTest.java,CafeTest::getCommand,33,10,Default task
2021-10-02T13:51:48.545+09:00,HanSeunghun,Action,EditorBackSpace,Assignment,Editor,D:/University/Java/Assignment/src/Week5/CafeTest.java,CafeTest::getCommand,33,10,Default task
2021-10-02T13:51:48.546+09:00,HanSeunghun,KeyEvent,8:8:0,Assignment,Editor,D:/University/Java/Assignment/src/Week5/CafeTest.java,CafeTest::getCommand,33,9,Default task
2021-10-02T13:51:48.714+09:00,HanSeunghun,Action,EditorBackSpace,Assignment,Editor,D:/University/Java/Assignment/src/Week5/CafeTest.java,CafeTest::getCommand,33,9,Default task
2021-10-02T13:51:48.715+09:00,HanSeunghun,KeyEvent,8:8:0,Assignment,Editor,D:/University/Java/Assignment/src/Week5/CafeTest.java,CafeTest::getCommand,33,8,Default task
2021-10-02T13:51:49.345+09:00,HanSeunghun,Action,EditorDelete,Assignment,Editor,D:/University/Java/Assignment/src/Week5/CafeTest.java,CafeTest::getCommand,33,8,Default task
2021-10-02T13:51:49.346+09:00,HanSeunghun,KeyEvent,127:127:0,Assignment,Editor,D:/University/Java/Assignment/src/Week5/CafeTest.java,CafeTest::getCommand,33,8,Default task
2021-10-02T13:51:49.530+09:00,HanSeunghun,Action,EditorDelete,Assignment,Editor,D:/University/Java/Assignment/src/Week5/CafeTest.java,CafeTest::getCommand,33,8,Default task
2021-10-02T13:51:49.531+09:00,HanSeunghun,KeyEvent,127:127:0,Assignment,Editor,D:/University/Java/Assignment/src/Week5/CafeTest.java,CafeTest::getCommand,33,8,Default task
2021-10-02T13:51:49.745+09:00,HanSeunghun,Action,EditorDelete,Assignment,Editor,D:/University/Java/Assignment/src/Week5/CafeTest.java,CafeTest::getCommand,33,8,Default task
2021-10-02T13:51:49.746+09:00,HanSeunghun,KeyEvent,127:127:0,Assignment,Editor,D:/University/Java/Assignment/src/Week5/CafeTest.java,CafeTest::getCommand,33,8,Default task
2021-10-02T13:51:50.002+09:00,HanSeunghun,Action,EditorLineEnd,Assignment,Editor,D:/University/Java/Assignment/src/Week5/CafeTest.java,CafeTest::getCommand,33,8,Default task
2021-10-02T13:51:50.002+09:00,HanSeunghun,KeyEvent,65535:35:0,Assignment,Editor,D:/University/Java/Assignment/src/Week5/CafeTest.java,CafeTest::getCommand,33,23,Default task
2021-10-02T13:51:50.322+09:00,HanSeunghun,Action,EditorLeft,Assignment,Editor,D:/University/Java/Assignment/src/Week5/CafeTest.java,CafeTest::getCommand,33,23,Default task
2021-10-02T13:51:50.323+09:00,HanSeunghun,KeyEvent,65535:37:0,Assignment,Editor,D:/University/Java/Assignment/src/Week5/CafeTest.java,CafeTest::getCommand,33,22,Default task
2021-10-02T13:51:50.649+09:00,HanSeunghun,KeyEvent,46:46:0,Assignment,Editor,D:/University/Java/Assignment/src/Week5/CafeTest.java,CafeTest::getCommand,33,22,Default task
2021-10-02T13:51:50.881+09:00,HanSeunghun,KeyEvent,116:84:0,Assignment,Editor,D:/University/Java/Assignment/src/Week5/CafeTest.java,CafeTest::getCommand,33,23,Default task
2021-10-02T13:51:50.979+09:00,HanSeunghun,KeyEvent,111:79:0,Assignment,Editor,D:/University/Java/Assignment/src/Week5/CafeTest.java,CafeTest::getCommand,33,24,Default task
2021-10-02T13:51:51.226+09:00,HanSeunghun,KeyEvent,117:85:0,Assignment,Editor,D:/University/Java/Assignment/src/Week5/CafeTest.java,CafeTest::getCommand,33,25,Default task
2021-10-02T13:51:51.482+09:00,HanSeunghun,KeyEvent,112:80:0,Assignment,Editor,D:/University/Java/Assignment/src/Week5/CafeTest.java,CafeTest::getCommand,33,26,Default task
2021-10-02T13:51:52.538+09:00,HanSeunghun,Action,EditorBackSpace,Assignment,Editor,D:/University/Java/Assignment/src/Week5/CafeTest.java,CafeTest::getCommand,33,27,Default task
2021-10-02T13:51:52.541+09:00,HanSeunghun,KeyEvent,8:8:0,Assignment,Editor,D:/University/Java/Assignment/src/Week5/CafeTest.java,CafeTest::getCommand,33,26,Default task
2021-10-02T13:51:52.729+09:00,HanSeunghun,Action,EditorBackSpace,Assignment,Editor,D:/University/Java/Assignment/src/Week5/CafeTest.java,CafeTest::getCommand,33,26,Default task
2021-10-02T13:51:52.736+09:00,HanSeunghun,KeyEvent,8:8:0,Assignment,Editor,D:/University/Java/Assignment/src/Week5/CafeTest.java,CafeTest::getCommand,33,25,Default task
2021-10-02T13:51:52.892+09:00,HanSeunghun,Action,EditorBackSpace,Assignment,Editor,D:/University/Java/Assignment/src/Week5/CafeTest.java,CafeTest::getCommand,33,25,Default task
2021-10-02T13:51:52.903+09:00,HanSeunghun,KeyEvent,8:8:0,Assignment,Editor,D:/University/Java/Assignment/src/Week5/CafeTest.java,CafeTest::getCommand,33,24,Default task
2021-10-02T13:51:53.051+09:00,HanSeunghun,Action,EditorBackSpace,Assignment,Editor,D:/University/Java/Assignment/src/Week5/CafeTest.java,CafeTest::getCommand,33,24,Default task
2021-10-02T13:51:53.059+09:00,HanSeunghun,KeyEvent,8:8:0,Assignment,Editor,D:/University/Java/Assignment/src/Week5/CafeTest.java,CafeTest::getCommand,33,23,Default task
2021-10-02T13:51:53.194+09:00,HanSeunghun,Action,EditorBackSpace,Assignment,Editor,D:/University/Java/Assignment/src/Week5/CafeTest.java,CafeTest::getCommand,33,23,Default task
2021-10-02T13:51:53.200+09:00,HanSeunghun,KeyEvent,8:8:0,Assignment,Editor,D:/University/Java/Assignment/src/Week5/CafeTest.java,CafeTest::getCommand,33,22,Default task
2021-10-02T13:51:53.459+09:00,HanSeunghun,Action,EditorLineStart,Assignment,Editor,D:/University/Java/Assignment/src/Week5/CafeTest.java,CafeTest::getCommand,33,22,Default task
2021-10-02T13:51:53.459+09:00,HanSeunghun,KeyEvent,65535:36:0,Assignment,Editor,D:/University/Java/Assignment/src/Week5/CafeTest.java,CafeTest::getCommand,33,8,Default task
2021-10-02T13:51:53.913+09:00,HanSeunghun,KeyEvent,65535:20:0,Assignment,Editor,D:/University/Java/Assignment/src/Week5/CafeTest.java,CafeTest::getCommand,33,8,Default task
2021-10-02T13:51:54.001+09:00,HanSeunghun,KeyEvent,83:83:0,Assignment,Editor,D:/University/Java/Assignment/src/Week5/CafeTest.java,CafeTest::getCommand,33,8,Default task
2021-10-02T13:51:54.156+09:00,HanSeunghun,KeyEvent,65535:20:0,Assignment,Editor,D:/University/Java/Assignment/src/Week5/CafeTest.java,CafeTest::getCommand,33,9,Default task
2021-10-02T13:51:54.232+09:00,HanSeunghun,KeyEvent,116:84:0,Assignment,Editor,D:/University/Java/Assignment/src/Week5/CafeTest.java,CafeTest::getCommand,33,9,Default task
2021-10-02T13:51:54.377+09:00,HanSeunghun,KeyEvent,114:82:0,Assignment,Editor,D:/University/Java/Assignment/src/Week5/CafeTest.java,CafeTest::getCommand,33,10,Default task
2021-10-02T13:51:54.473+09:00,HanSeunghun,KeyEvent,105:73:0,Assignment,Editor,D:/University/Java/Assignment/src/Week5/CafeTest.java,CafeTest::getCommand,33,11,Default task
2021-10-02T13:51:54.593+09:00,HanSeunghun,KeyEvent,110:78:0,Assignment,Editor,D:/University/Java/Assignment/src/Week5/CafeTest.java,CafeTest::getCommand,33,12,Default task
2021-10-02T13:51:54.665+09:00,HanSeunghun,KeyEvent,103:71:0,Assignment,Editor,D:/University/Java/Assignment/src/Week5/CafeTest.java,CafeTest::getCommand,33,13,Default task
2021-10-02T13:51:54.770+09:00,HanSeunghun,KeyEvent,32:32:0,Assignment,Editor,D:/University/Java/Assignment/src/Week5/CafeTest.java,CafeTest::getCommand,33,14,Default task
2021-10-02T13:51:54.874+09:00,HanSeunghun,KeyEvent,115:83:0,Assignment,Editor,D:/University/Java/Assignment/src/Week5/CafeTest.java,CafeTest::getCommand,33,15,Default task
2021-10-02T13:51:54.994+09:00,HanSeunghun,KeyEvent,116:84:0,Assignment,Editor,D:/University/Java/Assignment/src/Week5/CafeTest.java,CafeTest::getCommand,33,16,Default task
2021-10-02T13:51:55.186+09:00,HanSeunghun,KeyEvent,114:82:0,Assignment,Editor,D:/University/Java/Assignment/src/Week5/CafeTest.java,CafeTest::getCommand,33,17,Default task
2021-10-02T13:51:55.865+09:00,HanSeunghun,KeyEvent,65535:20:0,Assignment,Editor,D:/University/Java/Assignment/src/Week5/CafeTest.java,CafeTest::getCommand,33,18,Default task
2021-10-02T13:51:55.945+09:00,HanSeunghun,KeyEvent,67:67:0,Assignment,Editor,D:/University/Java/Assignment/src/Week5/CafeTest.java,CafeTest::getCommand,33,18,Default task
2021-10-02T13:51:56.075+09:00,HanSeunghun,KeyEvent,65535:20:0,Assignment,Editor,D:/University/Java/Assignment/src/Week5/CafeTest.java,CafeTest::getCommand,33,19,Default task
2021-10-02T13:51:56.481+09:00,HanSeunghun,KeyEvent,109:77:0,Assignment,Editor,D:/University/Java/Assignment/src/Week5/CafeTest.java,CafeTest::getCommand,33,19,Default task
2021-10-02T13:51:56.681+09:00,HanSeunghun,KeyEvent,100:68:0,Assignment,Editor,D:/University/Java/Assignment/src/Week5/CafeTest.java,CafeTest::getCommand,33,20,Default task
2021-10-02T13:51:56.961+09:00,HanSeunghun,KeyEvent,32:32:0,Assignment,Editor,D:/University/Java/Assignment/src/Week5/CafeTest.java,CafeTest::getCommand,33,21,Default task
2021-10-02T13:51:57.089+09:00,HanSeunghun,KeyEvent,61:61:0,Assignment,Editor,D:/University/Java/Assignment/src/Week5/CafeTest.java,CafeTest::getCommand,33,22,Default task
2021-10-02T13:51:57.169+09:00,HanSeunghun,KeyEvent,32:32:0,Assignment,Editor,D:/University/Java/Assignment/src/Week5/CafeTest.java,CafeTest::getCommand,33,23,Default task
2021-10-02T13:51:57.401+09:00,HanSeunghun,KeyEvent,27:27:0,Assignment,Editor,D:/University/Java/Assignment/src/Week5/CafeTest.java,CafeTest::getCommand,33,24,Default task
2021-10-02T13:51:57.578+09:00,HanSeunghun,Action,EditorLineEnd,Assignment,Editor,D:/University/Java/Assignment/src/Week5/CafeTest.java,CafeTest::getCommand,33,24,Default task
2021-10-02T13:51:57.579+09:00,HanSeunghun,KeyEvent,65535:35:0,Assignment,Editor,D:/University/Java/Assignment/src/Week5/CafeTest.java,CafeTest::getCommand,33,39,Default task
2021-10-02T13:51:57.962+09:00,HanSeunghun,Action,EditorEnter,Assignment,Editor,D:/University/Java/Assignment/src/Week5/CafeTest.java,CafeTest::getCommand,33,39,Default task
2021-10-02T13:51:57.963+09:00,HanSeunghun,KeyEvent,10:10:0,Assignment,Editor,D:/University/Java/Assignment/src/Week5/CafeTest.java,,34,8,Default task
2021-10-02T13:51:58.929+09:00,HanSeunghun,KeyEvent,115:83:0,Assignment,Editor,D:/University/Java/Assignment/src/Week5/CafeTest.java,CafeTest::getCommand,34,8,Default task
2021-10-02T13:51:59.609+09:00,HanSeunghun,Action,EditorBackSpace,Assignment,Editor,D:/University/Java/Assignment/src/Week5/CafeTest.java,CafeTest::getCommand,34,9,Default task
2021-10-02T13:51:59.614+09:00,HanSeunghun,KeyEvent,8:8:0,Assignment,Editor,D:/University/Java/Assignment/src/Week5/CafeTest.java,CafeTest::getCommand,34,8,Default task
2021-10-02T13:51:59.841+09:00,HanSeunghun,KeyEvent,115:83:0,Assignment,Editor,D:/University/Java/Assignment/src/Week5/CafeTest.java,CafeTest::getCommand,34,8,Default task
2021-10-02T13:51:59.978+09:00,HanSeunghun,KeyEvent,116:84:0,Assignment,Editor,D:/University/Java/Assignment/src/Week5/CafeTest.java,CafeTest::getCommand,34,9,Default task
2021-10-02T13:52:00.506+09:00,HanSeunghun,Action,EditorChooseLookupItem,Assignment,Editor,D:/University/Java/Assignment/src/Week5/CafeTest.java,CafeTest::getCommand,34,10,Default task
2021-10-02T13:52:00.513+09:00,HanSeunghun,KeyEvent,10:10:0,Assignment,Editor,D:/University/Java/Assignment/src/Week5/CafeTest.java,CafeTest::getCommand,34,14,Default task
2021-10-02T13:52:00.770+09:00,HanSeunghun,KeyEvent,46:46:0,Assignment,Editor,D:/University/Java/Assignment/src/Week5/CafeTest.java,CafeTest::getCommand,34,14,Default task
2021-10-02T13:52:01.297+09:00,HanSeunghun,KeyEvent,116:84:0,Assignment,Editor,D:/University/Java/Assignment/src/Week5/CafeTest.java,CafeTest::getCommand,34,15,Default task
2021-10-02T13:52:01.514+09:00,HanSeunghun,KeyEvent,111:79:0,Assignment,Editor,D:/University/Java/Assignment/src/Week5/CafeTest.java,CafeTest::getCommand,34,16,Default task
2021-10-02T13:52:01.761+09:00,HanSeunghun,KeyEvent,112:80:0,Assignment,Editor,D:/University/Java/Assignment/src/Week5/CafeTest.java,CafeTest::getCommand,34,17,Default task
2021-10-02T13:52:01.929+09:00,HanSeunghun,KeyEvent,117:85:0,Assignment,Editor,D:/University/Java/Assignment/src/Week5/CafeTest.java,CafeTest::getCommand,34,18,Default task
2021-10-02T13:52:02.210+09:00,HanSeunghun,Action,EditorBackSpace,Assignment,Editor,D:/University/Java/Assignment/src/Week5/CafeTest.java,CafeTest::getCommand,34,19,Default task
2021-10-02T13:52:02.211+09:00,HanSeunghun,KeyEvent,8:8:0,Assignment,Editor,D:/University/Java/Assignment/src/Week5/CafeTest.java,CafeTest::getCommand,34,18,Default task
2021-10-02T13:52:02.371+09:00,HanSeunghun,Action,EditorBackSpace,Assignment,Editor,D:/University/Java/Assignment/src/Week5/CafeTest.java,CafeTest::getCommand,34,18,Default task
2021-10-02T13:52:02.372+09:00,HanSeunghun,KeyEvent,8:8:0,Assignment,Editor,D:/University/Java/Assignment/src/Week5/CafeTest.java,CafeTest::getCommand,34,17,Default task
2021-10-02T13:52:02.577+09:00,HanSeunghun,KeyEvent,117:85:0,Assignment,Editor,D:/University/Java/Assignment/src/Week5/CafeTest.java,CafeTest::getCommand,34,17,Default task
2021-10-02T13:52:02.689+09:00,HanSeunghun,KeyEvent,112:80:0,Assignment,Editor,D:/University/Java/Assignment/src/Week5/CafeTest.java,CafeTest::getCommand,34,18,Default task
2021-10-02T13:52:02.696+09:00,HanSeunghun,KeyEvent,91:91:0,Assignment,Editor,D:/University/Java/Assignment/src/Week5/CafeTest.java,CafeTest::getCommand,34,19,Default task
2021-10-02T13:52:03.186+09:00,HanSeunghun,Action,EditorBackSpace,Assignment,Editor,D:/University/Java/Assignment/src/Week5/CafeTest.java,CafeTest::getCommand,34,20,Default task
2021-10-02T13:52:03.187+09:00,HanSeunghun,KeyEvent,8:8:0,Assignment,Editor,D:/University/Java/Assignment/src/Week5/CafeTest.java,CafeTest::getCommand,34,19,Default task
2021-10-02T13:52:03.378+09:00,HanSeunghun,Action,EditorBackSpace,Assignment,Editor,D:/University/Java/Assignment/src/Week5/CafeTest.java,CafeTest::getCommand,34,19,Default task
2021-10-02T13:52:03.379+09:00,HanSeunghun,KeyEvent,8:8:0,Assignment,Editor,D:/University/Java/Assignment/src/Week5/CafeTest.java,CafeTest::getCommand,34,18,Default task
2021-10-02T13:52:03.689+09:00,HanSeunghun,Action,EditorBackSpace,Assignment,Editor,D:/University/Java/Assignment/src/Week5/CafeTest.java,CafeTest::getCommand,34,18,Default task
2021-10-02T13:52:03.690+09:00,HanSeunghun,KeyEvent,8:8:0,Assignment,Editor,D:/University/Java/Assignment/src/Week5/CafeTest.java,CafeTest::getCommand,34,17,Default task
2021-10-02T13:52:04.185+09:00,HanSeunghun,KeyEvent,117:85:0,Assignment,Editor,D:/University/Java/Assignment/src/Week5/CafeTest.java,CafeTest::getCommand,34,17,Default task
2021-10-02T13:52:04.706+09:00,HanSeunghun,Action,EditorChooseLookupItem,Assignment,Editor,D:/University/Java/Assignment/src/Week5/CafeTest.java,CafeTest::getCommand,34,18,Default task
2021-10-02T13:52:04.732+09:00,HanSeunghun,KeyEvent,10:10:0,Assignment,Editor,D:/University/Java/Assignment/src/Week5/CafeTest.java,CafeTest::getCommand,35,39,Default task
2021-10-02T13:52:05.674+09:00,HanSeunghun,Action,EditorLineStart,Assignment,Editor,D:/University/Java/Assignment/src/Week5/CafeTest.java,CafeTest::getCommand,35,39,Default task
2021-10-02T13:52:05.675+09:00,HanSeunghun,KeyEvent,65535:36:0,Assignment,Editor,D:/University/Java/Assignment/src/Week5/CafeTest.java,CafeTest::getCommand,35,8,Default task
2021-10-02T13:52:06.682+09:00,HanSeunghun,KeyEvent,65535:20:0,Assignment,Editor,D:/University/Java/Assignment/src/Week5/CafeTest.java,CafeTest::getCommand,35,8,Default task
2021-10-02T13:52:07.129+09:00,HanSeunghun,KeyEvent,67:67:0,Assignment,Editor,D:/University/Java/Assignment/src/Week5/CafeTest.java,CafeTest::getCommand,35,8,Default task
2021-10-02T13:52:07.234+09:00,HanSeunghun,KeyEvent,65535:20:0,Assignment,Editor,D:/University/Java/Assignment/src/Week5/CafeTest.java,CafeTest::getCommand,35,9,Default task
2021-10-02T13:52:07.369+09:00,HanSeunghun,KeyEvent,111:79:0,Assignment,Editor,D:/University/Java/Assignment/src/Week5/CafeTest.java,CafeTest::getCommand,35,9,Default task
2021-10-02T13:52:07.577+09:00,HanSeunghun,KeyEvent,109:77:0,Assignment,Editor,D:/University/Java/Assignment/src/Week5/CafeTest.java,CafeTest::getCommand,35,10,Default task
2021-10-02T13:52:07.705+09:00,HanSeunghun,KeyEvent,109:77:0,Assignment,Editor,D:/University/Java/Assignment/src/Week5/CafeTest.java,CafeTest::getCommand,35,11,Default task
2021-10-02T13:52:08.546+09:00,HanSeunghun,Action,EditorChooseLookupItem,Assignment,Editor,D:/University/Java/Assignment/src/Week5/CafeTest.java,CafeTest::getCommand,35,12,Default task
2021-10-02T13:52:08.555+09:00,HanSeunghun,KeyEvent,10:10:0,Assignment,Editor,D:/University/Java/Assignment/src/Week5/CafeTest.java,CafeTest::getCommand,35,15,Default task
2021-10-02T13:52:08.760+09:00,HanSeunghun,KeyEvent,46:46:0,Assignment,Editor,D:/University/Java/Assignment/src/Week5/CafeTest.java,CafeTest::getCommand,35,15,Default task
2021-10-02T13:52:09.097+09:00,HanSeunghun,KeyEvent,118:86:0,Assignment,Editor,D:/University/Java/Assignment/src/Week5/CafeTest.java,CafeTest::getCommand,35,16,Default task
2021-10-02T13:52:09.769+09:00,HanSeunghun,Action,EditorChooseLookupItem,Assignment,Editor,D:/University/Java/Assignment/src/Week5/CafeTest.java,CafeTest::getCommand,35,17,Default task
2021-10-02T13:52:09.780+09:00,HanSeunghun,KeyEvent,10:10:0,Assignment,Editor,D:/University/Java/Assignment/src/Week5/CafeTest.java,CafeTest::getCommand,35,24,Default task
2021-10-02T13:52:10.602+09:00,HanSeunghun,Action,EditorDelete,Assignment,Editor,D:/University/Java/Assignment/src/Week5/CafeTest.java,CafeTest::getCommand,35,24,Default task
2021-10-02T13:52:10.604+09:00,HanSeunghun,KeyEvent,127:127:0,Assignment,Editor,D:/University/Java/Assignment/src/Week5/CafeTest.java,CafeTest::getCommand,35,24,Default task
2021-10-02T13:52:10.818+09:00,HanSeunghun,Action,EditorLineEnd,Assignment,Editor,D:/University/Java/Assignment/src/Week5/CafeTest.java,CafeTest::getCommand,35,24,Default task
2021-10-02T13:52:10.818+09:00,HanSeunghun,KeyEvent,65535:35:0,Assignment,Editor,D:/University/Java/Assignment/src/Week5/CafeTest.java,CafeTest::getCommand,35,55,Default task
2021-10-02T13:52:11.146+09:00,HanSeunghun,Action,EditorLeft,Assignment,Editor,D:/University/Java/Assignment/src/Week5/CafeTest.java,CafeTest::getCommand,35,55,Default task
2021-10-02T13:52:11.147+09:00,HanSeunghun,KeyEvent,65535:37:0,Assignment,Editor,D:/University/Java/Assignment/src/Week5/CafeTest.java,CafeTest::getCommand,35,54,Default task
2021-10-02T13:52:11.818+09:00,HanSeunghun,Action,EditorRight,Assignment,Editor,D:/University/Java/Assignment/src/Week5/CafeTest.java,CafeTest::getCommand,35,54,Default task
2021-10-02T13:52:11.819+09:00,HanSeunghun,KeyEvent,65535:39:0,Assignment,Editor,D:/University/Java/Assignment/src/Week5/CafeTest.java,CafeTest::getCommand,35,55,Default task
2021-10-02T13:52:12.169+09:00,HanSeunghun,KeyEvent,65535:16:1,Assignment,Editor,D:/University/Java/Assignment/src/Week5/CafeTest.java,CafeTest::getCommand,35,55,Default task
2021-10-02T13:52:12.369+09:00,HanSeunghun,KeyEvent,41:48:1,Assignment,Editor,D:/University/Java/Assignment/src/Week5/CafeTest.java,CafeTest::getCommand,35,55,Default task
2021-10-02T13:52:13.305+09:00,HanSeunghun,KeyEvent,59:59:0,Assignment,Editor,D:/University/Java/Assignment/src/Week5/CafeTest.java,CafeTest::getCommand,35,56,Default task
2021-10-02T13:52:13.641+09:00,HanSeunghun,Action,EditorLineStart,Assignment,Editor,D:/University/Java/Assignment/src/Week5/CafeTest.java,CafeTest::getCommand,35,57,Default task
2021-10-02T13:52:13.642+09:00,HanSeunghun,KeyEvent,65535:36:0,Assignment,Editor,D:/University/Java/Assignment/src/Week5/CafeTest.java,CafeTest::getCommand,35,8,Default task
2021-10-02T13:52:13.841+09:00,HanSeunghun,KeyEvent,114:82:0,Assignment,Editor,D:/University/Java/Assignment/src/Week5/CafeTest.java,CafeTest::getCommand,35,8,Default task
2021-10-02T13:52:13.929+09:00,HanSeunghun,KeyEvent,101:69:0,Assignment,Editor,D:/University/Java/Assignment/src/Week5/CafeTest.java,CafeTest::getCommand,35,9,Default task
2021-10-02T13:52:14.042+09:00,HanSeunghun,KeyEvent,116:84:0,Assignment,Editor,D:/University/Java/Assignment/src/Week5/CafeTest.java,CafeTest::getCommand,35,10,Default task
2021-10-02T13:52:14.138+09:00,HanSeunghun,KeyEvent,117:85:0,Assignment,Editor,D:/University/Java/Assignment/src/Week5/CafeTest.java,CafeTest::getCommand,35,11,Default task
2021-10-02T13:52:14.234+09:00,HanSeunghun,KeyEvent,114:82:0,Assignment,Editor,D:/University/Java/Assignment/src/Week5/CafeTest.java,CafeTest::getCommand,35,12,Default task
2021-10-02T13:52:14.354+09:00,HanSeunghun,KeyEvent,110:78:0,Assignment,Editor,D:/University/Java/Assignment/src/Week5/CafeTest.java,CafeTest::getCommand,35,13,Default task
2021-10-02T13:52:14.458+09:00,HanSeunghun,KeyEvent,32:32:0,Assignment,Editor,D:/University/Java/Assignment/src/Week5/CafeTest.java,CafeTest::getCommand,35,14,Default task
2021-10-02T13:52:14.690+09:00,HanSeunghun,KeyEvent,27:27:0,Assignment,Editor,D:/University/Java/Assignment/src/Week5/CafeTest.java,CafeTest::getCommand,35,15,Default task
2021-10-02T13:52:15.130+09:00,HanSeunghun,Action,EditorUp,Assignment,Editor,D:/University/Java/Assignment/src/Week5/CafeTest.java,CafeTest::getCommand,35,15,Default task
2021-10-02T13:52:15.131+09:00,HanSeunghun,KeyEvent,65535:38:0,Assignment,Editor,D:/University/Java/Assignment/src/Week5/CafeTest.java,CafeTest::getCommand,34,15,Default task
2021-10-02T13:52:15.338+09:00,HanSeunghun,Action,EditorUp,Assignment,Editor,D:/University/Java/Assignment/src/Week5/CafeTest.java,CafeTest::getCommand,34,15,Default task
2021-10-02T13:52:15.338+09:00,HanSeunghun,KeyEvent,65535:38:0,Assignment,Editor,D:/University/Java/Assignment/src/Week5/CafeTest.java,CafeTest::getCommand,33,5,Default task
2021-10-02T13:52:16.233+09:00,HanSeunghun,Action,EditorEnter,Assignment,Editor,D:/University/Java/Assignment/src/Week5/CafeTest.java,CafeTest::getCommand,33,5,Default task
2021-10-02T13:52:16.235+09:00,HanSeunghun,KeyEvent,10:10:0,Assignment,Editor,D:/University/Java/Assignment/src/Week5/CafeTest.java,CafeTest::getCommand,34,8,Default task
2021-10-02T13:52:16.499+09:00,HanSeunghun,KeyEvent,116:84:0,Assignment,Editor,D:/University/Java/Assignment/src/Week5/CafeTest.java,CafeTest::getCommand,34,8,Default task
2021-10-02T13:52:16.681+09:00,HanSeunghun,KeyEvent,114:82:0,Assignment,Editor,D:/University/Java/Assignment/src/Week5/CafeTest.java,CafeTest::getCommand,34,9,Default task
2021-10-02T13:52:16.792+09:00,HanSeunghun,KeyEvent,121:89:0,Assignment,Editor,D:/University/Java/Assignment/src/Week5/CafeTest.java,CafeTest::getCommand,34,10,Default task
2021-10-02T13:52:17.083+09:00,HanSeunghun,Action,EditorEnter,Assignment,Editor,D:/University/Java/Assignment/src/Week5/CafeTest.java,CafeTest::getCommand,34,11,Default task
2021-10-02T13:52:17.086+09:00,HanSeunghun,KeyEvent,10:10:0,Assignment,Editor,D:/University/Java/Assignment/src/Week5/CafeTest.java,CafeTest::getCommand,35,12,Default task
2021-10-02T13:52:18.098+09:00,HanSeunghun,KeyEvent,65535:16:1,Assignment,Editor,D:/University/Java/Assignment/src/Week5/CafeTest.java,CafeTest::getCommand,35,12,Default task
2021-10-02T13:52:18.217+09:00,HanSeunghun,KeyEvent,123:91:1,Assignment,Editor,D:/University/Java/Assignment/src/Week5/CafeTest.java,CafeTest::getCommand,35,12,Default task
2021-10-02T13:52:18.437+09:00,HanSeunghun,Action,EditorEnter,Assignment,Editor,D:/University/Java/Assignment/src/Week5/CafeTest.java,CafeTest::getCommand,35,9,Default task
2021-10-02T13:52:18.442+09:00,HanSeunghun,KeyEvent,10:10:0,Assignment,Editor,D:/University/Java/Assignment/src/Week5/CafeTest.java,CafeTest::getCommand,36,12,Default task
2021-10-02T13:52:18.890+09:00,HanSeunghun,Action,EditorDown,Assignment,Editor,D:/University/Java/Assignment/src/Week5/CafeTest.java,CafeTest::getCommand,36,12,Default task
2021-10-02T13:52:18.890+09:00,HanSeunghun,KeyEvent,65535:40:0,Assignment,Editor,D:/University/Java/Assignment/src/Week5/CafeTest.java,CafeTest::getCommand,37,9,Default task
2021-10-02T13:52:19.185+09:00,HanSeunghun,Action,EditorEnter,Assignment,Editor,D:/University/Java/Assignment/src/Week5/CafeTest.java,CafeTest::getCommand,37,9,Default task
2021-10-02T13:52:19.187+09:00,HanSeunghun,KeyEvent,10:10:0,Assignment,Editor,D:/University/Java/Assignment/src/Week5/CafeTest.java,CafeTest::getCommand,38,8,Default task
2021-10-02T13:52:19.313+09:00,HanSeunghun,KeyEvent,99:67:0,Assignment,Editor,D:/University/Java/Assignment/src/Week5/CafeTest.java,CafeTest::getCommand,38,8,Default task
2021-10-02T13:52:19.401+09:00,HanSeunghun,KeyEvent,97:65:0,Assignment,Editor,D:/University/Java/Assignment/src/Week5/CafeTest.java,CafeTest::getCommand,38,9,Default task
2021-10-02T13:52:19.633+09:00,HanSeunghun,KeyEvent,116:84:0,Assignment,Editor,D:/University/Java/Assignment/src/Week5/CafeTest.java,CafeTest::getCommand,38,10,Default task
2021-10-02T13:52:19.969+09:00,HanSeunghun,Action,EditorChooseLookupItem,Assignment,Editor,D:/University/Java/Assignment/src/Week5/CafeTest.java,CafeTest::getCommand,38,11,Default task
2021-10-02T13:52:19.978+09:00,HanSeunghun,KeyEvent,10:10:0,Assignment,Editor,D:/University/Java/Assignment/src/Week5/CafeTest.java,CafeTest::getCommand,38,15,Default task
2021-10-02T13:52:20.742+09:00,HanSeunghun,KeyEvent,65535:20:0,Assignment,Editor,D:/University/Java/Assignment/src/Week5/CafeTest.java,CafeTest::getCommand,38,15,Default task
2021-10-02T13:52:20.841+09:00,HanSeunghun,KeyEvent,69:69:0,Assignment,Editor,D:/University/Java/Assignment/src/Week5/CafeTest.java,CafeTest::getCommand,38,15,Default task
2021-10-02T13:52:21.003+09:00,HanSeunghun,KeyEvent,65535:20:0,Assignment,Editor,D:/University/Java/Assignment/src/Week5/CafeTest.java,CafeTest::getCommand,38,16,Default task
2021-10-02T13:52:21.177+09:00,HanSeunghun,KeyEvent,120:88:0,Assignment,Editor,D:/University/Java/Assignment/src/Week5/CafeTest.java,CafeTest::getCommand,38,16,Default task
2021-10-02T13:52:21.705+09:00,HanSeunghun,KeyEvent,99:67:0,Assignment,Editor,D:/University/Java/Assignment/src/Week5/CafeTest.java,CafeTest::getCommand,38,17,Default task
2021-10-02T13:52:21.849+09:00,HanSeunghun,KeyEvent,101:69:0,Assignment,Editor,D:/University/Java/Assignment/src/Week5/CafeTest.java,CafeTest::getCommand,38,18,Default task
2021-10-02T13:52:22.179+09:00,HanSeunghun,Action,EditorChooseLookupItem,Assignment,Editor,D:/University/Java/Assignment/src/Week5/CafeTest.java,CafeTest::getCommand,38,19,Default task
2021-10-02T13:52:22.190+09:00,HanSeunghun,KeyEvent,10:10:0,Assignment,Editor,D:/University/Java/Assignment/src/Week5/CafeTest.java,CafeTest::getCommand,38,24,Default task
2021-10-02T13:52:22.459+09:00,HanSeunghun,KeyEvent,32:32:0,Assignment,Editor,D:/University/Java/Assignment/src/Week5/CafeTest.java,CafeTest::getCommand,38,24,Default task
2021-10-02T13:52:22.553+09:00,HanSeunghun,KeyEvent,101:69:0,Assignment,Editor,D:/University/Java/Assignment/src/Week5/CafeTest.java,CafeTest::getCommand,38,25,Default task
2021-10-02T13:52:22.794+09:00,HanSeunghun,Action,EditorEscape,Assignment,Editor,D:/University/Java/Assignment/src/Week5/CafeTest.java,CafeTest::getCommand,38,26,Default task
2021-10-02T13:52:22.796+09:00,HanSeunghun,KeyEvent,27:27:0,Assignment,Editor,D:/University/Java/Assignment/src/Week5/CafeTest.java,CafeTest::getCommand,38,26,Default task
2021-10-02T13:52:23.010+09:00,HanSeunghun,Action,EditorRight,Assignment,Editor,D:/University/Java/Assignment/src/Week5/CafeTest.java,CafeTest::getCommand,38,26,Default task
2021-10-02T13:52:23.010+09:00,HanSeunghun,KeyEvent,65535:39:0,Assignment,Editor,D:/University/Java/Assignment/src/Week5/CafeTest.java,CafeTest::getCommand,38,27,Default task
2021-10-02T13:52:23.242+09:00,HanSeunghun,Action,EditorEnter,Assignment,Editor,D:/University/Java/Assignment/src/Week5/CafeTest.java,CafeTest::getCommand,38,27,Default task
2021-10-02T13:52:23.245+09:00,HanSeunghun,KeyEvent,10:10:0,Assignment,Editor,D:/University/Java/Assignment/src/Week5/CafeTest.java,CafeTest::getCommand,39,12,Default task
2021-10-02T13:52:23.490+09:00,HanSeunghun,KeyEvent,65535:16:1,Assignment,Editor,D:/University/Java/Assignment/src/Week5/CafeTest.java,CafeTest::getCommand,39,12,Default task
2021-10-02T13:52:23.554+09:00,HanSeunghun,KeyEvent,123:91:1,Assignment,Editor,D:/University/Java/Assignment/src/Week5/CafeTest.java,CafeTest::getCommand,39,12,Default task
2021-10-02T13:52:23.858+09:00,HanSeunghun,Action,EditorEnter,Assignment,Editor,D:/University/Java/Assignment/src/Week5/CafeTest.java,CafeTest::getCommand,39,9,Default task
2021-10-02T13:52:23.863+09:00,HanSeunghun,KeyEvent,10:10:0,Assignment,Editor,D:/University/Java/Assignment/src/Week5/CafeTest.java,CafeTest::getCommand,40,12,Default task
2021-10-02T13:52:26.073+09:00,HanSeunghun,KeyEvent,65535:17:2,Assignment,Editor,D:/University/Java/Assignment/src/Week5/CafeTest.java,CafeTest::getCommand,42,0,Default task
2021-10-02T13:52:26.138+09:00,HanSeunghun,Action,EditorCut,Assignment,Editor,D:/University/Java/Assignment/src/Week5/CafeTest.java,CafeTest::getCommand,42,0,Default task
2021-10-02T13:52:26.154+09:00,HanSeunghun,KeyEvent,24:88:2,Assignment,Editor,D:/University/Java/Assignment/src/Week5/CafeTest.java,CafeTest::getCommand,42,0,Default task
2021-10-02T13:52:26.706+09:00,HanSeunghun,Action,EditorBackSpace,Assignment,Editor,D:/University/Java/Assignment/src/Week5/CafeTest.java,CafeTest::getCommand,42,0,Default task
2021-10-02T13:52:26.708+09:00,HanSeunghun,KeyEvent,8:8:0,Assignment,Editor,D:/University/Java/Assignment/src/Week5/CafeTest.java,CafeTest::getCommand,41,9,Default task
2021-10-02T13:52:26.970+09:00,HanSeunghun,Action,EditorUp,Assignment,Editor,D:/University/Java/Assignment/src/Week5/CafeTest.java,CafeTest::getCommand,41,9,Default task
2021-10-02T13:52:26.970+09:00,HanSeunghun,KeyEvent,65535:38:0,Assignment,Editor,D:/University/Java/Assignment/src/Week5/CafeTest.java,CafeTest::getCommand,40,9,Default task
2021-10-02T13:52:27.130+09:00,HanSeunghun,Action,EditorUp,Assignment,Editor,D:/University/Java/Assignment/src/Week5/CafeTest.java,CafeTest::getCommand,40,9,Default task
2021-10-02T13:52:27.130+09:00,HanSeunghun,KeyEvent,65535:38:0,Assignment,Editor,D:/University/Java/Assignment/src/Week5/CafeTest.java,CafeTest::getCommand,39,9,Default task
2021-10-02T13:52:27.290+09:00,HanSeunghun,Action,EditorUp,Assignment,Editor,D:/University/Java/Assignment/src/Week5/CafeTest.java,CafeTest::getCommand,39,9,Default task
2021-10-02T13:52:27.290+09:00,HanSeunghun,KeyEvent,65535:38:0,Assignment,Editor,D:/University/Java/Assignment/src/Week5/CafeTest.java,CafeTest::getCommand,38,9,Default task
2021-10-02T13:52:27.447+09:00,HanSeunghun,Action,EditorUp,Assignment,Editor,D:/University/Java/Assignment/src/Week5/CafeTest.java,CafeTest::getCommand,38,9,Default task
2021-10-02T13:52:27.449+09:00,HanSeunghun,KeyEvent,65535:38:0,Assignment,Editor,D:/University/Java/Assignment/src/Week5/CafeTest.java,CafeTest::getCommand,37,9,Default task
2021-10-02T13:52:27.633+09:00,HanSeunghun,Action,EditorUp,Assignment,Editor,D:/University/Java/Assignment/src/Week5/CafeTest.java,CafeTest::getCommand,37,9,Default task
2021-10-02T13:52:27.634+09:00,HanSeunghun,KeyEvent,65535:38:0,Assignment,Editor,D:/University/Java/Assignment/src/Week5/CafeTest.java,CafeTest::getCommand,36,9,Default task
2021-10-02T13:52:27.858+09:00,HanSeunghun,KeyEvent,65535:17:2,Assignment,Editor,D:/University/Java/Assignment/src/Week5/CafeTest.java,CafeTest::getCommand,36,9,Default task
2021-10-02T13:52:28.001+09:00,HanSeunghun,Action,EditorPaste,Assignment,Editor,D:/University/Java/Assignment/src/Week5/CafeTest.java,CafeTest::getCommand,36,9,Default task
2021-10-02T13:52:28.007+09:00,HanSeunghun,KeyEvent,22:86:2,Assignment,Editor,D:/University/Java/Assignment/src/Week5/CafeTest.java,CafeTest::getCommand,37,68,Default task
2021-10-02T13:52:29.370+09:00,HanSeunghun,KeyEvent,114:82:0,Assignment,Editor,D:/University/Java/Assignment/src/Week5/CafeTest.java,CafeTest::getCommand,41,12,Default task
2021-10-02T13:52:29.474+09:00,HanSeunghun,KeyEvent,101:69:0,Assignment,Editor,D:/University/Java/Assignment/src/Week5/CafeTest.java,CafeTest::getCommand,41,13,Default task
2021-10-02T13:52:29.697+09:00,HanSeunghun,KeyEvent,116:84:0,Assignment,Editor,D:/University/Java/Assignment/src/Week5/CafeTest.java,CafeTest::getCommand,41,14,Default task
2021-10-02T13:52:29.808+09:00,HanSeunghun,KeyEvent,117:85:0,Assignment,Editor,D:/University/Java/Assignment/src/Week5/CafeTest.java,CafeTest::getCommand,41,15,Default task
2021-10-02T13:52:29.913+09:00,HanSeunghun,KeyEvent,114:82:0,Assignment,Editor,D:/University/Java/Assignment/src/Week5/CafeTest.java,CafeTest::getCommand,41,16,Default task
2021-10-02T13:52:30.052+09:00,HanSeunghun,KeyEvent,110:78:0,Assignment,Editor,D:/University/Java/Assignment/src/Week5/CafeTest.java,CafeTest::getCommand,41,17,Default task
2021-10-02T13:52:30.154+09:00,HanSeunghun,KeyEvent,32:32:0,Assignment,Editor,D:/University/Java/Assignment/src/Week5/CafeTest.java,CafeTest::getCommand,41,18,Default task
2021-10-02T13:52:30.627+09:00,HanSeunghun,Action,EditorEscape,Assignment,Editor,D:/University/Java/Assignment/src/Week5/CafeTest.java,CafeTest::getCommand,41,19,Default task
2021-10-02T13:52:30.627+09:00,HanSeunghun,KeyEvent,27:27:0,Assignment,Editor,D:/University/Java/Assignment/src/Week5/CafeTest.java,CafeTest::getCommand,41,19,Default task
2021-10-02T13:52:31.794+09:00,HanSeunghun,KeyEvent,65535:17:2,Assignment,Editor,D:/University/Java/Assignment/src/Week5/CafeTest.java,CafeTest::getCommand,37,26,Default task
2021-10-02T13:52:31.866+09:00,HanSeunghun,Action,EditorCopy,Assignment,Editor,D:/University/Java/Assignment/src/Week5/CafeTest.java,CafeTest::getCommand,37,26,Default task
2021-10-02T13:52:31.867+09:00,HanSeunghun,KeyEvent,3:67:2,Assignment,Editor,D:/University/Java/Assignment/src/Week5/CafeTest.java,CafeTest::getCommand,37,26,Default task
2021-10-02T13:52:32.353+09:00,HanSeunghun,KeyEvent,65535:17:2,Assignment,Editor,D:/University/Java/Assignment/src/Week5/CafeTest.java,CafeTest::getCommand,41,19,Default task
2021-10-02T13:52:32.409+09:00,HanSeunghun,Action,EditorPaste,Assignment,Editor,D:/University/Java/Assignment/src/Week5/CafeTest.java,CafeTest::getCommand,41,19,Default task
2021-10-02T13:52:32.413+09:00,HanSeunghun,KeyEvent,22:86:2,Assignment,Editor,D:/University/Java/Assignment/src/Week5/CafeTest.java,CafeTest::getCommand,41,26,Default task
2021-10-02T13:52:32.827+09:00,HanSeunghun,KeyEvent,46:46:0,Assignment,Editor,D:/University/Java/Assignment/src/Week5/CafeTest.java,CafeTest::getCommand,41,26,Default task
2021-10-02T13:52:33.081+09:00,HanSeunghun,KeyEvent,105:73:0,Assignment,Editor,D:/University/Java/Assignment/src/Week5/CafeTest.java,CafeTest::getCommand,41,27,Default task
2021-10-02T13:52:33.649+09:00,HanSeunghun,KeyEvent,110:78:0,Assignment,Editor,D:/University/Java/Assignment/src/Week5/CafeTest.java,CafeTest::getCommand,41,28,Default task
2021-10-02T13:52:34.217+09:00,HanSeunghun,Action,EditorBackSpace,Assignment,Editor,D:/University/Java/Assignment/src/Week5/CafeTest.java,CafeTest::getCommand,41,29,Default task
2021-10-02T13:52:34.219+09:00,HanSeunghun,KeyEvent,8:8:0,Assignment,Editor,D:/University/Java/Assignment/src/Week5/CafeTest.java,CafeTest::getCommand,41,28,Default task
2021-10-02T13:52:34.387+09:00,HanSeunghun,Action,EditorBackSpace,Assignment,Editor,D:/University/Java/Assignment/src/Week5/CafeTest.java,CafeTest::getCommand,41,28,Default task
2021-10-02T13:52:34.388+09:00,HanSeunghun,KeyEvent,8:8:0,Assignment,Editor,D:/University/Java/Assignment/src/Week5/CafeTest.java,CafeTest::getCommand,41,27,Default task
2021-10-02T13:52:34.442+09:00,HanSeunghun,KeyEvent,65535:20:0,Assignment,Editor,D:/University/Java/Assignment/src/Week5/CafeTest.java,CafeTest::getCommand,41,27,Default task
2021-10-02T13:52:34.633+09:00,HanSeunghun,KeyEvent,73:73:0,Assignment,Editor,D:/University/Java/Assignment/src/Week5/CafeTest.java,CafeTest::getCommand,41,27,Default task
2021-10-02T13:52:35.017+09:00,HanSeunghun,KeyEvent,78:78:0,Assignment,Editor,D:/University/Java/Assignment/src/Week5/CafeTest.java,CafeTest::getCommand,41,28,Default task
2021-10-02T13:52:35.337+09:00,HanSeunghun,Action,EditorChooseLookupItem,Assignment,Editor,D:/University/Java/Assignment/src/Week5/CafeTest.java,CafeTest::getCommand,41,29,Default task
2021-10-02T13:52:35.345+09:00,HanSeunghun,KeyEvent,10:10:0,Assignment,Editor,D:/University/Java/Assignment/src/Week5/CafeTest.java,CafeTest::getCommand,41,34,Default task
2021-10-02T13:52:35.435+09:00,HanSeunghun,KeyEvent,65535:20:0,Assignment,Editor,D:/University/Java/Assignment/src/Week5/CafeTest.java,CafeTest::getCommand,41,34,Default task
2021-10-02T13:52:35.644+09:00,HanSeunghun,KeyEvent,59:59:0,Assignment,Editor,D:/University/Java/Assignment/src/Week5/CafeTest.java,CafeTest::getCommand,41,34,Default task
2021-10-02T13:52:35.986+09:00,HanSeunghun,Action,EditorDown,Assignment,Editor,D:/University/Java/Assignment/src/Week5/CafeTest.java,CafeTest::getCommand,41,35,Default task
2021-10-02T13:52:35.986+09:00,HanSeunghun,KeyEvent,65535:40:0,Assignment,Editor,D:/University/Java/Assignment/src/Week5/CafeTest.java,CafeTest::getCommand,42,9,Default task
2021-10-02T13:52:36.170+09:00,HanSeunghun,Action,EditorDown,Assignment,Editor,D:/University/Java/Assignment/src/Week5/CafeTest.java,CafeTest::getCommand,42,9,Default task
2021-10-02T13:52:36.170+09:00,HanSeunghun,KeyEvent,65535:40:0,Assignment,Editor,D:/University/Java/Assignment/src/Week5/CafeTest.java,,43,5,Default task
2021-10-02T13:52:36.330+09:00,HanSeunghun,Action,EditorDown,Assignment,Editor,D:/University/Java/Assignment/src/Week5/CafeTest.java,,43,5,Default task
2021-10-02T13:52:36.330+09:00,HanSeunghun,KeyEvent,65535:40:0,Assignment,Editor,D:/University/Java/Assignment/src/Week5/CafeTest.java,,44,1,Default task
2021-10-02T13:52:36.489+09:00,HanSeunghun,Action,EditorDown,Assignment,Editor,D:/University/Java/Assignment/src/Week5/CafeTest.java,,44,1,Default task
2021-10-02T13:52:36.490+09:00,HanSeunghun,KeyEvent,65535:40:0,Assignment,Editor,D:/University/Java/Assignment/src/Week5/CafeTest.java,,44,1,Default task
2021-10-02T13:52:37.065+09:00,HanSeunghun,KeyEvent,65535:17:2,Assignment,Editor,D:/University/Java/Assignment/src/Week5/CafeTest.java,,44,1,Default task
2021-10-02T13:52:37.209+09:00,HanSeunghun,Action,SaveAll,Assignment,Editor,D:/University/Java/Assignment/src/Week5/CafeTest.java,,44,1,Default task
2021-10-02T13:52:37.220+09:00,HanSeunghun,KeyEvent,19:83:2,Assignment,Editor,D:/University/Java/Assignment/src/Week5/CafeTest.java,CafeTest::getCommand,44,1,Default task
2021-10-02T13:52:39.537+09:00,HanSeunghun,KeyEvent,65535:17:2,Assignment,Editor,D:/University/Java/Assignment/src/Week5/CafeTest.java,CafeTest::getCommand,32,37,Default task
2021-10-02T13:52:39.633+09:00,HanSeunghun,Action,EditorCopy,Assignment,Editor,D:/University/Java/Assignment/src/Week5/CafeTest.java,CafeTest::getCommand,32,37,Default task
2021-10-02T13:52:39.635+09:00,HanSeunghun,KeyEvent,3:67:2,Assignment,Editor,D:/University/Java/Assignment/src/Week5/CafeTest.java,CafeTest::getCommand,32,37,Default task
2021-10-02T13:52:40.090+09:00,HanSeunghun,KeyEvent,65535:17:2,Assignment,Editor,D:/University/Java/Assignment/src/Week5/CafeTest.java,CafeTest::main,26,31,Default task
2021-10-02T13:52:40.178+09:00,HanSeunghun,Action,EditorPaste,Assignment,Editor,D:/University/Java/Assignment/src/Week5/CafeTest.java,CafeTest::main,26,31,Default task
2021-10-02T13:52:40.188+09:00,HanSeunghun,KeyEvent,22:86:2,Assignment,Editor,D:/University/Java/Assignment/src/Week5/CafeTest.java,CafeTest::main,26,41,Default task
2021-10-02T13:52:40.977+09:00,HanSeunghun,KeyEvent,65535:17:2,Assignment,Editor,D:/University/Java/Assignment/src/Week5/CafeTest.java,CafeTest::main,26,41,Default task
2021-10-02T13:52:41.098+09:00,HanSeunghun,Action,EditorPreviousWord,Assignment,Editor,D:/University/Java/Assignment/src/Week5/CafeTest.java,CafeTest::main,26,41,Default task
2021-10-02T13:52:41.101+09:00,HanSeunghun,KeyEvent,65535:37:2,Assignment,Editor,D:/University/Java/Assignment/src/Week5/CafeTest.java,CafeTest::main,26,31,Default task
2021-10-02T13:52:41.457+09:00,HanSeunghun,KeyEvent,32:32:0,Assignment,Editor,D:/University/Java/Assignment/src/Week5/CafeTest.java,CafeTest::main,26,31,Default task
2021-10-02T13:52:41.857+09:00,HanSeunghun,Action,EditorLineEnd,Assignment,Editor,D:/University/Java/Assignment/src/Week5/CafeTest.java,CafeTest::main,26,32,Default task
2021-10-02T13:52:41.858+09:00,HanSeunghun,KeyEvent,65535:35:0,Assignment,Editor,D:/University/Java/Assignment/src/Week5/CafeTest.java,CafeTest::main,26,42,Default task
2021-10-02T13:52:42.233+09:00,HanSeunghun,KeyEvent,65535:16:1,Assignment,Editor,D:/University/Java/Assignment/src/Week5/CafeTest.java,CafeTest::main,26,42,Default task
2021-10-02T13:52:42.433+09:00,HanSeunghun,KeyEvent,40:57:1,Assignment,Editor,D:/University/Java/Assignment/src/Week5/CafeTest.java,CafeTest::main,26,42,Default task
2021-10-02T13:52:42.809+09:00,HanSeunghun,KeyEvent,115:83:0,Assignment,Editor,D:/University/Java/Assignment/src/Week5/CafeTest.java,CafeTest::main,26,43,Default task
2021-10-02T13:52:43.372+09:00,HanSeunghun,Action,EditorChooseLookupItem,Assignment,Editor,D:/University/Java/Assignment/src/Week5/CafeTest.java,CafeTest::main,26,44,Default task
2021-10-02T13:52:43.379+09:00,HanSeunghun,KeyEvent,10:10:0,Assignment,Editor,D:/University/Java/Assignment/src/Week5/CafeTest.java,CafeTest::main,26,50,Default task
2021-10-02T13:52:43.610+09:00,HanSeunghun,Action,EditorLineEnd,Assignment,Editor,D:/University/Java/Assignment/src/Week5/CafeTest.java,CafeTest::main,26,50,Default task
2021-10-02T13:52:43.611+09:00,HanSeunghun,KeyEvent,65535:35:0,Assignment,Editor,D:/University/Java/Assignment/src/Week5/CafeTest.java,CafeTest::main,26,51,Default task
2021-10-02T13:52:44.217+09:00,HanSeunghun,KeyEvent,59:59:0,Assignment,Editor,D:/University/Java/Assignment/src/Week5/CafeTest.java,CafeTest::main,26,51,Default task
2021-10-02T13:52:45.265+09:00,HanSeunghun,Action,EditorEnter,Assignment,Editor,D:/University/Java/Assignment/src/Week5/CafeTest.java,CafeTest::main,26,52,Default task
2021-10-02T13:52:45.267+09:00,HanSeunghun,KeyEvent,10:10:0,Assignment,Editor,D:/University/Java/Assignment/src/Week5/CafeTest.java,CafeTest::main,27,12,Default task
2021-10-02T13:52:48.273+09:00,HanSeunghun,KeyEvent,119:87:0,Assignment,Editor,D:/University/Java/Assignment/src/Week5/CafeTest.java,CafeTest::main,27,12,Default task
2021-10-02T13:52:49.154+09:00,HanSeunghun,Action,EditorBackSpace,Assignment,Editor,D:/University/Java/Assignment/src/Week5/CafeTest.java,CafeTest::main,27,13,Default task
2021-10-02T13:52:49.160+09:00,HanSeunghun,KeyEvent,8:8:0,Assignment,Editor,D:/University/Java/Assignment/src/Week5/CafeTest.java,CafeTest::main,27,12,Default task
2021-10-02T13:52:49.281+09:00,HanSeunghun,KeyEvent,115:83:0,Assignment,Editor,D:/University/Java/Assignment/src/Week5/CafeTest.java,CafeTest::main,27,12,Default task
2021-10-02T13:52:49.481+09:00,HanSeunghun,KeyEvent,119:87:0,Assignment,Editor,D:/University/Java/Assignment/src/Week5/CafeTest.java,CafeTest::main,27,13,Default task
2021-10-02T13:52:49.987+09:00,HanSeunghun,Action,EditorChooseLookupItem,Assignment,Editor,D:/University/Java/Assignment/src/Week5/CafeTest.java,CafeTest::main,27,14,Default task
2021-10-02T13:52:49.993+09:00,HanSeunghun,KeyEvent,10:10:0,Assignment,Editor,D:/University/Java/Assignment/src/Week5/CafeTest.java,CafeTest::main,27,20,Default task
2021-10-02T13:52:51.273+09:00,HanSeunghun,KeyEvent,99:67:0,Assignment,Editor,D:/University/Java/Assignment/src/Week5/CafeTest.java,CafeTest::main,27,20,Default task
2021-10-02T13:52:51.770+09:00,HanSeunghun,Action,EditorChooseLookupItem,Assignment,Editor,D:/University/Java/Assignment/src/Week5/CafeTest.java,CafeTest::main,27,21,Default task
2021-10-02T13:52:51.777+09:00,HanSeunghun,KeyEvent,10:10:0,Assignment,Editor,D:/University/Java/Assignment/src/Week5/CafeTest.java,CafeTest::main,27,23,Default task
2021-10-02T13:52:51.857+09:00,HanSeunghun,KeyEvent,32:32:0,Assignment,Editor,D:/University/Java/Assignment/src/Week5/CafeTest.java,CafeTest::main,27,23,Default task
2021-10-02T13:52:52.042+09:00,HanSeunghun,KeyEvent,61:61:0,Assignment,Editor,D:/University/Java/Assignment/src/Week5/CafeTest.java,CafeTest::main,27,24,Default task
2021-10-02T13:52:52.194+09:00,HanSeunghun,KeyEvent,61:61:0,Assignment,Editor,D:/University/Java/Assignment/src/Week5/CafeTest.java,CafeTest::main,27,25,Default task
2021-10-02T13:52:52.266+09:00,HanSeunghun,KeyEvent,32:32:0,Assignment,Editor,D:/University/Java/Assignment/src/Week5/CafeTest.java,CafeTest::main,27,26,Default task
2021-10-02T13:52:52.609+09:00,HanSeunghun,Action,EditorBackSpace,Assignment,Editor,D:/University/Java/Assignment/src/Week5/CafeTest.java,CafeTest::main,27,27,Default task
2021-10-02T13:52:52.610+09:00,HanSeunghun,KeyEvent,8:8:0,Assignment,Editor,D:/University/Java/Assignment/src/Week5/CafeTest.java,CafeTest::main,27,26,Default task
2021-10-02T13:52:52.754+09:00,HanSeunghun,Action,EditorBackSpace,Assignment,Editor,D:/University/Java/Assignment/src/Week5/CafeTest.java,CafeTest::main,27,26,Default task
2021-10-02T13:52:52.755+09:00,HanSeunghun,KeyEvent,8:8:0,Assignment,Editor,D:/University/Java/Assignment/src/Week5/CafeTest.java,CafeTest::main,27,25,Default task
2021-10-02T13:52:52.930+09:00,HanSeunghun,Action,EditorBackSpace,Assignment,Editor,D:/University/Java/Assignment/src/Week5/CafeTest.java,CafeTest::main,27,25,Default task
2021-10-02T13:52:52.931+09:00,HanSeunghun,KeyEvent,8:8:0,Assignment,Editor,D:/University/Java/Assignment/src/Week5/CafeTest.java,CafeTest::main,27,24,Default task
2021-10-02T13:52:53.092+09:00,HanSeunghun,Action,EditorBackSpace,Assignment,Editor,D:/University/Java/Assignment/src/Week5/CafeTest.java,CafeTest::main,27,24,Default task
2021-10-02T13:52:53.093+09:00,HanSeunghun,KeyEvent,8:8:0,Assignment,Editor,D:/University/Java/Assignment/src/Week5/CafeTest.java,CafeTest::main,27,23,Default task
2021-10-02T13:52:53.337+09:00,HanSeunghun,Action,EditorRight,Assignment,Editor,D:/University/Java/Assignment/src/Week5/CafeTest.java,CafeTest::main,27,23,Default task
2021-10-02T13:52:53.338+09:00,HanSeunghun,KeyEvent,65535:39:0,Assignment,Editor,D:/University/Java/Assignment/src/Week5/CafeTest.java,CafeTest::main,27,24,Default task
2021-10-02T13:52:53.531+09:00,HanSeunghun,Action,EditorEnter,Assignment,Editor,D:/University/Java/Assignment/src/Week5/CafeTest.java,CafeTest::main,27,24,Default task
2021-10-02T13:52:53.534+09:00,HanSeunghun,KeyEvent,10:10:0,Assignment,Editor,D:/University/Java/Assignment/src/Week5/CafeTest.java,CafeTest::main,28,16,Default task
2021-10-02T13:52:53.756+09:00,HanSeunghun,KeyEvent,65535:16:1,Assignment,Editor,D:/University/Java/Assignment/src/Week5/CafeTest.java,CafeTest::main,28,16,Default task
2021-10-02T13:52:54.241+09:00,HanSeunghun,KeyEvent,65535:16:1,Assignment,Editor,D:/University/Java/Assignment/src/Week5/CafeTest.java,CafeTest::main,28,16,Default task
2021-10-02T13:52:54.321+09:00,HanSeunghun,KeyEvent,123:91:1,Assignment,Editor,D:/University/Java/Assignment/src/Week5/CafeTest.java,CafeTest::main,28,16,Default task
2021-10-02T13:52:54.538+09:00,HanSeunghun,Action,EditorEnter,Assignment,Editor,D:/University/Java/Assignment/src/Week5/CafeTest.java,CafeTest::main,28,13,Default task
2021-10-02T13:52:54.544+09:00,HanSeunghun,KeyEvent,10:10:0,Assignment,Editor,D:/University/Java/Assignment/src/Week5/CafeTest.java,CafeTest::main,29,16,Default task
2021-10-02T13:52:54.913+09:00,HanSeunghun,KeyEvent,99:67:0,Assignment,Editor,D:/University/Java/Assignment/src/Week5/CafeTest.java,CafeTest::main,29,16,Default task
2021-10-02T13:52:56.698+09:00,HanSeunghun,Action,EditorDown,Assignment,Editor,D:/University/Java/Assignment/src/Week5/CafeTest.java,CafeTest::main,29,17,Default task
2021-10-02T13:52:56.699+09:00,HanSeunghun,KeyEvent,65535:40:0,Assignment,Editor,D:/University/Java/Assignment/src/Week5/CafeTest.java,CafeTest::main,29,17,Default task
2021-10-02T13:52:56.882+09:00,HanSeunghun,Action,EditorDown,Assignment,Editor,D:/University/Java/Assignment/src/Week5/CafeTest.java,CafeTest::main,29,17,Default task
2021-10-02T13:52:56.883+09:00,HanSeunghun,KeyEvent,65535:40:0,Assignment,Editor,D:/University/Java/Assignment/src/Week5/CafeTest.java,CafeTest::main,29,17,Default task
2021-10-02T13:52:58.226+09:00,HanSeunghun,Action,EditorUp,Assignment,Editor,D:/University/Java/Assignment/src/Week5/CafeTest.java,CafeTest::main,29,17,Default task
2021-10-02T13:52:58.227+09:00,HanSeunghun,KeyEvent,65535:38:0,Assignment,Editor,D:/University/Java/Assignment/src/Week5/CafeTest.java,CafeTest::main,29,17,Default task
2021-10-02T13:52:58.553+09:00,HanSeunghun,Action,EditorChooseLookupItem,Assignment,Editor,D:/University/Java/Assignment/src/Week5/CafeTest.java,CafeTest::main,29,17,Default task
2021-10-02T13:52:58.561+09:00,HanSeunghun,KeyEvent,10:10:0,Assignment,Editor,D:/University/Java/Assignment/src/Week5/CafeTest.java,CafeTest::main,29,26,Default task
2021-10-02T13:53:01.418+09:00,HanSeunghun,Action,EditorEnter,Assignment,Editor,D:/University/Java/Assignment/src/Week5/CafeTest.java,CafeTest::main,29,26,Default task
2021-10-02T13:53:01.420+09:00,HanSeunghun,KeyEvent,10:10:0,Assignment,Editor,D:/University/Java/Assignment/src/Week5/CafeTest.java,CafeTest::main,30,20,Default task
2021-10-02T13:53:03.585+09:00,HanSeunghun,KeyEvent,65535:20:0,Assignment,Editor,D:/University/Java/Assignment/src/Week5/CafeTest.java,CafeTest::main,30,20,Default task
2021-10-02T13:53:03.705+09:00,HanSeunghun,KeyEvent,83:83:0,Assignment,Editor,D:/University/Java/Assignment/src/Week5/CafeTest.java,CafeTest::main,30,20,Default task
2021-10-02T13:53:03.870+09:00,HanSeunghun,KeyEvent,65535:20:0,Assignment,Editor,D:/University/Java/Assignment/src/Week5/CafeTest.java,CafeTest::main,30,21,Default task
2021-10-02T13:53:04.697+09:00,HanSeunghun,KeyEvent,121:89:0,Assignment,Editor,D:/University/Java/Assignment/src/Week5/CafeTest.java,CafeTest::main,30,21,Default task
2021-10-02T13:53:05.186+09:00,HanSeunghun,Action,EditorChooseLookupItem,Assignment,Editor,D:/University/Java/Assignment/src/Week5/CafeTest.java,CafeTest::main,30,22,Default task
2021-10-02T13:53:05.199+09:00,HanSeunghun,KeyEvent,10:10:0,Assignment,Editor,D:/University/Java/Assignment/src/Week5/CafeTest.java,CafeTest::main,30,26,Default task
2021-10-02T13:53:05.418+09:00,HanSeunghun,KeyEvent,46:46:0,Assignment,Editor,D:/University/Java/Assignment/src/Week5/CafeTest.java,CafeTest::main,30,26,Default task
2021-10-02T13:53:06.810+09:00,HanSeunghun,Action,EditorChooseLookupItem,Assignment,Editor,D:/University/Java/Assignment/src/Week5/CafeTest.java,CafeTest::main,30,27,Default task
2021-10-02T13:53:06.819+09:00,HanSeunghun,KeyEvent,10:10:0,Assignment,Editor,D:/University/Java/Assignment/src/Week5/CafeTest.java,CafeTest::main,30,30,Default task
2021-10-02T13:53:07.089+09:00,HanSeunghun,KeyEvent,46:46:0,Assignment,Editor,D:/University/Java/Assignment/src/Week5/CafeTest.java,CafeTest::main,30,30,Default task
2021-10-02T13:53:07.313+09:00,HanSeunghun,KeyEvent,112:80:0,Assignment,Editor,D:/University/Java/Assignment/src/Week5/CafeTest.java,CafeTest::main,30,31,Default task
2021-10-02T13:53:07.433+09:00,HanSeunghun,KeyEvent,114:82:0,Assignment,Editor,D:/University/Java/Assignment/src/Week5/CafeTest.java,CafeTest::main,30,32,Default task
2021-10-02T13:53:07.817+09:00,HanSeunghun,Action,EditorChooseLookupItem,Assignment,Editor,D:/University/Java/Assignment/src/Week5/CafeTest.java,CafeTest::main,30,33,Default task
2021-10-02T13:53:07.826+09:00,HanSeunghun,KeyEvent,10:10:0,Assignment,Editor,D:/University/Java/Assignment/src/Week5/CafeTest.java,CafeTest::main,30,39,Default task
2021-10-02T13:53:08.090+09:00,HanSeunghun,KeyEvent,65535:16:1,Assignment,Editor,D:/University/Java/Assignment/src/Week5/CafeTest.java,CafeTest::main,30,39,Default task
2021-10-02T13:53:08.217+09:00,HanSeunghun,KeyEvent,34:222:1,Assignment,Editor,D:/University/Java/Assignment/src/Week5/CafeTest.java,CafeTest::main,30,39,Default task
2021-10-02T13:53:08.665+09:00,HanSeunghun,KeyEvent,65535:20:0,Assignment,Editor,D:/University/Java/Assignment/src/Week5/CafeTest.java,CafeTest::main,30,40,Default task
2021-10-02T13:53:08.921+09:00,HanSeunghun,KeyEvent,66:66:0,Assignment,Editor,D:/University/Java/Assignment/src/Week5/CafeTest.java,CafeTest::main,30,40,Default task
2021-10-02T13:53:09.193+09:00,HanSeunghun,KeyEvent,89:89:0,Assignment,Editor,D:/University/Java/Assignment/src/Week5/CafeTest.java,CafeTest::main,30,41,Default task
2021-10-02T13:53:09.569+09:00,HanSeunghun,Action,EditorBackSpace,Assignment,Editor,D:/University/Java/Assignment/src/Week5/CafeTest.java,CafeTest::main,30,42,Default task
2021-10-02T13:53:09.570+09:00,HanSeunghun,KeyEvent,8:8:0,Assignment,Editor,D:/University/Java/Assignment/src/Week5/CafeTest.java,CafeTest::main,30,41,Default task
2021-10-02T13:53:09.665+09:00,HanSeunghun,KeyEvent,65535:20:0,Assignment,Editor,D:/University/Java/Assignment/src/Week5/CafeTest.java,CafeTest::main,30,41,Default task
2021-10-02T13:53:09.817+09:00,HanSeunghun,KeyEvent,121:89:0,Assignment,Editor,D:/University/Java/Assignment/src/Week5/CafeTest.java,CafeTest::main,30,41,Default task
2021-10-02T13:53:09.929+09:00,HanSeunghun,KeyEvent,116:84:0,Assignment,Editor,D:/University/Java/Assignment/src/Week5/CafeTest.java,CafeTest::main,30,42,Default task
2021-10-02T13:53:10.338+09:00,HanSeunghun,Action,EditorBackSpace,Assignment,Editor,D:/University/Java/Assignment/src/Week5/CafeTest.java,CafeTest::main,30,43,Default task
2021-10-02T13:53:10.339+09:00,HanSeunghun,KeyEvent,8:8:0,Assignment,Editor,D:/University/Java/Assignment/src/Week5/CafeTest.java,CafeTest::main,30,42,Default task
2021-10-02T13:53:10.433+09:00,HanSeunghun,KeyEvent,101:69:0,Assignment,Editor,D:/University/Java/Assignment/src/Week5/CafeTest.java,CafeTest::main,30,42,Default task
2021-10-02T13:53:10.674+09:00,HanSeunghun,Action,EditorRight,Assignment,Editor,D:/University/Java/Assignment/src/Week5/CafeTest.java,CafeTest::main,30,43,Default task
2021-10-02T13:53:10.675+09:00,HanSeunghun,KeyEvent,65535:39:0,Assignment,Editor,D:/University/Java/Assignment/src/Week5/CafeTest.java,CafeTest::main,30,44,Default task
2021-10-02T13:53:10.842+09:00,HanSeunghun,Action,EditorRight,Assignment,Editor,D:/University/Java/Assignment/src/Week5/CafeTest.java,CafeTest::main,30,44,Default task
2021-10-02T13:53:10.843+09:00,HanSeunghun,KeyEvent,65535:39:0,Assignment,Editor,D:/University/Java/Assignment/src/Week5/CafeTest.java,CafeTest::main,30,45,Default task
2021-10-02T13:53:11.010+09:00,HanSeunghun,Action,EditorRight,Assignment,Editor,D:/University/Java/Assignment/src/Week5/CafeTest.java,CafeTest::main,30,45,Default task
2021-10-02T13:53:11.010+09:00,HanSeunghun,KeyEvent,65535:39:0,Assignment,Editor,D:/University/Java/Assignment/src/Week5/CafeTest.java,CafeTest::main,30,46,Default task
2021-10-02T13:53:12.027+09:00,HanSeunghun,Action,EditorEnter,Assignment,Editor,D:/University/Java/Assignment/src/Week5/CafeTest.java,CafeTest::main,30,46,Default task
2021-10-02T13:53:12.028+09:00,HanSeunghun,KeyEvent,10:10:0,Assignment,Editor,D:/University/Java/Assignment/src/Week5/CafeTest.java,CafeTest::main,31,20,Default task
2021-10-02T13:53:12.410+09:00,HanSeunghun,KeyEvent,114:82:0,Assignment,Editor,D:/University/Java/Assignment/src/Week5/CafeTest.java,CafeTest::main,31,20,Default task
2021-10-02T13:53:12.465+09:00,HanSeunghun,KeyEvent,101:69:0,Assignment,Editor,D:/University/Java/Assignment/src/Week5/CafeTest.java,CafeTest::main,31,21,Default task
2021-10-02T13:53:12.585+09:00,HanSeunghun,KeyEvent,116:84:0,Assignment,Editor,D:/University/Java/Assignment/src/Week5/CafeTest.java,CafeTest::main,31,22,Default task
2021-10-02T13:53:12.713+09:00,HanSeunghun,KeyEvent,121:89:0,Assignment,Editor,D:/University/Java/Assignment/src/Week5/CafeTest.java,CafeTest::main,31,23,Default task
2021-10-02T13:53:12.720+09:00,HanSeunghun,KeyEvent,117:85:0,Assignment,Editor,D:/University/Java/Assignment/src/Week5/CafeTest.java,CafeTest::main,31,24,Default task
2021-10-02T13:53:13.129+09:00,HanSeunghun,Action,EditorBackSpace,Assignment,Editor,D:/University/Java/Assignment/src/Week5/CafeTest.java,CafeTest::main,31,25,Default task
2021-10-02T13:53:13.130+09:00,HanSeunghun,KeyEvent,8:8:0,Assignment,Editor,D:/University/Java/Assignment/src/Week5/CafeTest.java,CafeTest::main,31,24,Default task
2021-10-02T13:53:13.275+09:00,HanSeunghun,Action,EditorBackSpace,Assignment,Editor,D:/University/Java/Assignment/src/Week5/CafeTest.java,CafeTest::main,31,24,Default task
2021-10-02T13:53:13.276+09:00,HanSeunghun,KeyEvent,8:8:0,Assignment,Editor,D:/University/Java/Assignment/src/Week5/CafeTest.java,CafeTest::main,31,23,Default task
2021-10-02T13:53:13.481+09:00,HanSeunghun,KeyEvent,117:85:0,Assignment,Editor,D:/University/Java/Assignment/src/Week5/CafeTest.java,CafeTest::main,31,23,Default task
2021-10-02T13:53:13.609+09:00,HanSeunghun,KeyEvent,114:82:0,Assignment,Editor,D:/University/Java/Assignment/src/Week5/CafeTest.java,CafeTest::main,31,24,Default task
2021-10-02T13:53:13.752+09:00,HanSeunghun,KeyEvent,110:78:0,Assignment,Editor,D:/University/Java/Assignment/src/Week5/CafeTest.java,CafeTest::main,31,25,Default task
2021-10-02T13:53:14.049+09:00,HanSeunghun,KeyEvent,59:59:0,Assignment,Editor,D:/University/Java/Assignment/src/Week5/CafeTest.java,CafeTest::main,31,26,Default task
2021-10-02T13:53:17.754+09:00,HanSeunghun,KeyEvent,65535:16:1,Assignment,Editor,D:/University/Java/Assignment/src/Week5/CafeTest.java,CafeTest::main,30,20,Default task
2021-10-02T13:53:17.897+09:00,HanSeunghun,Action,EditorUnindentSelection,Assignment,Editor,D:/University/Java/Assignment/src/Week5/CafeTest.java,CafeTest::main,30,20,Default task
2021-10-02T13:53:17.897+09:00,HanSeunghun,KeyEvent,9:9:1,Assignment,Editor,D:/University/Java/Assignment/src/Week5/CafeTest.java,CafeTest::main,30,16,Default task
2021-10-02T13:53:18.642+09:00,HanSeunghun,KeyEvent,65535:16:1,Assignment,Editor,D:/University/Java/Assignment/src/Week5/CafeTest.java,CafeTest::main,31,20,Default task
2021-10-02T13:53:18.908+09:00,HanSeunghun,Action,EditorUnindentSelection,Assignment,Editor,D:/University/Java/Assignment/src/Week5/CafeTest.java,CafeTest::main,31,20,Default task
2021-10-02T13:53:18.909+09:00,HanSeunghun,KeyEvent,9:9:1,Assignment,Editor,D:/University/Java/Assignment/src/Week5/CafeTest.java,CafeTest::main,31,16,Default task
2021-10-02T13:53:25.170+09:00,HanSeunghun,Action,EditorEnter,Assignment,Editor,D:/University/Java/Assignment/src/Week5/CafeTest.java,CafeTest::main,26,52,Default task
2021-10-02T13:53:25.172+09:00,HanSeunghun,KeyEvent,10:10:0,Assignment,Editor,D:/University/Java/Assignment/src/Week5/CafeTest.java,CafeTest::main,27,12,Default task
2021-10-02T13:53:25.426+09:00,HanSeunghun,KeyEvent,105:73:0,Assignment,Editor,D:/University/Java/Assignment/src/Week5/CafeTest.java,CafeTest::main,27,12,Default task
2021-10-02T13:53:25.528+09:00,HanSeunghun,KeyEvent,102:70:0,Assignment,Editor,D:/University/Java/Assignment/src/Week5/CafeTest.java,CafeTest::main,27,13,Default task
2021-10-02T13:53:25.625+09:00,HanSeunghun,KeyEvent,32:32:0,Assignment,Editor,D:/University/Java/Assignment/src/Week5/CafeTest.java,CafeTest::main,27,14,Default task
2021-10-02T13:53:25.713+09:00,HanSeunghun,KeyEvent,65535:16:1,Assignment,Editor,D:/University/Java/Assignment/src/Week5/CafeTest.java,CafeTest::main,27,15,Default task
2021-10-02T13:53:25.913+09:00,HanSeunghun,KeyEvent,40:57:1,Assignment,Editor,D:/University/Java/Assignment/src/Week5/CafeTest.java,CafeTest::main,27,15,Default task
2021-10-02T13:53:26.945+09:00,HanSeunghun,KeyEvent,99:67:0,Assignment,Editor,D:/University/Java/Assignment/src/Week5/CafeTest.java,CafeTest::main,27,16,Default task
2021-10-02T13:53:27.070+09:00,HanSeunghun,KeyEvent,109:77:0,Assignment,Editor,D:/University/Java/Assignment/src/Week5/CafeTest.java,CafeTest::main,27,17,Default task
2021-10-02T13:53:27.450+09:00,HanSeunghun,Action,EditorChooseLookupItem,Assignment,Editor,D:/University/Java/Assignment/src/Week5/CafeTest.java,CafeTest::main,27,18,Default task
2021-10-02T13:53:27.455+09:00,HanSeunghun,KeyEvent,10:10:0,Assignment,Editor,D:/University/Java/Assignment/src/Week5/CafeTest.java,CafeTest::main,27,19,Default task
2021-10-02T13:53:27.558+09:00,HanSeunghun,KeyEvent,32:32:0,Assignment,Editor,D:/University/Java/Assignment/src/Week5/CafeTest.java,CafeTest::main,27,19,Default task
2021-10-02T13:53:27.681+09:00,HanSeunghun,KeyEvent,61:61:0,Assignment,Editor,D:/University/Java/Assignment/src/Week5/CafeTest.java,CafeTest::main,27,20,Default task
2021-10-02T13:53:27.841+09:00,HanSeunghun,KeyEvent,61:61:0,Assignment,Editor,D:/University/Java/Assignment/src/Week5/CafeTest.java,CafeTest::main,27,21,Default task
2021-10-02T13:53:27.921+09:00,HanSeunghun,KeyEvent,32:32:0,Assignment,Editor,D:/University/Java/Assignment/src/Week5/CafeTest.java,CafeTest::main,27,22,Default task
2021-10-02T13:53:28.978+09:00,HanSeunghun,KeyEvent,65535:20:0,Assignment,Editor,D:/University/Java/Assignment/src/Week5/CafeTest.java,CafeTest::main,27,23,Default task
2021-10-02T13:53:29.145+09:00,HanSeunghun,KeyEvent,81:81:0,Assignment,Editor,D:/University/Java/Assignment/src/Week5/CafeTest.java,CafeTest::main,27,23,Default task
2021-10-02T13:53:30.049+09:00,HanSeunghun,Action,EditorChooseLookupItem,Assignment,Editor,D:/University/Java/Assignment/src/Week5/CafeTest.java,CafeTest::main,27,24,Default task
2021-10-02T13:53:30.061+09:00,HanSeunghun,KeyEvent,10:10:0,Assignment,Editor,D:/University/Java/Assignment/src/Week5/CafeTest.java,CafeTest::main,27,35,Default task
2021-10-02T13:53:30.401+09:00,HanSeunghun,Action,EditorRight,Assignment,Editor,D:/University/Java/Assignment/src/Week5/CafeTest.java,CafeTest::main,27,35,Default task
2021-10-02T13:53:30.402+09:00,HanSeunghun,KeyEvent,65535:39:0,Assignment,Editor,D:/University/Java/Assignment/src/Week5/CafeTest.java,CafeTest::main,27,36,Default task
2021-10-02T13:53:30.665+09:00,HanSeunghun,Action,EditorEnter,Assignment,Editor,D:/University/Java/Assignment/src/Week5/CafeTest.java,CafeTest::main,27,36,Default task
2021-10-02T13:53:30.667+09:00,HanSeunghun,KeyEvent,10:10:0,Assignment,Editor,D:/University/Java/Assignment/src/Week5/CafeTest.java,CafeTest::main,28,16,Default task
2021-10-02T13:53:30.977+09:00,HanSeunghun,KeyEvent,65535:20:0,Assignment,Editor,D:/University/Java/Assignment/src/Week5/CafeTest.java,CafeTest::main,28,16,Default task
2021-10-02T13:53:31.211+09:00,HanSeunghun,KeyEvent,65535:16:1,Assignment,Editor,D:/University/Java/Assignment/src/Week5/CafeTest.java,CafeTest::main,28,16,Default task
2021-10-02T13:53:31.305+09:00,HanSeunghun,KeyEvent,123:91:1,Assignment,Editor,D:/University/Java/Assignment/src/Week5/CafeTest.java,CafeTest::main,28,16,Default task
2021-10-02T13:53:31.554+09:00,HanSeunghun,Action,EditorEnter,Assignment,Editor,D:/University/Java/Assignment/src/Week5/CafeTest.java,CafeTest::main,28,13,Default task
2021-10-02T13:53:31.559+09:00,HanSeunghun,KeyEvent,10:10:0,Assignment,Editor,D:/University/Java/Assignment/src/Week5/CafeTest.java,CafeTest::main,29,16,Default task
2021-10-02T13:53:34.649+09:00,HanSeunghun,KeyEvent,65535:17:2,Assignment,Editor,D:/University/Java/Assignment/src/Week5/CafeTest.java,CafeTest::main,34,0,Default task
2021-10-02T13:53:34.697+09:00,HanSeunghun,Action,EditorCut,Assignment,Editor,D:/University/Java/Assignment/src/Week5/CafeTest.java,CafeTest::main,34,0,Default task
2021-10-02T13:53:34.711+09:00,HanSeunghun,KeyEvent,24:88:2,Assignment,Editor,D:/University/Java/Assignment/src/Week5/CafeTest.java,CafeTest::main,34,0,Default task
2021-10-02T13:53:35.042+09:00,HanSeunghun,KeyEvent,65535:17:2,Assignment,Editor,D:/University/Java/Assignment/src/Week5/CafeTest.java,CafeTest::main,29,16,Default task
2021-10-02T13:53:35.122+09:00,HanSeunghun,Action,EditorPaste,Assignment,Editor,D:/University/Java/Assignment/src/Week5/CafeTest.java,CafeTest::main,29,16,Default task
2021-10-02T13:53:35.127+09:00,HanSeunghun,KeyEvent,22:86:2,Assignment,Editor,D:/University/Java/Assignment/src/Week5/CafeTest.java,CafeTest::main,29,42,Default task
2021-10-02T13:53:36.410+09:00,HanSeunghun,Action,EditorEnter,Assignment,Editor,D:/University/Java/Assignment/src/Week5/CafeTest.java,CafeTest::main,29,42,Default task
2021-10-02T13:53:36.412+09:00,HanSeunghun,KeyEvent,10:10:0,Assignment,Editor,D:/University/Java/Assignment/src/Week5/CafeTest.java,CafeTest::main,30,16,Default task
2021-10-02T13:53:36.561+09:00,HanSeunghun,KeyEvent,114:82:0,Assignment,Editor,D:/University/Java/Assignment/src/Week5/CafeTest.java,CafeTest::main,30,16,Default task
2021-10-02T13:53:36.657+09:00,HanSeunghun,KeyEvent,101:69:0,Assignment,Editor,D:/University/Java/Assignment/src/Week5/CafeTest.java,CafeTest::main,30,17,Default task
2021-10-02T13:53:36.776+09:00,HanSeunghun,KeyEvent,116:84:0,Assignment,Editor,D:/University/Java/Assignment/src/Week5/CafeTest.java,CafeTest::main,30,18,Default task
2021-10-02T13:53:36.865+09:00,HanSeunghun,KeyEvent,117:85:0,Assignment,Editor,D:/University/Java/Assignment/src/Week5/CafeTest.java,CafeTest::main,30,19,Default task
2021-10-02T13:53:36.985+09:00,HanSeunghun,KeyEvent,114:82:0,Assignment,Editor,D:/University/Java/Assignment/src/Week5/CafeTest.java,CafeTest::main,30,20,Default task
2021-10-02T13:53:37.105+09:00,HanSeunghun,KeyEvent,110:78:0,Assignment,Editor,D:/University/Java/Assignment/src/Week5/CafeTest.java,CafeTest::main,30,21,Default task
2021-10-02T13:53:37.369+09:00,HanSeunghun,KeyEvent,59:59:0,Assignment,Editor,D:/University/Java/Assignment/src/Week5/CafeTest.java,CafeTest::main,30,22,Default task
2021-10-02T13:53:38.041+09:00,HanSeunghun,Action,EditorBackSpace,Assignment,Editor,D:/University/Java/Assignment/src/Week5/CafeTest.java,CafeTest::main,30,23,Default task
2021-10-02T13:53:38.042+09:00,HanSeunghun,KeyEvent,8:8:0,Assignment,Editor,D:/University/Java/Assignment/src/Week5/CafeTest.java,CafeTest::main,30,22,Default task
2021-10-02T13:53:38.542+09:00,HanSeunghun,Action,EditorBackSpace,Assignment,Editor,D:/University/Java/Assignment/src/Week5/CafeTest.java,CafeTest::main,30,22,Default task
2021-10-02T13:53:38.543+09:00,HanSeunghun,KeyEvent,8:8:0,Assignment,Editor,D:/University/Java/Assignment/src/Week5/CafeTest.java,CafeTest::main,30,21,Default task
2021-10-02T13:53:38.575+09:00,HanSeunghun,Action,EditorBackSpace,Assignment,Editor,D:/University/Java/Assignment/src/Week5/CafeTest.java,CafeTest::main,30,21,Default task
2021-10-02T13:53:38.576+09:00,HanSeunghun,KeyEvent,8:8:0,Assignment,Editor,D:/University/Java/Assignment/src/Week5/CafeTest.java,CafeTest::main,30,20,Default task
2021-10-02T13:53:38.608+09:00,HanSeunghun,Action,EditorBackSpace,Assignment,Editor,D:/University/Java/Assignment/src/Week5/CafeTest.java,CafeTest::main,30,20,Default task
2021-10-02T13:53:38.609+09:00,HanSeunghun,KeyEvent,8:8:0,Assignment,Editor,D:/University/Java/Assignment/src/Week5/CafeTest.java,CafeTest::main,30,19,Default task
2021-10-02T13:53:38.849+09:00,HanSeunghun,Action,EditorBackSpace,Assignment,Editor,D:/University/Java/Assignment/src/Week5/CafeTest.java,CafeTest::main,30,19,Default task
2021-10-02T13:53:38.850+09:00,HanSeunghun,KeyEvent,8:8:0,Assignment,Editor,D:/University/Java/Assignment/src/Week5/CafeTest.java,CafeTest::main,30,18,Default task
2021-10-02T13:53:38.994+09:00,HanSeunghun,Action,EditorBackSpace,Assignment,Editor,D:/University/Java/Assignment/src/Week5/CafeTest.java,CafeTest::main,30,18,Default task
2021-10-02T13:53:38.995+09:00,HanSeunghun,KeyEvent,8:8:0,Assignment,Editor,D:/University/Java/Assignment/src/Week5/CafeTest.java,CafeTest::main,30,17,Default task
2021-10-02T13:53:39.307+09:00,HanSeunghun,Action,EditorBackSpace,Assignment,Editor,D:/University/Java/Assignment/src/Week5/CafeTest.java,CafeTest::main,30,17,Default task
2021-10-02T13:53:39.309+09:00,HanSeunghun,KeyEvent,8:8:0,Assignment,Editor,D:/University/Java/Assignment/src/Week5/CafeTest.java,CafeTest::main,30,16,Default task
2021-10-02T13:53:40.433+09:00,HanSeunghun,KeyEvent,98:66:0,Assignment,Editor,D:/University/Java/Assignment/src/Week5/CafeTest.java,CafeTest::main,30,16,Default task
2021-10-02T13:53:40.769+09:00,HanSeunghun,KeyEvent,114:82:0,Assignment,Editor,D:/University/Java/Assignment/src/Week5/CafeTest.java,CafeTest::main,30,17,Default task
2021-10-02T13:53:40.952+09:00,HanSeunghun,KeyEvent,101:69:0,Assignment,Editor,D:/University/Java/Assignment/src/Week5/CafeTest.java,CafeTest::main,30,18,Default task
2021-10-02T13:53:41.602+09:00,HanSeunghun,Action,EditorChooseLookupItem,Assignment,Editor,D:/University/Java/Assignment/src/Week5/CafeTest.java,CafeTest::main,30,19,Default task
2021-10-02T13:53:41.608+09:00,HanSeunghun,KeyEvent,10:10:0,Assignment,Editor,D:/University/Java/Assignment/src/Week5/CafeTest.java,CafeTest::main,30,22,Default task
2021-10-02T13:53:42.290+09:00,HanSeunghun,Action,EditorDown,Assignment,Editor,D:/University/Java/Assignment/src/Week5/CafeTest.java,CafeTest::main,30,22,Default task
2021-10-02T13:53:42.290+09:00,HanSeunghun,KeyEvent,65535:40:0,Assignment,Editor,D:/University/Java/Assignment/src/Week5/CafeTest.java,CafeTest::main,31,13,Default task
2021-10-02T13:53:42.825+09:00,HanSeunghun,Action,EditorEnter,Assignment,Editor,D:/University/Java/Assignment/src/Week5/CafeTest.java,CafeTest::main,31,13,Default task
2021-10-02T13:53:42.827+09:00,HanSeunghun,KeyEvent,10:10:0,Assignment,Editor,D:/University/Java/Assignment/src/Week5/CafeTest.java,CafeTest::main,32,12,Default task
2021-10-02T13:53:47.210+09:00,HanSeunghun,Action,EditorBackSpace,Assignment,Editor,D:/University/Java/Assignment/src/Week5/CafeTest.java,CafeTest::main,35,25,Default task
2021-10-02T13:53:47.212+09:00,HanSeunghun,KeyEvent,8:8:0,Assignment,Editor,D:/University/Java/Assignment/src/Week5/CafeTest.java,CafeTest::main,35,21,Default task
2021-10-02T13:53:47.385+09:00,HanSeunghun,Action,EditorBackSpace,Assignment,Editor,D:/University/Java/Assignment/src/Week5/CafeTest.java,CafeTest::main,35,21,Default task
2021-10-02T13:53:47.386+09:00,HanSeunghun,KeyEvent,8:8:0,Assignment,Editor,D:/University/Java/Assignment/src/Week5/CafeTest.java,CafeTest::main,35,20,Default task
2021-10-02T13:53:47.497+09:00,HanSeunghun,KeyEvent,32:32:0,Assignment,Editor,D:/University/Java/Assignment/src/Week5/CafeTest.java,CafeTest::main,35,20,Default task
2021-10-02T13:53:48.177+09:00,HanSeunghun,Action,EditorBackSpace,Assignment,Editor,D:/University/Java/Assignment/src/Week5/CafeTest.java,CafeTest::main,35,21,Default task
2021-10-02T13:53:48.178+09:00,HanSeunghun,KeyEvent,8:8:0,Assignment,Editor,D:/University/Java/Assignment/src/Week5/CafeTest.java,CafeTest::main,35,20,Default task
2021-10-02T13:53:48.345+09:00,HanSeunghun,Action,EditorBackSpace,Assignment,Editor,D:/University/Java/Assignment/src/Week5/CafeTest.java,CafeTest::main,35,20,Default task
2021-10-02T13:53:48.346+09:00,HanSeunghun,KeyEvent,8:8:0,Assignment,Editor,D:/University/Java/Assignment/src/Week5/CafeTest.java,CafeTest::main,35,19,Default task
2021-10-02T13:53:48.513+09:00,HanSeunghun,Action,EditorBackSpace,Assignment,Editor,D:/University/Java/Assignment/src/Week5/CafeTest.java,CafeTest::main,35,19,Default task
2021-10-02T13:53:48.515+09:00,HanSeunghun,KeyEvent,8:8:0,Assignment,Editor,D:/University/Java/Assignment/src/Week5/CafeTest.java,CafeTest::main,35,18,Default task
2021-10-02T13:53:48.681+09:00,HanSeunghun,Action,EditorBackSpace,Assignment,Editor,D:/University/Java/Assignment/src/Week5/CafeTest.java,CafeTest::main,35,18,Default task
2021-10-02T13:53:48.682+09:00,HanSeunghun,KeyEvent,8:8:0,Assignment,Editor,D:/University/Java/Assignment/src/Week5/CafeTest.java,CafeTest::main,35,17,Default task
2021-10-02T13:53:48.922+09:00,HanSeunghun,Action,EditorDelete,Assignment,Editor,D:/University/Java/Assignment/src/Week5/CafeTest.java,CafeTest::main,35,17,Default task
2021-10-02T13:53:48.923+09:00,HanSeunghun,KeyEvent,127:127:0,Assignment,Editor,D:/University/Java/Assignment/src/Week5/CafeTest.java,CafeTest::main,35,17,Default task
2021-10-02T13:53:49.281+09:00,HanSeunghun,Action,EditorDelete,Assignment,Editor,D:/University/Java/Assignment/src/Week5/CafeTest.java,CafeTest::main,35,17,Default task
2021-10-02T13:53:49.283+09:00,HanSeunghun,KeyEvent,127:127:0,Assignment,Editor,D:/University/Java/Assignment/src/Week5/CafeTest.java,CafeTest::main,35,17,Default task
2021-10-02T13:53:49.674+09:00,HanSeunghun,Action,EditorBackSpace,Assignment,Editor,D:/University/Java/Assignment/src/Week5/CafeTest.java,CafeTest::main,35,17,Default task
2021-10-02T13:53:49.675+09:00,HanSeunghun,KeyEvent,8:8:0,Assignment,Editor,D:/University/Java/Assignment/src/Week5/CafeTest.java,CafeTest::main,35,16,Default task
2021-10-02T13:53:49.946+09:00,HanSeunghun,Action,EditorDelete,Assignment,Editor,D:/University/Java/Assignment/src/Week5/CafeTest.java,CafeTest::main,35,16,Default task
2021-10-02T13:53:49.949+09:00,HanSeunghun,KeyEvent,127:127:0,Assignment,Editor,D:/University/Java/Assignment/src/Week5/CafeTest.java,CafeTest::main,35,16,Default task
2021-10-02T13:53:50.145+09:00,HanSeunghun,Action,EditorDelete,Assignment,Editor,D:/University/Java/Assignment/src/Week5/CafeTest.java,CafeTest::main,35,16,Default task
2021-10-02T13:53:50.146+09:00,HanSeunghun,KeyEvent,127:127:0,Assignment,Editor,D:/University/Java/Assignment/src/Week5/CafeTest.java,CafeTest::main,35,16,Default task
2021-10-02T13:53:50.345+09:00,HanSeunghun,Action,EditorDelete,Assignment,Editor,D:/University/Java/Assignment/src/Week5/CafeTest.java,CafeTest::main,35,16,Default task
2021-10-02T13:53:50.346+09:00,HanSeunghun,KeyEvent,127:127:0,Assignment,Editor,D:/University/Java/Assignment/src/Week5/CafeTest.java,CafeTest::main,35,16,Default task
2021-10-02T13:53:50.845+09:00,HanSeunghun,Action,EditorDelete,Assignment,Editor,D:/University/Java/Assignment/src/Week5/CafeTest.java,CafeTest::main,35,16,Default task
2021-10-02T13:53:50.847+09:00,HanSeunghun,KeyEvent,127:127:0,Assignment,Editor,D:/University/Java/Assignment/src/Week5/CafeTest.java,CafeTest::main,35,16,Default task
2021-10-02T13:53:50.879+09:00,HanSeunghun,Action,EditorDelete,Assignment,Editor,D:/University/Java/Assignment/src/Week5/CafeTest.java,CafeTest::main,35,16,Default task
2021-10-02T13:53:50.881+09:00,HanSeunghun,KeyEvent,127:127:0,Assignment,Editor,D:/University/Java/Assignment/src/Week5/CafeTest.java,CafeTest::main,35,16,Default task
2021-10-02T13:53:50.912+09:00,HanSeunghun,Action,EditorDelete,Assignment,Editor,D:/University/Java/Assignment/src/Week5/CafeTest.java,CafeTest::main,35,16,Default task
2021-10-02T13:53:50.913+09:00,HanSeunghun,KeyEvent,127:127:0,Assignment,Editor,D:/University/Java/Assignment/src/Week5/CafeTest.java,CafeTest::main,35,16,Default task
2021-10-02T13:53:50.945+09:00,HanSeunghun,Action,EditorDelete,Assignment,Editor,D:/University/Java/Assignment/src/Week5/CafeTest.java,CafeTest::main,35,16,Default task
2021-10-02T13:53:50.946+09:00,HanSeunghun,KeyEvent,127:127:0,Assignment,Editor,D:/University/Java/Assignment/src/Week5/CafeTest.java,CafeTest::main,35,16,Default task
2021-10-02T13:53:50.977+09:00,HanSeunghun,Action,EditorDelete,Assignment,Editor,D:/University/Java/Assignment/src/Week5/CafeTest.java,CafeTest::main,35,16,Default task
2021-10-02T13:53:50.978+09:00,HanSeunghun,KeyEvent,127:127:0,Assignment,Editor,D:/University/Java/Assignment/src/Week5/CafeTest.java,CafeTest::main,35,16,Default task
2021-10-02T13:53:51.010+09:00,HanSeunghun,Action,EditorDelete,Assignment,Editor,D:/University/Java/Assignment/src/Week5/CafeTest.java,CafeTest::main,35,16,Default task
2021-10-02T13:53:51.011+09:00,HanSeunghun,KeyEvent,127:127:0,Assignment,Editor,D:/University/Java/Assignment/src/Week5/CafeTest.java,CafeTest::main,35,16,Default task
2021-10-02T13:53:51.047+09:00,HanSeunghun,Action,EditorDelete,Assignment,Editor,D:/University/Java/Assignment/src/Week5/CafeTest.java,CafeTest::main,35,16,Default task
2021-10-02T13:53:51.048+09:00,HanSeunghun,KeyEvent,127:127:0,Assignment,Editor,D:/University/Java/Assignment/src/Week5/CafeTest.java,CafeTest::main,35,16,Default task
2021-10-02T13:53:51.078+09:00,HanSeunghun,Action,EditorDelete,Assignment,Editor,D:/University/Java/Assignment/src/Week5/CafeTest.java,CafeTest::main,35,16,Default task
2021-10-02T13:53:51.079+09:00,HanSeunghun,KeyEvent,127:127:0,Assignment,Editor,D:/University/Java/Assignment/src/Week5/CafeTest.java,CafeTest::main,35,16,Default task
2021-10-02T13:53:51.109+09:00,HanSeunghun,Action,EditorDelete,Assignment,Editor,D:/University/Java/Assignment/src/Week5/CafeTest.java,CafeTest::main,35,16,Default task
2021-10-02T13:53:51.110+09:00,HanSeunghun,KeyEvent,127:127:0,Assignment,Editor,D:/University/Java/Assignment/src/Week5/CafeTest.java,CafeTest::main,35,16,Default task
2021-10-02T13:53:51.142+09:00,HanSeunghun,Action,EditorDelete,Assignment,Editor,D:/University/Java/Assignment/src/Week5/CafeTest.java,CafeTest::main,35,16,Default task
2021-10-02T13:53:51.143+09:00,HanSeunghun,KeyEvent,127:127:0,Assignment,Editor,D:/University/Java/Assignment/src/Week5/CafeTest.java,CafeTest::main,35,16,Default task
2021-10-02T13:53:51.175+09:00,HanSeunghun,Action,EditorDelete,Assignment,Editor,D:/University/Java/Assignment/src/Week5/CafeTest.java,CafeTest::main,35,16,Default task
2021-10-02T13:53:51.176+09:00,HanSeunghun,KeyEvent,127:127:0,Assignment,Editor,D:/University/Java/Assignment/src/Week5/CafeTest.java,CafeTest::main,35,16,Default task
2021-10-02T13:53:51.209+09:00,HanSeunghun,Action,EditorDelete,Assignment,Editor,D:/University/Java/Assignment/src/Week5/CafeTest.java,CafeTest::main,35,16,Default task
2021-10-02T13:53:51.210+09:00,HanSeunghun,KeyEvent,127:127:0,Assignment,Editor,D:/University/Java/Assignment/src/Week5/CafeTest.java,CafeTest::main,35,16,Default task
2021-10-02T13:53:51.244+09:00,HanSeunghun,Action,EditorDelete,Assignment,Editor,D:/University/Java/Assignment/src/Week5/CafeTest.java,CafeTest::main,35,16,Default task
2021-10-02T13:53:51.245+09:00,HanSeunghun,KeyEvent,127:127:0,Assignment,Editor,D:/University/Java/Assignment/src/Week5/CafeTest.java,CafeTest::main,35,16,Default task
2021-10-02T13:53:51.278+09:00,HanSeunghun,Action,EditorDelete,Assignment,Editor,D:/University/Java/Assignment/src/Week5/CafeTest.java,CafeTest::main,35,16,Default task
2021-10-02T13:53:51.279+09:00,HanSeunghun,KeyEvent,127:127:0,Assignment,Editor,D:/University/Java/Assignment/src/Week5/CafeTest.java,CafeTest::main,35,16,Default task
2021-10-02T13:53:51.309+09:00,HanSeunghun,Action,EditorDelete,Assignment,Editor,D:/University/Java/Assignment/src/Week5/CafeTest.java,CafeTest::main,35,16,Default task
2021-10-02T13:53:51.310+09:00,HanSeunghun,KeyEvent,127:127:0,Assignment,Editor,D:/University/Java/Assignment/src/Week5/CafeTest.java,CafeTest::main,35,16,Default task
2021-10-02T13:53:51.340+09:00,HanSeunghun,Action,EditorDelete,Assignment,Editor,D:/University/Java/Assignment/src/Week5/CafeTest.java,CafeTest::main,35,16,Default task
2021-10-02T13:53:51.341+09:00,HanSeunghun,KeyEvent,127:127:0,Assignment,Editor,D:/University/Java/Assignment/src/Week5/CafeTest.java,CafeTest::main,35,16,Default task
2021-10-02T13:53:51.374+09:00,HanSeunghun,Action,EditorDelete,Assignment,Editor,D:/University/Java/Assignment/src/Week5/CafeTest.java,CafeTest::main,35,16,Default task
2021-10-02T13:53:51.375+09:00,HanSeunghun,KeyEvent,127:127:0,Assignment,Editor,D:/University/Java/Assignment/src/Week5/CafeTest.java,CafeTest::main,35,16,Default task
2021-10-02T13:53:51.529+09:00,HanSeunghun,Action,EditorDelete,Assignment,Editor,D:/University/Java/Assignment/src/Week5/CafeTest.java,CafeTest::main,35,16,Default task
2021-10-02T13:53:51.530+09:00,HanSeunghun,KeyEvent,127:127:0,Assignment,Editor,D:/University/Java/Assignment/src/Week5/CafeTest.java,CafeTest::main,35,16,Default task
2021-10-02T13:53:51.722+09:00,HanSeunghun,Action,EditorDelete,Assignment,Editor,D:/University/Java/Assignment/src/Week5/CafeTest.java,CafeTest::main,35,16,Default task
2021-10-02T13:53:51.723+09:00,HanSeunghun,KeyEvent,127:127:0,Assignment,Editor,D:/University/Java/Assignment/src/Week5/CafeTest.java,CafeTest::main,35,16,Default task
2021-10-02T13:53:51.889+09:00,HanSeunghun,Action,EditorDelete,Assignment,Editor,D:/University/Java/Assignment/src/Week5/CafeTest.java,CafeTest::main,35,16,Default task
2021-10-02T13:53:51.890+09:00,HanSeunghun,KeyEvent,127:127:0,Assignment,Editor,D:/University/Java/Assignment/src/Week5/CafeTest.java,CafeTest::main,35,16,Default task
2021-10-02T13:53:52.075+09:00,HanSeunghun,Action,EditorDelete,Assignment,Editor,D:/University/Java/Assignment/src/Week5/CafeTest.java,CafeTest::main,35,16,Default task
2021-10-02T13:53:52.076+09:00,HanSeunghun,KeyEvent,127:127:0,Assignment,Editor,D:/University/Java/Assignment/src/Week5/CafeTest.java,CafeTest::main,35,16,Default task
2021-10-02T13:53:52.233+09:00,HanSeunghun,KeyEvent,97:65:0,Assignment,Editor,D:/University/Java/Assignment/src/Week5/CafeTest.java,CafeTest::main,35,16,Default task
2021-10-02T13:53:52.520+09:00,HanSeunghun,KeyEvent,100:68:0,Assignment,Editor,D:/University/Java/Assignment/src/Week5/CafeTest.java,CafeTest::main,35,17,Default task
2021-10-02T13:53:53.297+09:00,HanSeunghun,Action,EditorChooseLookupItem,Assignment,Editor,D:/University/Java/Assignment/src/Week5/CafeTest.java,CafeTest::main,35,18,Default task
2021-10-02T13:53:53.308+09:00,HanSeunghun,KeyEvent,10:10:0,Assignment,Editor,D:/University/Java/Assignment/src/Week5/CafeTest.java,CafeTest::main,35,25,Default task
2021-10-02T13:53:57.027+09:00,HanSeunghun,Action,EditorEnter,Assignment,Editor,D:/University/Java/Assignment/src/Week5/CafeTest.java,CafeTest::main,35,25,Default task
2021-10-02T13:53:57.028+09:00,HanSeunghun,KeyEvent,10:10:0,Assignment,Editor,D:/University/Java/Assignment/src/Week5/CafeTest.java,CafeTest::main,36,20,Default task
2021-10-02T13:53:59.474+09:00,HanSeunghun,Action,EditorEnter,Assignment,Editor,D:/University/Java/Assignment/src/Week5/CafeTest.java,CafeTest::main,31,13,Default task
2021-10-02T13:53:59.476+09:00,HanSeunghun,KeyEvent,10:10:0,Assignment,Editor,D:/University/Java/Assignment/src/Week5/CafeTest.java,CafeTest::main,32,12,Default task
2021-10-02T13:54:00.218+09:00,HanSeunghun,KeyEvent,101:69:0,Assignment,Editor,D:/University/Java/Assignment/src/Week5/CafeTest.java,CafeTest::main,32,12,Default task
2021-10-02T13:54:00.482+09:00,HanSeunghun,KeyEvent,108:76:0,Assignment,Editor,D:/University/Java/Assignment/src/Week5/CafeTest.java,CafeTest::main,32,13,Default task
2021-10-02T13:54:00.585+09:00,HanSeunghun,KeyEvent,115:83:0,Assignment,Editor,D:/University/Java/Assignment/src/Week5/CafeTest.java,CafeTest::main,32,14,Default task
2021-10-02T13:54:00.729+09:00,HanSeunghun,KeyEvent,101:69:0,Assignment,Editor,D:/University/Java/Assignment/src/Week5/CafeTest.java,CafeTest::main,32,15,Default task
2021-10-02T13:54:00.836+09:00,HanSeunghun,KeyEvent,32:32:0,Assignment,Editor,D:/University/Java/Assignment/src/Week5/CafeTest.java,CafeTest::main,32,16,Default task
2021-10-02T13:54:01.201+09:00,HanSeunghun,KeyEvent,105:73:0,Assignment,Editor,D:/University/Java/Assignment/src/Week5/CafeTest.java,CafeTest::main,32,17,Default task
2021-10-02T13:54:01.306+09:00,HanSeunghun,KeyEvent,102:70:0,Assignment,Editor,D:/University/Java/Assignment/src/Week5/CafeTest.java,CafeTest::main,32,18,Default task
2021-10-02T13:54:01.450+09:00,HanSeunghun,KeyEvent,32:32:0,Assignment,Editor,D:/University/Java/Assignment/src/Week5/CafeTest.java,CafeTest::main,32,19,Default task
2021-10-02T13:54:01.858+09:00,HanSeunghun,KeyEvent,65535:16:1,Assignment,Editor,D:/University/Java/Assignment/src/Week5/CafeTest.java,CafeTest::main,32,20,Default task
2021-10-02T13:54:02.025+09:00,HanSeunghun,KeyEvent,40:57:1,Assignment,Editor,D:/University/Java/Assignment/src/Week5/CafeTest.java,CafeTest::main,32,20,Default task
2021-10-02T13:54:02.233+09:00,HanSeunghun,KeyEvent,99:67:0,Assignment,Editor,D:/University/Java/Assignment/src/Week5/CafeTest.java,CafeTest::main,32,21,Default task
2021-10-02T13:54:02.738+09:00,HanSeunghun,Action,EditorChooseLookupItem,Assignment,Editor,D:/University/Java/Assignment/src/Week5/CafeTest.java,CafeTest::main,32,22,Default task
2021-10-02T13:54:02.745+09:00,HanSeunghun,KeyEvent,10:10:0,Assignment,Editor,D:/University/Java/Assignment/src/Week5/CafeTest.java,CafeTest::main,32,24,Default task
2021-10-02T13:54:02.858+09:00,HanSeunghun,KeyEvent,32:32:0,Assignment,Editor,D:/University/Java/Assignment/src/Week5/CafeTest.java,CafeTest::main,32,24,Default task
2021-10-02T13:54:03.010+09:00,HanSeunghun,KeyEvent,61:61:0,Assignment,Editor,D:/University/Java/Assignment/src/Week5/CafeTest.java,CafeTest::main,32,25,Default task
2021-10-02T13:54:03.147+09:00,HanSeunghun,KeyEvent,61:61:0,Assignment,Editor,D:/University/Java/Assignment/src/Week5/CafeTest.java,CafeTest::main,32,26,Default task
2021-10-02T13:54:03.251+09:00,HanSeunghun,KeyEvent,32:32:0,Assignment,Editor,D:/University/Java/Assignment/src/Week5/CafeTest.java,CafeTest::main,32,27,Default task
2021-10-02T13:54:03.978+09:00,HanSeunghun,KeyEvent,65535:20:0,Assignment,Editor,D:/University/Java/Assignment/src/Week5/CafeTest.java,CafeTest::main,32,28,Default task
2021-10-02T13:54:04.193+09:00,HanSeunghun,KeyEvent,73:73:0,Assignment,Editor,D:/University/Java/Assignment/src/Week5/CafeTest.java,CafeTest::main,32,28,Default task
2021-10-02T13:54:04.453+09:00,HanSeunghun,KeyEvent,78:78:0,Assignment,Editor,D:/University/Java/Assignment/src/Week5/CafeTest.java,CafeTest::main,32,29,Default task
2021-10-02T13:54:04.986+09:00,HanSeunghun,Action,EditorChooseLookupItem,Assignment,Editor,D:/University/Java/Assignment/src/Week5/CafeTest.java,CafeTest::main,32,30,Default task
2021-10-02T13:54:04.997+09:00,HanSeunghun,KeyEvent,10:10:0,Assignment,Editor,D:/University/Java/Assignment/src/Week5/CafeTest.java,CafeTest::main,32,43,Default task
2021-10-02T13:54:05.248+09:00,HanSeunghun,KeyEvent,65535:20:0,Assignment,Editor,D:/University/Java/Assignment/src/Week5/CafeTest.java,CafeTest::main,32,43,Default task
2021-10-02T13:54:05.444+09:00,HanSeunghun,Action,EditorRight,Assignment,Editor,D:/University/Java/Assignment/src/Week5/CafeTest.java,CafeTest::main,32,43,Default task
2021-10-02T13:54:05.444+09:00,HanSeunghun,KeyEvent,65535:39:0,Assignment,Editor,D:/University/Java/Assignment/src/Week5/CafeTest.java,CafeTest::main,32,44,Default task
2021-10-02T13:54:05.673+09:00,HanSeunghun,Action,EditorEnter,Assignment,Editor,D:/University/Java/Assignment/src/Week5/CafeTest.java,CafeTest::main,32,44,Default task
2021-10-02T13:54:05.675+09:00,HanSeunghun,KeyEvent,10:10:0,Assignment,Editor,D:/University/Java/Assignment/src/Week5/CafeTest.java,CafeTest::main,33,16,Default task
2021-10-02T13:54:05.896+09:00,HanSeunghun,KeyEvent,65535:16:1,Assignment,Editor,D:/University/Java/Assignment/src/Week5/CafeTest.java,CafeTest::main,33,16,Default task
2021-10-02T13:54:05.993+09:00,HanSeunghun,KeyEvent,123:91:1,Assignment,Editor,D:/University/Java/Assignment/src/Week5/CafeTest.java,CafeTest::main,33,16,Default task
2021-10-02T13:54:06.227+09:00,HanSeunghun,Action,EditorEnter,Assignment,Editor,D:/University/Java/Assignment/src/Week5/CafeTest.java,CafeTest::main,33,13,Default task
2021-10-02T13:54:06.232+09:00,HanSeunghun,KeyEvent,10:10:0,Assignment,Editor,D:/University/Java/Assignment/src/Week5/CafeTest.java,CafeTest::main,34,16,Default task
2021-10-02T13:54:11.297+09:00,HanSeunghun,KeyEvent,65535:17:2,Assignment,Editor,D:/University/Java/Assignment/src/Week5/CafeTest.java,CafeTest::main,29,0,Default task
2021-10-02T13:54:11.384+09:00,HanSeunghun,Action,EditorCopy,Assignment,Editor,D:/University/Java/Assignment/src/Week5/CafeTest.java,CafeTest::main,29,0,Default task
2021-10-02T13:54:11.386+09:00,HanSeunghun,KeyEvent,3:67:2,Assignment,Editor,D:/University/Java/Assignment/src/Week5/CafeTest.java,CafeTest::main,29,0,Default task
2021-10-02T13:54:11.746+09:00,HanSeunghun,KeyEvent,65535:17:2,Assignment,Editor,D:/University/Java/Assignment/src/Week5/CafeTest.java,CafeTest::main,34,16,Default task
2021-10-02T13:54:11.835+09:00,HanSeunghun,Action,EditorPaste,Assignment,Editor,D:/University/Java/Assignment/src/Week5/CafeTest.java,CafeTest::main,34,16,Default task
2021-10-02T13:54:11.850+09:00,HanSeunghun,KeyEvent,22:86:2,Assignment,Editor,D:/University/Java/Assignment/src/Week5/CafeTest.java,CafeTest::main,34,42,Default task
2021-10-02T13:54:13.018+09:00,HanSeunghun,KeyEvent,65535:20:0,Assignment,Editor,D:/University/Java/Assignment/src/Week5/CafeTest.java,CafeTest::main,34,39,Default task
2021-10-02T13:54:13.449+09:00,HanSeunghun,KeyEvent,73:73:0,Assignment,Editor,D:/University/Java/Assignment/src/Week5/CafeTest.java,CafeTest::main,34,39,Default task
2021-10-02T13:54:14.113+09:00,HanSeunghun,KeyEvent,65535:20:0,Assignment,Editor,D:/University/Java/Assignment/src/Week5/CafeTest.java,CafeTest::main,34,37,Default task
2021-10-02T13:54:14.306+09:00,HanSeunghun,KeyEvent,110:78:0,Assignment,Editor,D:/University/Java/Assignment/src/Week5/CafeTest.java,CafeTest::main,34,37,Default task
2021-10-02T13:54:14.513+09:00,HanSeunghun,KeyEvent,118:86:0,Assignment,Editor,D:/University/Java/Assignment/src/Week5/CafeTest.java,CafeTest::main,34,38,Default task
2021-10-02T13:54:14.681+09:00,HanSeunghun,KeyEvent,97:65:0,Assignment,Editor,D:/University/Java/Assignment/src/Week5/CafeTest.java,CafeTest::main,34,39,Default task
2021-10-02T13:54:14.873+09:00,HanSeunghun,KeyEvent,108:76:0,Assignment,Editor,D:/University/Java/Assignment/src/Week5/CafeTest.java,CafeTest::main,34,40,Default task
2021-10-02T13:54:15.033+09:00,HanSeunghun,KeyEvent,105:73:0,Assignment,Editor,D:/University/Java/Assignment/src/Week5/CafeTest.java,CafeTest::main,34,41,Default task
2021-10-02T13:54:15.294+09:00,HanSeunghun,KeyEvent,100:68:0,Assignment,Editor,D:/University/Java/Assignment/src/Week5/CafeTest.java,CafeTest::main,34,42,Default task
2021-10-02T13:54:15.689+09:00,HanSeunghun,KeyEvent,32:32:0,Assignment,Editor,D:/University/Java/Assignment/src/Week5/CafeTest.java,CafeTest::main,34,43,Default task
2021-10-02T13:54:15.978+09:00,HanSeunghun,KeyEvent,65535:20:0,Assignment,Editor,D:/University/Java/Assignment/src/Week5/CafeTest.java,CafeTest::main,34,44,Default task
2021-10-02T13:54:16.081+09:00,HanSeunghun,KeyEvent,79:79:0,Assignment,Editor,D:/University/Java/Assignment/src/Week5/CafeTest.java,CafeTest::main,34,44,Default task
2021-10-02T13:54:16.201+09:00,HanSeunghun,KeyEvent,65535:20:0,Assignment,Editor,D:/University/Java/Assignment/src/Week5/CafeTest.java,CafeTest::main,34,45,Default task
2021-10-02T13:54:16.561+09:00,HanSeunghun,KeyEvent,112:80:0,Assignment,Editor,D:/University/Java/Assignment/src/Week5/CafeTest.java,CafeTest::main,34,45,Default task
2021-10-02T13:54:16.627+09:00,HanSeunghun,KeyEvent,101:69:0,Assignment,Editor,D:/University/Java/Assignment/src/Week5/CafeTest.java,CafeTest::main,34,46,Default task
2021-10-02T13:54:16.747+09:00,HanSeunghun,KeyEvent,114:82:0,Assignment,Editor,D:/University/Java/Assignment/src/Week5/CafeTest.java,CafeTest::main,34,47,Default task
2021-10-02T13:54:16.881+09:00,HanSeunghun,KeyEvent,97:65:0,Assignment,Editor,D:/University/Java/Assignment/src/Week5/CafeTest.java,CafeTest::main,34,48,Default task
2021-10-02T13:54:17.009+09:00,HanSeunghun,KeyEvent,116:84:0,Assignment,Editor,D:/University/Java/Assignment/src/Week5/CafeTest.java,CafeTest::main,34,49,Default task
2021-10-02T13:54:17.113+09:00,HanSeunghun,KeyEvent,105:73:0,Assignment,Editor,D:/University/Java/Assignment/src/Week5/CafeTest.java,CafeTest::main,34,50,Default task
2021-10-02T13:54:17.201+09:00,HanSeunghun,KeyEvent,111:79:0,Assignment,Editor,D:/University/Java/Assignment/src/Week5/CafeTest.java,CafeTest::main,34,51,Default task
2021-10-02T13:54:17.352+09:00,HanSeunghun,KeyEvent,110:78:0,Assignment,Editor,D:/University/Java/Assignment/src/Week5/CafeTest.java,CafeTest::main,34,52,Default task
2021-10-02T13:54:17.665+09:00,HanSeunghun,KeyEvent,65535:16:1,Assignment,Editor,D:/University/Java/Assignment/src/Week5/CafeTest.java,CafeTest::main,34,53,Default task
2021-10-02T13:54:17.785+09:00,HanSeunghun,KeyEvent,33:49:1,Assignment,Editor,D:/University/Java/Assignment/src/Week5/CafeTest.java,CafeTest::main,34,53,Default task
2021-10-02T13:54:18.161+09:00,HanSeunghun,KeyEvent,27:27:0,Assignment,Editor,D:/University/Java/Assignment/src/Week5/CafeTest.java,CafeTest::main,34,54,Default task
2021-10-02T13:54:18.361+09:00,HanSeunghun,Action,EditorLineEnd,Assignment,Editor,D:/University/Java/Assignment/src/Week5/CafeTest.java,CafeTest::main,34,54,Default task
2021-10-02T13:54:18.361+09:00,HanSeunghun,KeyEvent,65535:35:0,Assignment,Editor,D:/University/Java/Assignment/src/Week5/CafeTest.java,CafeTest::main,34,57,Default task
2021-10-02T13:54:18.617+09:00,HanSeunghun,Action,EditorEnter,Assignment,Editor,D:/University/Java/Assignment/src/Week5/CafeTest.java,CafeTest::main,34,57,Default task
2021-10-02T13:54:18.618+09:00,HanSeunghun,KeyEvent,10:10:0,Assignment,Editor,D:/University/Java/Assignment/src/Week5/CafeTest.java,CafeTest::main,35,16,Default task
2021-10-02T13:54:18.792+09:00,HanSeunghun,KeyEvent,99:67:0,Assignment,Editor,D:/University/Java/Assignment/src/Week5/CafeTest.java,CafeTest::main,35,16,Default task
2021-10-02T13:54:18.913+09:00,HanSeunghun,KeyEvent,111:79:0,Assignment,Editor,D:/University/Java/Assignment/src/Week5/CafeTest.java,CafeTest::main,35,17,Default task
2021-10-02T13:54:19.178+09:00,HanSeunghun,KeyEvent,110:78:0,Assignment,Editor,D:/University/Java/Assignment/src/Week5/CafeTest.java,CafeTest::main,35,18,Default task
2021-10-02T13:54:19.449+09:00,HanSeunghun,Action,EditorChooseLookupItem,Assignment,Editor,D:/University/Java/Assignment/src/Week5/CafeTest.java,CafeTest::main,35,19,Default task
2021-10-02T13:54:19.457+09:00,HanSeunghun,KeyEvent,10:10:0,Assignment,Editor,D:/University/Java/Assignment/src/Week5/CafeTest.java,CafeTest::main,35,25,Default task
2021-10-02T13:54:20.002+09:00,HanSeunghun,Action,EditorDown,Assignment,Editor,D:/University/Java/Assignment/src/Week5/CafeTest.java,CafeTest::main,35,25,Default task
2021-10-02T13:54:20.002+09:00,HanSeunghun,KeyEvent,65535:40:0,Assignment,Editor,D:/University/Java/Assignment/src/Week5/CafeTest.java,CafeTest::main,36,13,Default task
2021-10-02T13:54:20.498+09:00,HanSeunghun,Action,EditorDown,Assignment,Editor,D:/University/Java/Assignment/src/Week5/CafeTest.java,CafeTest::main,36,13,Default task
2021-10-02T13:54:20.499+09:00,HanSeunghun,KeyEvent,65535:40:0,Assignment,Editor,D:/University/Java/Assignment/src/Week5/CafeTest.java,CafeTest::main,37,12,Default task
2021-10-02T13:54:21.442+09:00,HanSeunghun,Action,EditorEnter,Assignment,Editor,D:/University/Java/Assignment/src/Week5/CafeTest.java,CafeTest::main,37,12,Default task
2021-10-02T13:54:21.444+09:00,HanSeunghun,KeyEvent,10:10:0,Assignment,Editor,D:/University/Java/Assignment/src/Week5/CafeTest.java,CafeTest::main,38,12,Default task
2021-10-02T13:54:25.842+09:00,HanSeunghun,Action,EditorBackSpace,Assignment,Editor,D:/University/Java/Assignment/src/Week5/CafeTest.java,CafeTest::main,42,20,Default task
2021-10-02T13:54:25.846+09:00,HanSeunghun,KeyEvent,8:8:0,Assignment,Editor,D:/University/Java/Assignment/src/Week5/CafeTest.java,CafeTest::main,41,25,Default task
2021-10-02T13:54:26.058+09:00,HanSeunghun,KeyEvent,65535:20:0,Assignment,Editor,D:/University/Java/Assignment/src/Week5/CafeTest.java,CafeTest::main,41,25,Default task
2021-10-02T13:54:26.570+09:00,HanSeunghun,Action,EditorEnter,Assignment,Editor,D:/University/Java/Assignment/src/Week5/CafeTest.java,CafeTest::main,41,25,Default task
2021-10-02T13:54:26.572+09:00,HanSeunghun,KeyEvent,10:10:0,Assignment,Editor,D:/University/Java/Assignment/src/Week5/CafeTest.java,CafeTest::main,42,20,Default task
2021-10-02T13:54:26.801+09:00,HanSeunghun,KeyEvent,66:66:0,Assignment,Editor,D:/University/Java/Assignment/src/Week5/CafeTest.java,CafeTest::main,42,20,Default task
2021-10-02T13:54:27.193+09:00,HanSeunghun,KeyEvent,65535:20:0,Assignment,Editor,D:/University/Java/Assignment/src/Week5/CafeTest.java,CafeTest::main,42,21,Default task
2021-10-02T13:54:27.345+09:00,HanSeunghun,KeyEvent,101:69:0,Assignment,Editor,D:/University/Java/Assignment/src/Week5/CafeTest.java,CafeTest::main,42,21,Default task
2021-10-02T13:54:27.658+09:00,HanSeunghun,Action,EditorChooseLookupItem,Assignment,Editor,D:/University/Java/Assignment/src/Week5/CafeTest.java,CafeTest::main,42,22,Default task
2021-10-02T13:54:27.666+09:00,HanSeunghun,KeyEvent,10:10:0,Assignment,Editor,D:/University/Java/Assignment/src/Week5/CafeTest.java,CafeTest::main,42,28,Default task
2021-10-02T13:54:27.897+09:00,HanSeunghun,KeyEvent,32:32:0,Assignment,Editor,D:/University/Java/Assignment/src/Week5/CafeTest.java,CafeTest::main,42,28,Default task
2021-10-02T13:54:28.096+09:00,HanSeunghun,KeyEvent,98:66:0,Assignment,Editor,D:/University/Java/Assignment/src/Week5/CafeTest.java,CafeTest::main,42,29,Default task
2021-10-02T13:54:28.377+09:00,HanSeunghun,KeyEvent,101:69:0,Assignment,Editor,D:/University/Java/Assignment/src/Week5/CafeTest.java,CafeTest::main,42,30,Default task
2021-10-02T13:54:28.793+09:00,HanSeunghun,KeyEvent,118:86:0,Assignment,Editor,D:/University/Java/Assignment/src/Week5/CafeTest.java,CafeTest::main,42,31,Default task
2021-10-02T13:54:28.905+09:00,HanSeunghun,KeyEvent,101:69:0,Assignment,Editor,D:/University/Java/Assignment/src/Week5/CafeTest.java,CafeTest::main,42,32,Default task
2021-10-02T13:54:29.025+09:00,HanSeunghun,KeyEvent,114:82:0,Assignment,Editor,D:/University/Java/Assignment/src/Week5/CafeTest.java,CafeTest::main,42,33,Default task
2021-10-02T13:54:29.168+09:00,HanSeunghun,KeyEvent,97:65:0,Assignment,Editor,D:/University/Java/Assignment/src/Week5/CafeTest.java,CafeTest::main,42,34,Default task
2021-10-02T13:54:29.281+09:00,HanSeunghun,KeyEvent,103:71:0,Assignment,Editor,D:/University/Java/Assignment/src/Week5/CafeTest.java,CafeTest::main,42,35,Default task
2021-10-02T13:54:29.369+09:00,HanSeunghun,KeyEvent,101:69:0,Assignment,Editor,D:/University/Java/Assignment/src/Week5/CafeTest.java,CafeTest::main,42,36,Default task
2021-10-02T13:54:29.545+09:00,HanSeunghun,KeyEvent,32:32:0,Assignment,Editor,D:/University/Java/Assignment/src/Week5/CafeTest.java,CafeTest::main,42,37,Default task
2021-10-02T13:54:30.065+09:00,HanSeunghun,KeyEvent,61:61:0,Assignment,Editor,D:/University/Java/Assignment/src/Week5/CafeTest.java,CafeTest::main,42,38,Default task
2021-10-02T13:54:30.161+09:00,HanSeunghun,KeyEvent,32:32:0,Assignment,Editor,D:/University/Java/Assignment/src/Week5/CafeTest.java,CafeTest::main,42,39,Default task
2021-10-02T13:54:32.625+09:00,HanSeunghun,Action,EditorEnter,Assignment,Editor,D:/University/Java/Assignment/src/Week5/CafeTest.java,,60,5,Default task
2021-10-02T13:54:32.628+09:00,HanSeunghun,KeyEvent,10:10:0,Assignment,Editor,D:/University/Java/Assignment/src/Week5/CafeTest.java,,61,4,Default task
2021-10-02T13:54:32.826+09:00,HanSeunghun,Action,EditorEnter,Assignment,Editor,D:/University/Java/Assignment/src/Week5/CafeTest.java,,61,4,Default task
2021-10-02T13:54:32.828+09:00,HanSeunghun,KeyEvent,10:10:0,Assignment,Editor,D:/University/Java/Assignment/src/Week5/CafeTest.java,,62,4,Default task
2021-10-02T13:54:33.097+09:00,HanSeunghun,KeyEvent,112:80:0,Assignment,Editor,D:/University/Java/Assignment/src/Week5/CafeTest.java,,62,4,Default task
2021-10-02T13:54:33.171+09:00,HanSeunghun,KeyEvent,114:82:0,Assignment,Editor,D:/University/Java/Assignment/src/Week5/CafeTest.java,,62,5,Default task
2021-10-02T13:54:33.274+09:00,HanSeunghun,KeyEvent,105:73:0,Assignment,Editor,D:/University/Java/Assignment/src/Week5/CafeTest.java,,62,6,Default task
2021-10-02T13:54:33.369+09:00,HanSeunghun,KeyEvent,118:86:0,Assignment,Editor,D:/University/Java/Assignment/src/Week5/CafeTest.java,,62,7,Default task
2021-10-02T13:54:33.458+09:00,HanSeunghun,KeyEvent,97:65:0,Assignment,Editor,D:/University/Java/Assignment/src/Week5/CafeTest.java,,62,8,Default task
2021-10-02T13:54:33.569+09:00,HanSeunghun,KeyEvent,116:84:0,Assignment,Editor,D:/University/Java/Assignment/src/Week5/CafeTest.java,,62,9,Default task
2021-10-02T13:54:33.705+09:00,HanSeunghun,KeyEvent,101:69:0,Assignment,Editor,D:/University/Java/Assignment/src/Week5/CafeTest.java,,62,10,Default task
2021-10-02T13:54:33.890+09:00,HanSeunghun,KeyEvent,32:32:0,Assignment,Editor,D:/University/Java/Assignment/src/Week5/CafeTest.java,,62,11,Default task
2021-10-02T13:54:33.969+09:00,HanSeunghun,KeyEvent,115:83:0,Assignment,Editor,D:/University/Java/Assignment/src/Week5/CafeTest.java,,62,12,Default task
2021-10-02T13:54:34.073+09:00,HanSeunghun,KeyEvent,116:84:0,Assignment,Editor,D:/University/Java/Assignment/src/Week5/CafeTest.java,,62,13,Default task
2021-10-02T13:54:34.176+09:00,HanSeunghun,KeyEvent,97:65:0,Assignment,Editor,D:/University/Java/Assignment/src/Week5/CafeTest.java,,62,14,Default task
2021-10-02T13:54:34.257+09:00,HanSeunghun,KeyEvent,116:84:0,Assignment,Editor,D:/University/Java/Assignment/src/Week5/CafeTest.java,,62,15,Default task
2021-10-02T13:54:34.385+09:00,HanSeunghun,KeyEvent,105:73:0,Assignment,Editor,D:/University/Java/Assignment/src/Week5/CafeTest.java,,62,16,Default task
2021-10-02T13:54:34.481+09:00,HanSeunghun,KeyEvent,99:67:0,Assignment,Editor,D:/University/Java/Assignment/src/Week5/CafeTest.java,,62,17,Default task
2021-10-02T13:54:34.665+09:00,HanSeunghun,KeyEvent,32:32:0,Assignment,Editor,D:/University/Java/Assignment/src/Week5/CafeTest.java,,62,18,Default task
2021-10-02T13:54:35.794+09:00,HanSeunghun,KeyEvent,65535:20:0,Assignment,Editor,D:/University/Java/Assignment/src/Week5/CafeTest.java,,62,19,Default task
2021-10-02T13:54:35.993+09:00,HanSeunghun,KeyEvent,66:66:0,Assignment,Editor,D:/University/Java/Assignment/src/Week5/CafeTest.java,,62,19,Default task
2021-10-02T13:54:36.091+09:00,HanSeunghun,KeyEvent,65535:20:0,Assignment,Editor,D:/University/Java/Assignment/src/Week5/CafeTest.java,,62,20,Default task
2021-10-02T13:54:36.265+09:00,HanSeunghun,KeyEvent,101:69:0,Assignment,Editor,D:/University/Java/Assignment/src/Week5/CafeTest.java,,62,20,Default task
2021-10-02T13:54:36.442+09:00,HanSeunghun,KeyEvent,118:86:0,Assignment,Editor,D:/University/Java/Assignment/src/Week5/CafeTest.java,,62,21,Default task
2021-10-02T13:54:36.585+09:00,HanSeunghun,KeyEvent,101:69:0,Assignment,Editor,D:/University/Java/Assignment/src/Week5/CafeTest.java,,62,22,Default task
2021-10-02T13:54:36.922+09:00,HanSeunghun,Action,EditorChooseLookupItem,Assignment,Editor,D:/University/Java/Assignment/src/Week5/CafeTest.java,,62,23,Default task
2021-10-02T13:54:36.932+09:00,HanSeunghun,KeyEvent,10:10:0,Assignment,Editor,D:/University/Java/Assignment/src/Week5/CafeTest.java,,62,27,Default task
2021-10-02T13:54:37.169+09:00,HanSeunghun,KeyEvent,32:32:0,Assignment,Editor,D:/University/Java/Assignment/src/Week5/CafeTest.java,,62,27,Default task
2021-10-02T13:54:37.480+09:00,HanSeunghun,KeyEvent,65535:20:0,Assignment,Editor,D:/University/Java/Assignment/src/Week5/CafeTest.java,,62,28,Default task
2021-10-02T13:54:37.640+09:00,HanSeunghun,KeyEvent,67:67:0,Assignment,Editor,D:/University/Java/Assignment/src/Week5/CafeTest.java,,62,28,Default task
2021-10-02T13:54:37.817+09:00,HanSeunghun,KeyEvent,65535:20:0,Assignment,Editor,D:/University/Java/Assignment/src/Week5/CafeTest.java,,62,29,Default task
2021-10-02T13:54:38.049+09:00,HanSeunghun,KeyEvent,114:82:0,Assignment,Editor,D:/University/Java/Assignment/src/Week5/CafeTest.java,,62,29,Default task
2021-10-02T13:54:38.177+09:00,HanSeunghun,KeyEvent,101:69:0,Assignment,Editor,D:/University/Java/Assignment/src/Week5/CafeTest.java,,62,30,Default task
2021-10-02T13:54:38.296+09:00,HanSeunghun,KeyEvent,97:65:0,Assignment,Editor,D:/University/Java/Assignment/src/Week5/CafeTest.java,,62,31,Default task
2021-10-02T13:54:38.386+09:00,HanSeunghun,KeyEvent,116:84:0,Assignment,Editor,D:/University/Java/Assignment/src/Week5/CafeTest.java,,62,32,Default task
2021-10-02T13:54:38.505+09:00,HanSeunghun,KeyEvent,101:69:0,Assignment,Editor,D:/University/Java/Assignment/src/Week5/CafeTest.java,,62,33,Default task
2021-10-02T13:54:38.617+09:00,HanSeunghun,KeyEvent,65535:20:0,Assignment,Editor,D:/University/Java/Assignment/src/Week5/CafeTest.java,,62,34,Default task
2021-10-02T13:54:38.737+09:00,HanSeunghun,KeyEvent,66:66:0,Assignment,Editor,D:/University/Java/Assignment/src/Week5/CafeTest.java,,62,34,Default task
2021-10-02T13:54:38.849+09:00,HanSeunghun,KeyEvent,65535:20:0,Assignment,Editor,D:/University/Java/Assignment/src/Week5/CafeTest.java,,62,35,Default task
2021-10-02T13:54:38.969+09:00,HanSeunghun,KeyEvent,101:69:0,Assignment,Editor,D:/University/Java/Assignment/src/Week5/CafeTest.java,,62,35,Default task
2021-10-02T13:54:39.259+09:00,HanSeunghun,KeyEvent,118:86:0,Assignment,Editor,D:/University/Java/Assignment/src/Week5/CafeTest.java,,62,36,Default task
2021-10-02T13:54:39.353+09:00,HanSeunghun,KeyEvent,101:69:0,Assignment,Editor,D:/University/Java/Assignment/src/Week5/CafeTest.java,,62,37,Default task
2021-10-02T13:54:39.481+09:00,HanSeunghun,KeyEvent,114:82:0,Assignment,Editor,D:/University/Java/Assignment/src/Week5/CafeTest.java,,62,38,Default task
2021-10-02T13:54:39.593+09:00,HanSeunghun,KeyEvent,97:65:0,Assignment,Editor,D:/University/Java/Assignment/src/Week5/CafeTest.java,,62,39,Default task
2021-10-02T13:54:39.706+09:00,HanSeunghun,KeyEvent,103:71:0,Assignment,Editor,D:/University/Java/Assignment/src/Week5/CafeTest.java,,62,40,Default task
2021-10-02T13:54:39.786+09:00,HanSeunghun,KeyEvent,101:69:0,Assignment,Editor,D:/University/Java/Assignment/src/Week5/CafeTest.java,,62,41,Default task
2021-10-02T13:54:40.025+09:00,HanSeunghun,KeyEvent,27:27:0,Assignment,Editor,D:/University/Java/Assignment/src/Week5/CafeTest.java,,62,42,Default task
2021-10-02T13:54:40.169+09:00,HanSeunghun,KeyEvent,65535:16:1,Assignment,Editor,D:/University/Java/Assignment/src/Week5/CafeTest.java,,62,42,Default task
2021-10-02T13:54:40.368+09:00,HanSeunghun,KeyEvent,40:57:1,Assignment,Editor,D:/University/Java/Assignment/src/Week5/CafeTest.java,,62,42,Default task
2021-10-02T13:54:40.520+09:00,HanSeunghun,KeyEvent,41:48:1,Assignment,Editor,D:/University/Java/Assignment/src/Week5/CafeTest.java,CafeTest::CreateBeverage,62,43,Default task
2021-10-02T13:54:40.801+09:00,HanSeunghun,Action,EditorEnter,Assignment,Editor,D:/University/Java/Assignment/src/Week5/CafeTest.java,,62,44,Default task
2021-10-02T13:54:40.804+09:00,HanSeunghun,KeyEvent,10:10:0,Assignment,Editor,D:/University/Java/Assignment/src/Week5/CafeTest.java,,63,8,Default task
2021-10-02T13:54:41.041+09:00,HanSeunghun,KeyEvent,65535:16:1,Assignment,Editor,D:/University/Java/Assignment/src/Week5/CafeTest.java,,63,8,Default task
2021-10-02T13:54:41.120+09:00,HanSeunghun,KeyEvent,123:91:1,Assignment,Editor,D:/University/Java/Assignment/src/Week5/CafeTest.java,,63,8,Default task
2021-10-02T13:54:41.346+09:00,HanSeunghun,Action,EditorEnter,Assignment,Editor,D:/University/Java/Assignment/src/Week5/CafeTest.java,CafeTest::CreateBeverage,63,5,Default task
2021-10-02T13:54:41.349+09:00,HanSeunghun,KeyEvent,10:10:0,Assignment,Editor,D:/University/Java/Assignment/src/Week5/CafeTest.java,,64,8,Default task
2021-10-02T13:54:53.937+09:00,HanSeunghun,KeyEvent,65535:17:2,Assignment,Editor,D:/University/Java/Assignment/src/Week5/CafeTest.java,,20,34,Default task
2021-10-02T13:54:54.082+09:00,HanSeunghun,Action,EditorCopy,Assignment,Editor,D:/University/Java/Assignment/src/Week5/CafeTest.java,,20,34,Default task
2021-10-02T13:54:54.083+09:00,HanSeunghun,KeyEvent,3:67:2,Assignment,Editor,D:/University/Java/Assignment/src/Week5/CafeTest.java,,20,34,Default task
2021-10-02T13:54:55.760+09:00,HanSeunghun,KeyEvent,65535:17:2,Assignment,Editor,D:/University/Java/Assignment/src/Week5/CafeTest.java,CafeTest::CreateBeverage,64,8,Default task
2021-10-02T13:54:55.865+09:00,HanSeunghun,Action,EditorPaste,Assignment,Editor,D:/University/Java/Assignment/src/Week5/CafeTest.java,CafeTest::CreateBeverage,64,8,Default task
2021-10-02T13:54:55.867+09:00,HanSeunghun,KeyEvent,22:86:2,Assignment,Editor,D:/University/Java/Assignment/src/Week5/CafeTest.java,CafeTest::CreateBeverage,64,15,Default task
2021-10-02T13:54:56.537+09:00,HanSeunghun,KeyEvent,46:46:0,Assignment,Editor,D:/University/Java/Assignment/src/Week5/CafeTest.java,CafeTest::CreateBeverage,64,15,Default task
2021-10-02T13:54:57.137+09:00,HanSeunghun,KeyEvent,110:78:0,Assignment,Editor,D:/University/Java/Assignment/src/Week5/CafeTest.java,CafeTest::CreateBeverage,64,16,Default task
2021-10-02T13:54:58.017+09:00,HanSeunghun,Action,EditorChooseLookupItem,Assignment,Editor,D:/University/Java/Assignment/src/Week5/CafeTest.java,CafeTest::CreateBeverage,64,17,Default task
2021-10-02T13:54:58.025+09:00,HanSeunghun,KeyEvent,10:10:0,Assignment,Editor,D:/University/Java/Assignment/src/Week5/CafeTest.java,CafeTest::CreateBeverage,64,22,Default task
2021-10-02T13:54:58.281+09:00,HanSeunghun,KeyEvent,59:59:0,Assignment,Editor,D:/University/Java/Assignment/src/Week5/CafeTest.java,CafeTest::CreateBeverage,64,22,Default task
2021-10-02T13:54:58.778+09:00,HanSeunghun,Action,EditorLineStart,Assignment,Editor,D:/University/Java/Assignment/src/Week5/CafeTest.java,CafeTest::CreateBeverage,64,23,Default task
2021-10-02T13:54:58.779+09:00,HanSeunghun,KeyEvent,65535:36:0,Assignment,Editor,D:/University/Java/Assignment/src/Week5/CafeTest.java,CafeTest::CreateBeverage,64,8,Default task
2021-10-02T13:54:59.569+09:00,HanSeunghun,KeyEvent,61:61:0,Assignment,Editor,D:/University/Java/Assignment/src/Week5/CafeTest.java,CafeTest::CreateBeverage,64,8,Default task
2021-10-02T13:54:59.770+09:00,HanSeunghun,KeyEvent,32:32:0,Assignment,Editor,D:/University/Java/Assignment/src/Week5/CafeTest.java,CafeTest::CreateBeverage,64,9,Default task
2021-10-02T13:55:00.168+09:00,HanSeunghun,Action,EditorLeft,Assignment,Editor,D:/University/Java/Assignment/src/Week5/CafeTest.java,CafeTest::CreateBeverage,64,10,Default task
2021-10-02T13:55:00.169+09:00,HanSeunghun,KeyEvent,65535:37:0,Assignment,Editor,D:/University/Java/Assignment/src/Week5/CafeTest.java,CafeTest::CreateBeverage,64,9,Default task
2021-10-02T13:55:00.338+09:00,HanSeunghun,Action,EditorLeft,Assignment,Editor,D:/University/Java/Assignment/src/Week5/CafeTest.java,CafeTest::CreateBeverage,64,9,Default task
2021-10-02T13:55:00.338+09:00,HanSeunghun,KeyEvent,65535:37:0,Assignment,Editor,D:/University/Java/Assignment/src/Week5/CafeTest.java,CafeTest::CreateBeverage,64,8,Default task
2021-10-02T13:55:00.426+09:00,HanSeunghun,KeyEvent,32:32:0,Assignment,Editor,D:/University/Java/Assignment/src/Week5/CafeTest.java,CafeTest::CreateBeverage,64,8,Default task
2021-10-02T13:55:00.554+09:00,HanSeunghun,Action,EditorLeft,Assignment,Editor,D:/University/Java/Assignment/src/Week5/CafeTest.java,CafeTest::CreateBeverage,64,9,Default task
2021-10-02T13:55:00.554+09:00,HanSeunghun,KeyEvent,65535:37:0,Assignment,Editor,D:/University/Java/Assignment/src/Week5/CafeTest.java,CafeTest::CreateBeverage,64,8,Default task
2021-10-02T13:55:00.881+09:00,HanSeunghun,KeyEvent,65535:20:0,Assignment,Editor,D:/University/Java/Assignment/src/Week5/CafeTest.java,CafeTest::CreateBeverage,64,8,Default task
2021-10-02T13:55:00.993+09:00,HanSeunghun,KeyEvent,83:83:0,Assignment,Editor,D:/University/Java/Assignment/src/Week5/CafeTest.java,CafeTest::CreateBeverage,64,8,Default task
2021-10-02T13:55:01.132+09:00,HanSeunghun,KeyEvent,65535:20:0,Assignment,Editor,D:/University/Java/Assignment/src/Week5/CafeTest.java,CafeTest::CreateBeverage,64,9,Default task
2021-10-02T13:55:01.225+09:00,HanSeunghun,KeyEvent,116:84:0,Assignment,Editor,D:/University/Java/Assignment/src/Week5/CafeTest.java,CafeTest::CreateBeverage,64,9,Default task
2021-10-02T13:55:01.387+09:00,HanSeunghun,KeyEvent,114:82:0,Assignment,Editor,D:/University/Java/Assignment/src/Week5/CafeTest.java,CafeTest::CreateBeverage,64,10,Default task
2021-10-02T13:55:01.457+09:00,HanSeunghun,KeyEvent,105:73:0,Assignment,Editor,D:/University/Java/Assignment/src/Week5/CafeTest.java,CafeTest::CreateBeverage,64,11,Default task
2021-10-02T13:55:01.612+09:00,HanSeunghun,KeyEvent,110:78:0,Assignment,Editor,D:/University/Java/Assignment/src/Week5/CafeTest.java,CafeTest::CreateBeverage,64,12,Default task
2021-10-02T13:55:01.690+09:00,HanSeunghun,KeyEvent,103:71:0,Assignment,Editor,D:/University/Java/Assignment/src/Week5/CafeTest.java,CafeTest::CreateBeverage,64,13,Default task
2021-10-02T13:55:01.802+09:00,HanSeunghun,KeyEvent,32:32:0,Assignment,Editor,D:/University/Java/Assignment/src/Week5/CafeTest.java,CafeTest::CreateBeverage,64,14,Default task
2021-10-02T13:55:02.744+09:00,HanSeunghun,KeyEvent,110:78:0,Assignment,Editor,D:/University/Java/Assignment/src/Week5/CafeTest.java,CafeTest::CreateBeverage,64,15,Default task
2021-10-02T13:55:02.809+09:00,HanSeunghun,KeyEvent,97:65:0,Assignment,Editor,D:/University/Java/Assignment/src/Week5/CafeTest.java,CafeTest::CreateBeverage,64,16,Default task
2021-10-02T13:55:02.969+09:00,HanSeunghun,KeyEvent,109:77:0,Assignment,Editor,D:/University/Java/Assignment/src/Week5/CafeTest.java,CafeTest::CreateBeverage,64,17,Default task
2021-10-02T13:55:03.080+09:00,HanSeunghun,KeyEvent,101:69:0,Assignment,Editor,D:/University/Java/Assignment/src/Week5/CafeTest.java,CafeTest::CreateBeverage,64,18,Default task
2021-10-02T13:55:03.370+09:00,HanSeunghun,KeyEvent,27:27:0,Assignment,Editor,D:/University/Java/Assignment/src/Week5/CafeTest.java,CafeTest::CreateBeverage,64,19,Default task
2021-10-02T13:55:03.578+09:00,HanSeunghun,Action,EditorLineEnd,Assignment,Editor,D:/University/Java/Assignment/src/Week5/CafeTest.java,CafeTest::CreateBeverage,64,19,Default task
2021-10-02T13:55:03.578+09:00,HanSeunghun,KeyEvent,65535:35:0,Assignment,Editor,D:/University/Java/Assignment/src/Week5/CafeTest.java,CafeTest::CreateBeverage,64,37,Default task
2021-10-02T13:55:04.049+09:00,HanSeunghun,Action,EditorEnter,Assignment,Editor,D:/University/Java/Assignment/src/Week5/CafeTest.java,CafeTest::CreateBeverage,64,37,Default task
2021-10-02T13:55:04.050+09:00,HanSeunghun,KeyEvent,10:10:0,Assignment,Editor,D:/University/Java/Assignment/src/Week5/CafeTest.java,,65,8,Default task
2021-10-02T13:55:04.545+09:00,HanSeunghun,Action,EditorUp,Assignment,Editor,D:/University/Java/Assignment/src/Week5/CafeTest.java,CafeTest::CreateBeverage,65,8,Default task
2021-10-02T13:55:04.546+09:00,HanSeunghun,KeyEvent,65535:38:0,Assignment,Editor,D:/University/Java/Assignment/src/Week5/CafeTest.java,CafeTest::CreateBeverage,64,8,Default task
2021-10-02T13:55:04.859+09:00,HanSeunghun,KeyEvent,65535:16:1,Assignment,Editor,D:/University/Java/Assignment/src/Week5/CafeTest.java,CafeTest::CreateBeverage,64,8,Default task
2021-10-02T13:55:04.995+09:00,HanSeunghun,Action,EditorLineEndWithSelection,Assignment,Editor,D:/University/Java/Assignment/src/Week5/CafeTest.java,CafeTest::CreateBeverage,64,8,Default task
2021-10-02T13:55:04.995+09:00,HanSeunghun,KeyEvent,65535:35:1,Assignment,Editor,D:/University/Java/Assignment/src/Week5/CafeTest.java,CafeTest::CreateBeverage,64,37,Default task
2021-10-02T13:55:05.113+09:00,HanSeunghun,KeyEvent,65535:17:3,Assignment,Editor,D:/University/Java/Assignment/src/Week5/CafeTest.java,CafeTest::CreateBeverage,64,37,Default task
2021-10-02T13:55:05.188+09:00,HanSeunghun,Action,EditorCopy,Assignment,Editor,D:/University/Java/Assignment/src/Week5/CafeTest.java,CafeTest::CreateBeverage,64,37,Default task
2021-10-02T13:55:05.193+09:00,HanSeunghun,KeyEvent,3:67:2,Assignment,Editor,D:/University/Java/Assignment/src/Week5/CafeTest.java,CafeTest::CreateBeverage,64,37,Default task
2021-10-02T13:55:05.450+09:00,HanSeunghun,Action,EditorDown,Assignment,Editor,D:/University/Java/Assignment/src/Week5/CafeTest.java,CafeTest::CreateBeverage,64,37,Default task
2021-10-02T13:55:05.451+09:00,HanSeunghun,KeyEvent,65535:40:0,Assignment,Editor,D:/University/Java/Assignment/src/Week5/CafeTest.java,CafeTest::CreateBeverage,65,8,Default task
2021-10-02T13:55:05.561+09:00,HanSeunghun,KeyEvent,65535:17:2,Assignment,Editor,D:/University/Java/Assignment/src/Week5/CafeTest.java,CafeTest::CreateBeverage,65,8,Default task
2021-10-02T13:55:05.620+09:00,HanSeunghun,Action,EditorPaste,Assignment,Editor,D:/University/Java/Assignment/src/Week5/CafeTest.java,CafeTest::CreateBeverage,65,8,Default task
2021-10-02T13:55:05.627+09:00,HanSeunghun,KeyEvent,22:86:2,Assignment,Editor,D:/University/Java/Assignment/src/Week5/CafeTest.java,CafeTest::CreateBeverage,65,37,Default task
2021-10-02T13:55:07.481+09:00,HanSeunghun,KeyEvent,116:84:0,Assignment,Editor,D:/University/Java/Assignment/src/Week5/CafeTest.java,CafeTest::CreateBeverage,65,19,Default task
2021-10-02T13:55:07.625+09:00,HanSeunghun,KeyEvent,121:89:0,Assignment,Editor,D:/University/Java/Assignment/src/Week5/CafeTest.java,CafeTest::CreateBeverage,65,16,Default task
2021-10-02T13:55:07.809+09:00,HanSeunghun,KeyEvent,112:80:0,Assignment,Editor,D:/University/Java/Assignment/src/Week5/CafeTest.java,CafeTest::CreateBeverage,65,17,Default task
2021-10-02T13:55:07.906+09:00,HanSeunghun,KeyEvent,101:69:0,Assignment,Editor,D:/University/Java/Assignment/src/Week5/CafeTest.java,CafeTest::CreateBeverage,65,18,Default task
2021-10-02T13:55:08.130+09:00,HanSeunghun,KeyEvent,27:27:0,Assignment,Editor,D:/University/Java/Assignment/src/Week5/CafeTest.java,CafeTest::CreateBeverage,65,19,Default task
2021-10-02T13:55:15.777+09:00,HanSeunghun,Action,EditorEnter,Assignment,Editor,D:/University/Java/Assignment/src/Week5/CafeTest.java,CafeTest::CreateBeverage,65,37,Default task
2021-10-02T13:55:15.779+09:00,HanSeunghun,KeyEvent,10:10:0,Assignment,Editor,D:/University/Java/Assignment/src/Week5/CafeTest.java,,66,8,Default task
2021-10-02T13:55:15.969+09:00,HanSeunghun,KeyEvent,114:82:0,Assignment,Editor,D:/University/Java/Assignment/src/Week5/CafeTest.java,CafeTest::CreateBeverage,66,8,Default task
2021-10-02T13:55:16.074+09:00,HanSeunghun,KeyEvent,101:69:0,Assignment,Editor,D:/University/Java/Assignment/src/Week5/CafeTest.java,CafeTest::CreateBeverage,66,9,Default task
2021-10-02T13:55:16.235+09:00,HanSeunghun,KeyEvent,116:84:0,Assignment,Editor,D:/University/Java/Assignment/src/Week5/CafeTest.java,CafeTest::CreateBeverage,66,10,Default task
2021-10-02T13:55:16.273+09:00,HanSeunghun,KeyEvent,117:85:0,Assignment,Editor,D:/University/Java/Assignment/src/Week5/CafeTest.java,CafeTest::CreateBeverage,66,11,Default task
2021-10-02T13:55:16.385+09:00,HanSeunghun,KeyEvent,114:82:0,Assignment,Editor,D:/University/Java/Assignment/src/Week5/CafeTest.java,CafeTest::CreateBeverage,66,12,Default task
2021-10-02T13:55:16.505+09:00,HanSeunghun,KeyEvent,110:78:0,Assignment,Editor,D:/University/Java/Assignment/src/Week5/CafeTest.java,CafeTest::CreateBeverage,66,13,Default task
2021-10-02T13:55:16.610+09:00,HanSeunghun,KeyEvent,32:32:0,Assignment,Editor,D:/University/Java/Assignment/src/Week5/CafeTest.java,CafeTest::CreateBeverage,66,14,Default task
2021-10-02T13:55:16.736+09:00,HanSeunghun,KeyEvent,110:78:0,Assignment,Editor,D:/University/Java/Assignment/src/Week5/CafeTest.java,CafeTest::CreateBeverage,66,15,Default task
2021-10-02T13:55:16.816+09:00,HanSeunghun,KeyEvent,101:69:0,Assignment,Editor,D:/University/Java/Assignment/src/Week5/CafeTest.java,CafeTest::CreateBeverage,66,16,Default task
2021-10-02T13:55:16.976+09:00,HanSeunghun,KeyEvent,119:87:0,Assignment,Editor,D:/University/Java/Assignment/src/Week5/CafeTest.java,CafeTest::CreateBeverage,66,17,Default task
2021-10-02T13:55:17.065+09:00,HanSeunghun,KeyEvent,32:32:0,Assignment,Editor,D:/University/Java/Assignment/src/Week5/CafeTest.java,CafeTest::CreateBeverage,66,18,Default task
2021-10-02T13:55:17.249+09:00,HanSeunghun,KeyEvent,65535:20:0,Assignment,Editor,D:/University/Java/Assignment/src/Week5/CafeTest.java,CafeTest::CreateBeverage,66,19,Default task
2021-10-02T13:55:17.397+09:00,HanSeunghun,KeyEvent,66:66:0,Assignment,Editor,D:/University/Java/Assignment/src/Week5/CafeTest.java,CafeTest::CreateBeverage,66,19,Default task
2021-10-02T13:55:17.541+09:00,HanSeunghun,KeyEvent,65535:20:0,Assignment,Editor,D:/University/Java/Assignment/src/Week5/CafeTest.java,CafeTest::CreateBeverage,66,20,Default task
2021-10-02T13:55:17.617+09:00,HanSeunghun,KeyEvent,101:69:0,Assignment,Editor,D:/University/Java/Assignment/src/Week5/CafeTest.java,CafeTest::CreateBeverage,66,20,Default task
2021-10-02T13:55:18.034+09:00,HanSeunghun,Action,EditorChooseLookupItem,Assignment,Editor,D:/University/Java/Assignment/src/Week5/CafeTest.java,CafeTest::CreateBeverage,66,21,Default task
2021-10-02T13:55:18.045+09:00,HanSeunghun,KeyEvent,10:10:0,Assignment,Editor,D:/University/Java/Assignment/src/Week5/CafeTest.java,CafeTest::CreateBeverage,66,28,Default task
2021-10-02T13:55:18.849+09:00,HanSeunghun,KeyEvent,110:78:0,Assignment,Editor,D:/University/Java/Assignment/src/Week5/CafeTest.java,CafeTest::CreateBeverage,66,28,Default task
2021-10-02T13:55:19.281+09:00,HanSeunghun,Action,EditorChooseLookupItem,Assignment,Editor,D:/University/Java/Assignment/src/Week5/CafeTest.java,CafeTest::CreateBeverage,66,29,Default task
2021-10-02T13:55:19.288+09:00,HanSeunghun,KeyEvent,10:10:0,Assignment,Editor,D:/University/Java/Assignment/src/Week5/CafeTest.java,CafeTest::CreateBeverage,66,32,Default task
2021-10-02T13:55:19.520+09:00,HanSeunghun,KeyEvent,44:44:0,Assignment,Editor,D:/University/Java/Assignment/src/Week5/CafeTest.java,CafeTest::CreateBeverage,66,32,Default task
2021-10-02T13:55:19.825+09:00,HanSeunghun,KeyEvent,32:32:0,Assignment,Editor,D:/University/Java/Assignment/src/Week5/CafeTest.java,CafeTest::CreateBeverage,66,33,Default task
2021-10-02T13:55:20.040+09:00,HanSeunghun,KeyEvent,116:84:0,Assignment,Editor,D:/University/Java/Assignment/src/Week5/CafeTest.java,CafeTest::CreateBeverage,66,34,Default task
2021-10-02T13:55:20.393+09:00,HanSeunghun,Action,EditorChooseLookupItem,Assignment,Editor,D:/University/Java/Assignment/src/Week5/CafeTest.java,CafeTest::CreateBeverage,66,35,Default task
2021-10-02T13:55:20.400+09:00,HanSeunghun,KeyEvent,10:10:0,Assignment,Editor,D:/University/Java/Assignment/src/Week5/CafeTest.java,CafeTest::CreateBeverage,66,38,Default task
2021-10-02T13:55:20.650+09:00,HanSeunghun,Action,EditorRight,Assignment,Editor,D:/University/Java/Assignment/src/Week5/CafeTest.java,CafeTest::CreateBeverage,66,38,Default task
2021-10-02T13:55:20.650+09:00,HanSeunghun,KeyEvent,65535:39:0,Assignment,Editor,D:/University/Java/Assignment/src/Week5/CafeTest.java,CafeTest::CreateBeverage,66,39,Default task
2021-10-02T13:55:20.921+09:00,HanSeunghun,KeyEvent,59:59:0,Assignment,Editor,D:/University/Java/Assignment/src/Week5/CafeTest.java,CafeTest::CreateBeverage,66,39,Default task
2021-10-02T13:55:21.297+09:00,HanSeunghun,Action,EditorDown,Assignment,Editor,D:/University/Java/Assignment/src/Week5/CafeTest.java,CafeTest::CreateBeverage,66,40,Default task
2021-10-02T13:55:21.298+09:00,HanSeunghun,KeyEvent,65535:40:0,Assignment,Editor,D:/University/Java/Assignment/src/Week5/CafeTest.java,,67,5,Default task
2021-10-02T13:55:21.497+09:00,HanSeunghun,Action,EditorDown,Assignment,Editor,D:/University/Java/Assignment/src/Week5/CafeTest.java,,67,5,Default task
2021-10-02T13:55:21.498+09:00,HanSeunghun,KeyEvent,65535:40:0,Assignment,Editor,D:/University/Java/Assignment/src/Week5/CafeTest.java,,68,1,Default task
2021-10-02T13:55:21.676+09:00,HanSeunghun,Action,EditorDown,Assignment,Editor,D:/University/Java/Assignment/src/Week5/CafeTest.java,,68,1,Default task
2021-10-02T13:55:21.676+09:00,HanSeunghun,KeyEvent,65535:40:0,Assignment,Editor,D:/University/Java/Assignment/src/Week5/CafeTest.java,,68,1,Default task
2021-10-02T13:55:22.097+09:00,HanSeunghun,KeyEvent,65535:17:2,Assignment,Editor,D:/University/Java/Assignment/src/Week5/CafeTest.java,,68,1,Default task
2021-10-02T13:55:22.241+09:00,HanSeunghun,Action,SaveAll,Assignment,Editor,D:/University/Java/Assignment/src/Week5/CafeTest.java,,68,1,Default task
2021-10-02T13:55:22.251+09:00,HanSeunghun,KeyEvent,19:83:2,Assignment,Editor,D:/University/Java/Assignment/src/Week5/CafeTest.java,CafeTest::CreateBeverage,68,1,Default task
2021-10-02T13:55:23.185+09:00,HanSeunghun,KeyEvent,65535:17:2,Assignment,Editor,D:/University/Java/Assignment/src/Week5/CafeTest.java,CafeTest::CreateBeverage,62,42,Default task
2021-10-02T13:55:23.265+09:00,HanSeunghun,Action,EditorCopy,Assignment,Editor,D:/University/Java/Assignment/src/Week5/CafeTest.java,CafeTest::CreateBeverage,62,42,Default task
2021-10-02T13:55:23.267+09:00,HanSeunghun,KeyEvent,3:67:2,Assignment,Editor,D:/University/Java/Assignment/src/Week5/CafeTest.java,CafeTest::CreateBeverage,62,42,Default task
2021-10-02T13:55:27.969+09:00,HanSeunghun,KeyEvent,65535:17:2,Assignment,Editor,D:/University/Java/Assignment/src/Week5/CafeTest.java,CafeTest::main,42,39,Default task
2021-10-02T13:55:28.040+09:00,HanSeunghun,Action,EditorPaste,Assignment,Editor,D:/University/Java/Assignment/src/Week5/CafeTest.java,CafeTest::main,42,39,Default task
2021-10-02T13:55:28.055+09:00,HanSeunghun,KeyEvent,22:86:2,Assignment,Editor,D:/University/Java/Assignment/src/Week5/CafeTest.java,CafeTest::main,42,53,Default task
2021-10-02T13:55:28.713+09:00,HanSeunghun,KeyEvent,65535:17:2,Assignment,Editor,D:/University/Java/Assignment/src/Week5/CafeTest.java,CafeTest::main,42,53,Default task
2021-10-02T13:55:28.809+09:00,HanSeunghun,Action,EditorPreviousWord,Assignment,Editor,D:/University/Java/Assignment/src/Week5/CafeTest.java,CafeTest::main,42,53,Default task
2021-10-02T13:55:28.810+09:00,HanSeunghun,KeyEvent,65535:37:2,Assignment,Editor,D:/University/Java/Assignment/src/Week5/CafeTest.java,CafeTest::main,42,39,Default task
2021-10-02T13:55:29.098+09:00,HanSeunghun,KeyEvent,32:32:0,Assignment,Editor,D:/University/Java/Assignment/src/Week5/CafeTest.java,CafeTest::main,42,39,Default task
2021-10-02T13:55:29.446+09:00,HanSeunghun,Action,EditorLineEnd,Assignment,Editor,D:/University/Java/Assignment/src/Week5/CafeTest.java,CafeTest::main,42,40,Default task
2021-10-02T13:55:29.446+09:00,HanSeunghun,KeyEvent,65535:35:0,Assignment,Editor,D:/University/Java/Assignment/src/Week5/CafeTest.java,CafeTest::main,42,54,Default task
2021-10-02T13:55:29.769+09:00,HanSeunghun,KeyEvent,65535:16:1,Assignment,Editor,D:/University/Java/Assignment/src/Week5/CafeTest.java,CafeTest::main,42,54,Default task
2021-10-02T13:55:29.977+09:00,HanSeunghun,KeyEvent,40:57:1,Assignment,Editor,D:/University/Java/Assignment/src/Week5/CafeTest.java,CafeTest::main,42,54,Default task
2021-10-02T13:55:30.930+09:00,HanSeunghun,Action,EditorRight,Assignment,Editor,D:/University/Java/Assignment/src/Week5/CafeTest.java,CafeTest::main,42,55,Default task
2021-10-02T13:55:30.930+09:00,HanSeunghun,KeyEvent,65535:39:0,Assignment,Editor,D:/University/Java/Assignment/src/Week5/CafeTest.java,CafeTest::main,42,56,Default task
2021-10-02T13:55:31.441+09:00,HanSeunghun,KeyEvent,59:59:0,Assignment,Editor,D:/University/Java/Assignment/src/Week5/CafeTest.java,CafeTest::main,42,56,Default task
2021-10-02T13:55:31.829+09:00,HanSeunghun,Action,EditorEnter,Assignment,Editor,D:/University/Java/Assignment/src/Week5/CafeTest.java,CafeTest::main,42,57,Default task
2021-10-02T13:55:31.831+09:00,HanSeunghun,KeyEvent,10:10:0,Assignment,Editor,D:/University/Java/Assignment/src/Week5/CafeTest.java,CafeTest::main,43,20,Default task
2021-10-02T13:55:38.450+09:00,HanSeunghun,KeyEvent,115:83:0,Assignment,Editor,D:/University/Java/Assignment/src/Week5/CafeTest.java,CafeTest::main,43,20,Default task
2021-10-02T13:55:38.664+09:00,HanSeunghun,KeyEvent,116:84:0,Assignment,Editor,D:/University/Java/Assignment/src/Week5/CafeTest.java,CafeTest::main,43,21,Default task
2021-10-02T13:55:39.185+09:00,HanSeunghun,Action,EditorChooseLookupItem,Assignment,Editor,D:/University/Java/Assignment/src/Week5/CafeTest.java,CafeTest::main,43,22,Default task
2021-10-02T13:55:39.193+09:00,HanSeunghun,KeyEvent,10:10:0,Assignment,Editor,D:/University/Java/Assignment/src/Week5/CafeTest.java,CafeTest::main,43,29,Default task
2021-10-02T13:55:39.448+09:00,HanSeunghun,KeyEvent,46:46:0,Assignment,Editor,D:/University/Java/Assignment/src/Week5/CafeTest.java,CafeTest::main,43,29,Default task
2021-10-02T13:55:39.825+09:00,HanSeunghun,KeyEvent,97:65:0,Assignment,Editor,D:/University/Java/Assignment/src/Week5/CafeTest.java,CafeTest::main,43,30,Default task
2021-10-02T13:55:40.169+09:00,HanSeunghun,KeyEvent,100:68:0,Assignment,Editor,D:/University/Java/Assignment/src/Week5/CafeTest.java,CafeTest::main,43,31,Default task
2021-10-02T13:55:40.881+09:00,HanSeunghun,Action,EditorChooseLookupItem,Assignment,Editor,D:/University/Java/Assignment/src/Week5/CafeTest.java,CafeTest::main,43,32,Default task
2021-10-02T13:55:40.889+09:00,HanSeunghun,KeyEvent,10:10:0,Assignment,Editor,D:/University/Java/Assignment/src/Week5/CafeTest.java,CafeTest::main,43,42,Default task
2021-10-02T13:55:41.353+09:00,HanSeunghun,KeyEvent,98:66:0,Assignment,Editor,D:/University/Java/Assignment/src/Week5/CafeTest.java,CafeTest::main,43,42,Default task
2021-10-02T13:55:41.817+09:00,HanSeunghun,Action,EditorChooseLookupItem,Assignment,Editor,D:/University/Java/Assignment/src/Week5/CafeTest.java,CafeTest::main,43,43,Default task
2021-10-02T13:55:41.825+09:00,HanSeunghun,KeyEvent,10:10:0,Assignment,Editor,D:/University/Java/Assignment/src/Week5/CafeTest.java,CafeTest::main,43,50,Default task
2021-10-02T13:55:42.297+09:00,HanSeunghun,Action,EditorLineEnd,Assignment,Editor,D:/University/Java/Assignment/src/Week5/CafeTest.java,CafeTest::main,43,50,Default task
2021-10-02T13:55:42.298+09:00,HanSeunghun,KeyEvent,65535:35:0,Assignment,Editor,D:/University/Java/Assignment/src/Week5/CafeTest.java,CafeTest::main,43,52,Default task
2021-10-02T13:55:43.258+09:00,HanSeunghun,Action,EditorEnter,Assignment,Editor,D:/University/Java/Assignment/src/Week5/CafeTest.java,CafeTest::main,43,52,Default task
2021-10-02T13:55:43.260+09:00,HanSeunghun,KeyEvent,10:10:0,Assignment,Editor,D:/University/Java/Assignment/src/Week5/CafeTest.java,CafeTest::main,44,20,Default task
2021-10-02T13:55:43.433+09:00,HanSeunghun,KeyEvent,98:66:0,Assignment,Editor,D:/University/Java/Assignment/src/Week5/CafeTest.java,CafeTest::main,44,20,Default task
2021-10-02T13:55:43.945+09:00,HanSeunghun,Action,EditorChooseLookupItem,Assignment,Editor,D:/University/Java/Assignment/src/Week5/CafeTest.java,CafeTest::main,44,21,Default task
2021-10-02T13:55:43.952+09:00,HanSeunghun,KeyEvent,10:10:0,Assignment,Editor,D:/University/Java/Assignment/src/Week5/CafeTest.java,CafeTest::main,44,26,Default task
2021-10-02T13:55:44.420+09:00,HanSeunghun,KeyEvent,59:59:0,Assignment,Editor,D:/University/Java/Assignment/src/Week5/CafeTest.java,CafeTest::main,44,26,Default task
2021-10-02T13:55:44.705+09:00,HanSeunghun,Action,EditorBackSpace,Assignment,Editor,D:/University/Java/Assignment/src/Week5/CafeTest.java,CafeTest::main,44,27,Default task
2021-10-02T13:55:44.706+09:00,HanSeunghun,KeyEvent,8:8:0,Assignment,Editor,D:/University/Java/Assignment/src/Week5/CafeTest.java,CafeTest::main,44,26,Default task
2021-10-02T13:55:44.889+09:00,HanSeunghun,Action,EditorBackSpace,Assignment,Editor,D:/University/Java/Assignment/src/Week5/CafeTest.java,CafeTest::main,44,26,Default task
2021-10-02T13:55:44.890+09:00,HanSeunghun,KeyEvent,8:8:0,Assignment,Editor,D:/University/Java/Assignment/src/Week5/CafeTest.java,CafeTest::main,44,25,Default task
2021-10-02T13:55:45.113+09:00,HanSeunghun,KeyEvent,59:59:0,Assignment,Editor,D:/University/Java/Assignment/src/Week5/CafeTest.java,CafeTest::main,44,25,Default task
2021-10-02T13:55:45.345+09:00,HanSeunghun,Action,EditorBackSpace,Assignment,Editor,D:/University/Java/Assignment/src/Week5/CafeTest.java,CafeTest::main,44,26,Default task
2021-10-02T13:55:45.346+09:00,HanSeunghun,KeyEvent,8:8:0,Assignment,Editor,D:/University/Java/Assignment/src/Week5/CafeTest.java,CafeTest::main,44,25,Default task
2021-10-02T13:55:45.585+09:00,HanSeunghun,KeyEvent,59:59:0,Assignment,Editor,D:/University/Java/Assignment/src/Week5/CafeTest.java,CafeTest::main,44,25,Default task
2021-10-02T13:55:45.809+09:00,HanSeunghun,Action,EditorBackSpace,Assignment,Editor,D:/University/Java/Assignment/src/Week5/CafeTest.java,CafeTest::main,44,26,Default task
2021-10-02T13:55:45.810+09:00,HanSeunghun,KeyEvent,8:8:0,Assignment,Editor,D:/University/Java/Assignment/src/Week5/CafeTest.java,CafeTest::main,44,25,Default task
2021-10-02T13:55:46.041+09:00,HanSeunghun,KeyEvent,59:59:0,Assignment,Editor,D:/University/Java/Assignment/src/Week5/CafeTest.java,CafeTest::main,44,25,Default task
2021-10-02T13:55:46.233+09:00,HanSeunghun,Action,EditorBackSpace,Assignment,Editor,D:/University/Java/Assignment/src/Week5/CafeTest.java,CafeTest::main,44,26,Default task
2021-10-02T13:55:46.234+09:00,HanSeunghun,KeyEvent,8:8:0,Assignment,Editor,D:/University/Java/Assignment/src/Week5/CafeTest.java,CafeTest::main,44,25,Default task
2021-10-02T13:55:46.424+09:00,HanSeunghun,KeyEvent,59:59:0,Assignment,Editor,D:/University/Java/Assignment/src/Week5/CafeTest.java,CafeTest::main,44,25,Default task
2021-10-02T13:55:46.593+09:00,HanSeunghun,Action,EditorBackSpace,Assignment,Editor,D:/University/Java/Assignment/src/Week5/CafeTest.java,CafeTest::main,44,26,Default task
2021-10-02T13:55:46.594+09:00,HanSeunghun,KeyEvent,8:8:0,Assignment,Editor,D:/University/Java/Assignment/src/Week5/CafeTest.java,CafeTest::main,44,25,Default task
2021-10-02T13:55:46.817+09:00,HanSeunghun,KeyEvent,59:59:0,Assignment,Editor,D:/University/Java/Assignment/src/Week5/CafeTest.java,CafeTest::main,44,25,Default task
2021-10-02T13:55:47.010+09:00,HanSeunghun,Action,EditorBackSpace,Assignment,Editor,D:/University/Java/Assignment/src/Week5/CafeTest.java,CafeTest::main,44,26,Default task
2021-10-02T13:55:47.011+09:00,HanSeunghun,KeyEvent,8:8:0,Assignment,Editor,D:/University/Java/Assignment/src/Week5/CafeTest.java,CafeTest::main,44,25,Default task
2021-10-02T13:55:47.193+09:00,HanSeunghun,KeyEvent,59:59:0,Assignment,Editor,D:/University/Java/Assignment/src/Week5/CafeTest.java,CafeTest::main,44,25,Default task
2021-10-02T13:55:47.361+09:00,HanSeunghun,Action,EditorBackSpace,Assignment,Editor,D:/University/Java/Assignment/src/Week5/CafeTest.java,CafeTest::main,44,26,Default task
2021-10-02T13:55:47.362+09:00,HanSeunghun,KeyEvent,8:8:0,Assignment,Editor,D:/University/Java/Assignment/src/Week5/CafeTest.java,CafeTest::main,44,25,Default task
2021-10-02T13:55:47.545+09:00,HanSeunghun,KeyEvent,59:59:0,Assignment,Editor,D:/University/Java/Assignment/src/Week5/CafeTest.java,CafeTest::main,44,25,Default task
2021-10-02T13:55:47.697+09:00,HanSeunghun,Action,EditorBackSpace,Assignment,Editor,D:/University/Java/Assignment/src/Week5/CafeTest.java,CafeTest::main,44,26,Default task
2021-10-02T13:55:47.698+09:00,HanSeunghun,KeyEvent,8:8:0,Assignment,Editor,D:/University/Java/Assignment/src/Week5/CafeTest.java,CafeTest::main,44,25,Default task
2021-10-02T13:55:47.850+09:00,HanSeunghun,KeyEvent,59:59:0,Assignment,Editor,D:/University/Java/Assignment/src/Week5/CafeTest.java,CafeTest::main,44,25,Default task
2021-10-02T13:55:48.097+09:00,HanSeunghun,Action,EditorEnter,Assignment,Editor,D:/University/Java/Assignment/src/Week5/CafeTest.java,CafeTest::main,44,26,Default task
2021-10-02T13:55:48.099+09:00,HanSeunghun,KeyEvent,10:10:0,Assignment,Editor,D:/University/Java/Assignment/src/Week5/CafeTest.java,CafeTest::main,45,20,Default task
2021-10-02T13:55:48.369+09:00,HanSeunghun,Action,EditorEnter,Assignment,Editor,D:/University/Java/Assignment/src/Week5/CafeTest.java,CafeTest::main,45,20,Default task
2021-10-02T13:55:48.371+09:00,HanSeunghun,KeyEvent,10:10:0,Assignment,Editor,D:/University/Java/Assignment/src/Week5/CafeTest.java,CafeTest::main,46,20,Default task
2021-10-02T13:55:48.664+09:00,HanSeunghun,KeyEvent,99:67:0,Assignment,Editor,D:/University/Java/Assignment/src/Week5/CafeTest.java,CafeTest::main,46,20,Default task
2021-10-02T13:55:48.745+09:00,HanSeunghun,KeyEvent,97:65:0,Assignment,Editor,D:/University/Java/Assignment/src/Week5/CafeTest.java,CafeTest::main,46,21,Default task
2021-10-02T13:55:48.856+09:00,HanSeunghun,KeyEvent,115:83:0,Assignment,Editor,D:/University/Java/Assignment/src/Week5/CafeTest.java,CafeTest::main,46,22,Default task
2021-10-02T13:55:49.186+09:00,HanSeunghun,KeyEvent,101:69:0,Assignment,Editor,D:/University/Java/Assignment/src/Week5/CafeTest.java,CafeTest::main,46,23,Default task
2021-10-02T13:55:49.355+09:00,HanSeunghun,KeyEvent,32:32:0,Assignment,Editor,D:/University/Java/Assignment/src/Week5/CafeTest.java,CafeTest::main,46,24,Default task
2021-10-02T13:55:49.712+09:00,HanSeunghun,KeyEvent,102:70:0,Assignment,Editor,D:/University/Java/Assignment/src/Week5/CafeTest.java,CafeTest::main,46,25,Default task
2021-10-02T13:55:50.185+09:00,HanSeunghun,Action,EditorChooseLookupItem,Assignment,Editor,D:/University/Java/Assignment/src/Week5/CafeTest.java,CafeTest::main,46,26,Default task
2021-10-02T13:55:50.231+09:00,HanSeunghun,KeyEvent,10:10:0,Assignment,Editor,D:/University/Java/Assignment/src/Week5/CafeTest.java,CafeTest::main,46,46,Default task
2021-10-02T13:55:50.605+09:00,HanSeunghun,KeyEvent,65535:17:2,Assignment,Editor,D:/University/Java/Assignment/src/Week5/CafeTest.java,CafeTest::main,46,46,Default task
2021-10-02T13:55:50.679+09:00,HanSeunghun,Action,$Undo,Assignment,Editor,D:/University/Java/Assignment/src/Week5/CafeTest.java,CafeTest::main,46,46,Default task
2021-10-02T13:55:50.681+09:00,HanSeunghun,KeyEvent,26:90:2,Assignment,Editor,D:/University/Java/Assignment/src/Week5/CafeTest.java,CafeTest::main,46,26,Default task
2021-10-02T13:55:51.057+09:00,HanSeunghun,Action,EditorBackSpace,Assignment,Editor,D:/University/Java/Assignment/src/Week5/CafeTest.java,CafeTest::main,46,26,Default task
2021-10-02T13:55:51.058+09:00,HanSeunghun,KeyEvent,8:8:0,Assignment,Editor,D:/University/Java/Assignment/src/Week5/CafeTest.java,CafeTest::main,46,25,Default task
2021-10-02T13:55:51.275+09:00,HanSeunghun,Action,EditorBackSpace,Assignment,Editor,D:/University/Java/Assignment/src/Week5/CafeTest.java,CafeTest::main,46,25,Default task
2021-10-02T13:55:51.276+09:00,HanSeunghun,KeyEvent,8:8:0,Assignment,Editor,D:/University/Java/Assignment/src/Week5/CafeTest.java,CafeTest::main,46,24,Default task
2021-10-02T13:55:51.474+09:00,HanSeunghun,KeyEvent,32:32:0,Assignment,Editor,D:/University/Java/Assignment/src/Week5/CafeTest.java,CafeTest::main,46,24,Default task
2021-10-02T13:55:51.616+09:00,HanSeunghun,KeyEvent,102:70:0,Assignment,Editor,D:/University/Java/Assignment/src/Week5/CafeTest.java,CafeTest::main,46,25,Default task
2021-10-02T13:55:51.857+09:00,HanSeunghun,KeyEvent,105:73:0,Assignment,Editor,D:/University/Java/Assignment/src/Week5/CafeTest.java,CafeTest::main,46,26,Default task
2021-10-02T13:55:52.040+09:00,HanSeunghun,KeyEvent,110:78:0,Assignment,Editor,D:/University/Java/Assignment/src/Week5/CafeTest.java,CafeTest::main,46,27,Default task
2021-10-02T13:55:52.385+09:00,HanSeunghun,Action,EditorBackSpace,Assignment,Editor,D:/University/Java/Assignment/src/Week5/CafeTest.java,CafeTest::main,46,28,Default task
2021-10-02T13:55:52.386+09:00,HanSeunghun,KeyEvent,8:8:0,Assignment,Editor,D:/University/Java/Assignment/src/Week5/CafeTest.java,CafeTest::main,46,27,Default task
2021-10-02T13:55:52.589+09:00,HanSeunghun,Action,EditorBackSpace,Assignment,Editor,D:/University/Java/Assignment/src/Week5/CafeTest.java,CafeTest::main,46,27,Default task
2021-10-02T13:55:52.592+09:00,HanSeunghun,KeyEvent,8:8:0,Assignment,Editor,D:/University/Java/Assignment/src/Week5/CafeTest.java,CafeTest::main,46,26,Default task
2021-10-02T13:55:52.953+09:00,HanSeunghun,KeyEvent,65535:20:0,Assignment,Editor,D:/University/Java/Assignment/src/Week5/CafeTest.java,CafeTest::main,46,26,Default task
2021-10-02T13:55:53.169+09:00,HanSeunghun,Action,EditorBackSpace,Assignment,Editor,D:/University/Java/Assignment/src/Week5/CafeTest.java,CafeTest::main,46,26,Default task
2021-10-02T13:55:53.170+09:00,HanSeunghun,KeyEvent,8:8:0,Assignment,Editor,D:/University/Java/Assignment/src/Week5/CafeTest.java,CafeTest::main,46,25,Default task
2021-10-02T13:55:53.289+09:00,HanSeunghun,KeyEvent,70:70:0,Assignment,Editor,D:/University/Java/Assignment/src/Week5/CafeTest.java,CafeTest::main,46,25,Default task
2021-10-02T13:55:53.489+09:00,HanSeunghun,KeyEvent,73:73:0,Assignment,Editor,D:/University/Java/Assignment/src/Week5/CafeTest.java,CafeTest::main,46,26,Default task
2021-10-02T13:55:53.834+09:00,HanSeunghun,Action,EditorChooseLookupItem,Assignment,Editor,D:/University/Java/Assignment/src/Week5/CafeTest.java,CafeTest::main,46,27,Default task
2021-10-02T13:55:53.846+09:00,HanSeunghun,KeyEvent,10:10:0,Assignment,Editor,D:/University/Java/Assignment/src/Week5/CafeTest.java,CafeTest::main,46,26,Default task
2021-10-02T13:55:54.138+09:00,HanSeunghun,KeyEvent,65535:20:0,Assignment,Editor,D:/University/Java/Assignment/src/Week5/CafeTest.java,CafeTest::main,46,26,Default task
2021-10-02T13:55:54.577+09:00,HanSeunghun,Action,EditorEnter,Assignment,Editor,D:/University/Java/Assignment/src/Week5/CafeTest.java,CafeTest::main,46,26,Default task
2021-10-02T13:55:54.579+09:00,HanSeunghun,KeyEvent,10:10:0,Assignment,Editor,D:/University/Java/Assignment/src/Week5/CafeTest.java,CafeTest::main,47,20,Default task
2021-10-02T13:55:54.866+09:00,HanSeunghun,Action,EditorTab,Assignment,Editor,D:/University/Java/Assignment/src/Week5/CafeTest.java,CafeTest::main,47,20,Default task
2021-10-02T13:55:54.867+09:00,HanSeunghun,KeyEvent,9:9:0,Assignment,Editor,D:/University/Java/Assignment/src/Week5/CafeTest.java,CafeTest::main,47,24,Default task
2021-10-02T13:55:55.273+09:00,HanSeunghun,Action,EditorBackSpace,Assignment,Editor,D:/University/Java/Assignment/src/Week5/CafeTest.java,CafeTest::main,47,24,Default task
2021-10-02T13:55:55.274+09:00,HanSeunghun,KeyEvent,8:8:0,Assignment,Editor,D:/University/Java/Assignment/src/Week5/CafeTest.java,CafeTest::main,47,20,Default task
2021-10-02T13:55:55.840+09:00,HanSeunghun,KeyEvent,100:68:0,Assignment,Editor,D:/University/Java/Assignment/src/Week5/CafeTest.java,CafeTest::main,47,20,Default task
2021-10-02T13:55:55.920+09:00,HanSeunghun,KeyEvent,102:70:0,Assignment,Editor,D:/University/Java/Assignment/src/Week5/CafeTest.java,CafeTest::main,47,21,Default task
2021-10-02T13:55:56.209+09:00,HanSeunghun,Action,EditorBackSpace,Assignment,Editor,D:/University/Java/Assignment/src/Week5/CafeTest.java,CafeTest::main,47,22,Default task
2021-10-02T13:55:56.210+09:00,HanSeunghun,KeyEvent,8:8:0,Assignment,Editor,D:/University/Java/Assignment/src/Week5/CafeTest.java,CafeTest::main,47,21,Default task
2021-10-02T13:55:56.386+09:00,HanSeunghun,Action,EditorBackSpace,Assignment,Editor,D:/University/Java/Assignment/src/Week5/CafeTest.java,CafeTest::main,47,21,Default task
2021-10-02T13:55:56.387+09:00,HanSeunghun,KeyEvent,8:8:0,Assignment,Editor,D:/University/Java/Assignment/src/Week5/CafeTest.java,CafeTest::main,47,20,Default task
2021-10-02T13:55:57.665+09:00,HanSeunghun,KeyEvent,102:70:0,Assignment,Editor,D:/University/Java/Assignment/src/Week5/CafeTest.java,CafeTest::main,47,20,Default task
2021-10-02T13:55:57.793+09:00,HanSeunghun,KeyEvent,105:73:0,Assignment,Editor,D:/University/Java/Assignment/src/Week5/CafeTest.java,CafeTest::main,47,21,Default task
2021-10-02T13:55:58.569+09:00,HanSeunghun,Action,EditorEscape,Assignment,Editor,D:/University/Java/Assignment/src/Week5/CafeTest.java,CafeTest::main,47,22,Default task
2021-10-02T13:55:58.572+09:00,HanSeunghun,KeyEvent,27:27:0,Assignment,Editor,D:/University/Java/Assignment/src/Week5/CafeTest.java,CafeTest::main,47,22,Default task
2021-10-02T13:56:00.858+09:00,HanSeunghun,Action,EditorEnter,Assignment,Editor,D:/University/Java/Assignment/src/Week5/CafeTest.java,,72,5,Default task
2021-10-02T13:56:00.861+09:00,HanSeunghun,KeyEvent,10:10:0,Assignment,Editor,D:/University/Java/Assignment/src/Week5/CafeTest.java,,73,4,Default task
2021-10-02T13:56:01.145+09:00,HanSeunghun,KeyEvent,112:80:0,Assignment,Editor,D:/University/Java/Assignment/src/Week5/CafeTest.java,,73,4,Default task
2021-10-02T13:56:01.249+09:00,HanSeunghun,KeyEvent,114:82:0,Assignment,Editor,D:/University/Java/Assignment/src/Week5/CafeTest.java,,73,5,Default task
2021-10-02T13:56:01.329+09:00,HanSeunghun,KeyEvent,105:73:0,Assignment,Editor,D:/University/Java/Assignment/src/Week5/CafeTest.java,,73,6,Default task
2021-10-02T13:56:01.429+09:00,HanSeunghun,KeyEvent,118:86:0,Assignment,Editor,D:/University/Java/Assignment/src/Week5/CafeTest.java,,73,7,Default task
2021-10-02T13:56:01.489+09:00,HanSeunghun,KeyEvent,97:65:0,Assignment,Editor,D:/University/Java/Assignment/src/Week5/CafeTest.java,,73,8,Default task
2021-10-02T13:56:01.616+09:00,HanSeunghun,KeyEvent,116:84:0,Assignment,Editor,D:/University/Java/Assignment/src/Week5/CafeTest.java,,73,9,Default task
2021-10-02T13:56:01.737+09:00,HanSeunghun,KeyEvent,101:69:0,Assignment,Editor,D:/University/Java/Assignment/src/Week5/CafeTest.java,,73,10,Default task
2021-10-02T13:56:01.905+09:00,HanSeunghun,KeyEvent,32:32:0,Assignment,Editor,D:/University/Java/Assignment/src/Week5/CafeTest.java,,73,11,Default task
2021-10-02T13:56:01.977+09:00,HanSeunghun,KeyEvent,115:83:0,Assignment,Editor,D:/University/Java/Assignment/src/Week5/CafeTest.java,,73,12,Default task
2021-10-02T13:56:02.105+09:00,HanSeunghun,KeyEvent,116:84:0,Assignment,Editor,D:/University/Java/Assignment/src/Week5/CafeTest.java,,73,13,Default task
2021-10-02T13:56:02.201+09:00,HanSeunghun,KeyEvent,97:65:0,Assignment,Editor,D:/University/Java/Assignment/src/Week5/CafeTest.java,,73,14,Default task
2021-10-02T13:56:02.272+09:00,HanSeunghun,KeyEvent,116:84:0,Assignment,Editor,D:/University/Java/Assignment/src/Week5/CafeTest.java,,73,15,Default task
2021-10-02T13:56:02.377+09:00,HanSeunghun,KeyEvent,105:73:0,Assignment,Editor,D:/University/Java/Assignment/src/Week5/CafeTest.java,,73,16,Default task
2021-10-02T13:56:02.504+09:00,HanSeunghun,KeyEvent,99:67:0,Assignment,Editor,D:/University/Java/Assignment/src/Week5/CafeTest.java,,73,17,Default task
2021-10-02T13:56:02.633+09:00,HanSeunghun,KeyEvent,32:32:0,Assignment,Editor,D:/University/Java/Assignment/src/Week5/CafeTest.java,,73,18,Default task
2021-10-02T13:56:03.010+09:00,HanSeunghun,KeyEvent,65535:20:0,Assignment,Editor,D:/University/Java/Assignment/src/Week5/CafeTest.java,,73,19,Default task
2021-10-02T13:56:03.122+09:00,HanSeunghun,KeyEvent,66:66:0,Assignment,Editor,D:/University/Java/Assignment/src/Week5/CafeTest.java,,73,19,Default task
2021-10-02T13:56:03.291+09:00,HanSeunghun,KeyEvent,65535:20:0,Assignment,Editor,D:/University/Java/Assignment/src/Week5/CafeTest.java,,73,20,Default task
2021-10-02T13:56:03.448+09:00,HanSeunghun,KeyEvent,101:69:0,Assignment,Editor,D:/University/Java/Assignment/src/Week5/CafeTest.java,,73,20,Default task
2021-10-02T13:56:03.729+09:00,HanSeunghun,KeyEvent,118:86:0,Assignment,Editor,D:/University/Java/Assignment/src/Week5/CafeTest.java,,73,21,Default task
2021-10-02T13:56:03.848+09:00,HanSeunghun,KeyEvent,101:69:0,Assignment,Editor,D:/University/Java/Assignment/src/Week5/CafeTest.java,,73,22,Default task
2021-10-02T13:56:04.090+09:00,HanSeunghun,KeyEvent,114:82:0,Assignment,Editor,D:/University/Java/Assignment/src/Week5/CafeTest.java,,73,23,Default task
2021-10-02T13:56:04.513+09:00,HanSeunghun,Action,EditorChooseLookupItem,Assignment,Editor,D:/University/Java/Assignment/src/Week5/CafeTest.java,,73,24,Default task
2021-10-02T13:56:04.521+09:00,HanSeunghun,KeyEvent,10:10:0,Assignment,Editor,D:/University/Java/Assignment/src/Week5/CafeTest.java,,73,27,Default task
2021-10-02T13:56:04.745+09:00,HanSeunghun,KeyEvent,32:32:0,Assignment,Editor,D:/University/Java/Assignment/src/Week5/CafeTest.java,,73,27,Default task
2021-10-02T13:56:04.873+09:00,HanSeunghun,KeyEvent,65535:20:0,Assignment,Editor,D:/University/Java/Assignment/src/Week5/CafeTest.java,,73,28,Default task
2021-10-02T13:56:05.056+09:00,HanSeunghun,KeyEvent,70:70:0,Assignment,Editor,D:/University/Java/Assignment/src/Week5/CafeTest.java,,73,28,Default task
2021-10-02T13:56:05.169+09:00,HanSeunghun,KeyEvent,65535:20:0,Assignment,Editor,D:/University/Java/Assignment/src/Week5/CafeTest.java,,73,29,Default task
2021-10-02T13:56:05.329+09:00,HanSeunghun,KeyEvent,105:73:0,Assignment,Editor,D:/University/Java/Assignment/src/Week5/CafeTest.java,,73,29,Default task
2021-10-02T13:56:05.544+09:00,HanSeunghun,KeyEvent,110:78:0,Assignment,Editor,D:/University/Java/Assignment/src/Week5/CafeTest.java,,73,30,Default task
2021-10-02T13:56:05.641+09:00,HanSeunghun,KeyEvent,100:68:0,Assignment,Editor,D:/University/Java/Assignment/src/Week5/CafeTest.java,,73,31,Default task
2021-10-02T13:56:06.761+09:00,HanSeunghun,KeyEvent,65535:20:0,Assignment,Editor,D:/University/Java/Assignment/src/Week5/CafeTest.java,,73,32,Default task
2021-10-02T13:56:06.888+09:00,HanSeunghun,KeyEvent,86:86:0,Assignment,Editor,D:/University/Java/Assignment/src/Week5/CafeTest.java,,73,32,Default task
2021-10-02T13:56:07.040+09:00,HanSeunghun,KeyEvent,65535:20:0,Assignment,Editor,D:/University/Java/Assignment/src/Week5/CafeTest.java,,73,33,Default task
2021-10-02T13:56:07.352+09:00,HanSeunghun,KeyEvent,101:69:0,Assignment,Editor,D:/University/Java/Assignment/src/Week5/CafeTest.java,,73,33,Default task
2021-10-02T13:56:07.681+09:00,HanSeunghun,Action,EditorBackSpace,Assignment,Editor,D:/University/Java/Assignment/src/Week5/CafeTest.java,,73,34,Default task
2021-10-02T13:56:07.683+09:00,HanSeunghun,KeyEvent,8:8:0,Assignment,Editor,D:/University/Java/Assignment/src/Week5/CafeTest.java,,73,33,Default task
2021-10-02T13:56:07.817+09:00,HanSeunghun,Action,EditorBackSpace,Assignment,Editor,D:/University/Java/Assignment/src/Week5/CafeTest.java,,73,33,Default task
2021-10-02T13:56:07.818+09:00,HanSeunghun,KeyEvent,8:8:0,Assignment,Editor,D:/University/Java/Assignment/src/Week5/CafeTest.java,,73,32,Default task
2021-10-02T13:56:07.890+09:00,HanSeunghun,KeyEvent,65535:20:0,Assignment,Editor,D:/University/Java/Assignment/src/Week5/CafeTest.java,,73,32,Default task
2021-10-02T13:56:08.019+09:00,HanSeunghun,KeyEvent,66:66:0,Assignment,Editor,D:/University/Java/Assignment/src/Week5/CafeTest.java,,73,32,Default task
2021-10-02T13:56:08.210+09:00,HanSeunghun,KeyEvent,65535:20:0,Assignment,Editor,D:/University/Java/Assignment/src/Week5/CafeTest.java,,73,33,Default task
2021-10-02T13:56:08.409+09:00,HanSeunghun,KeyEvent,101:69:0,Assignment,Editor,D:/University/Java/Assignment/src/Week5/CafeTest.java,,73,33,Default task
2021-10-02T13:56:08.608+09:00,HanSeunghun,KeyEvent,118:86:0,Assignment,Editor,D:/University/Java/Assignment/src/Week5/CafeTest.java,,73,34,Default task
2021-10-02T13:56:08.704+09:00,HanSeunghun,KeyEvent,101:69:0,Assignment,Editor,D:/University/Java/Assignment/src/Week5/CafeTest.java,,73,35,Default task
2021-10-02T13:56:08.824+09:00,HanSeunghun,KeyEvent,114:82:0,Assignment,Editor,D:/University/Java/Assignment/src/Week5/CafeTest.java,,73,36,Default task
2021-10-02T13:56:08.928+09:00,HanSeunghun,KeyEvent,97:65:0,Assignment,Editor,D:/University/Java/Assignment/src/Week5/CafeTest.java,,73,37,Default task
2021-10-02T13:56:09.041+09:00,HanSeunghun,KeyEvent,103:71:0,Assignment,Editor,D:/University/Java/Assignment/src/Week5/CafeTest.java,,73,38,Default task
2021-10-02T13:56:09.105+09:00,HanSeunghun,KeyEvent,101:69:0,Assignment,Editor,D:/University/Java/Assignment/src/Week5/CafeTest.java,,73,39,Default task
2021-10-02T13:56:09.338+09:00,HanSeunghun,KeyEvent,27:27:0,Assignment,Editor,D:/University/Java/Assignment/src/Week5/CafeTest.java,,73,40,Default task
2021-10-02T13:56:09.505+09:00,HanSeunghun,KeyEvent,65535:16:1,Assignment,Editor,D:/University/Java/Assignment/src/Week5/CafeTest.java,,73,40,Default task
2021-10-02T13:56:09.712+09:00,HanSeunghun,KeyEvent,40:57:1,Assignment,Editor,D:/University/Java/Assignment/src/Week5/CafeTest.java,,73,40,Default task
2021-10-02T13:56:09.840+09:00,HanSeunghun,KeyEvent,41:48:1,Assignment,Editor,D:/University/Java/Assignment/src/Week5/CafeTest.java,CafeTest::FindBeverage,73,41,Default task
2021-10-02T13:56:10.033+09:00,HanSeunghun,Action,EditorEnter,Assignment,Editor,D:/University/Java/Assignment/src/Week5/CafeTest.java,,73,42,Default task
2021-10-02T13:56:10.036+09:00,HanSeunghun,KeyEvent,10:10:0,Assignment,Editor,D:/University/Java/Assignment/src/Week5/CafeTest.java,,74,8,Default task
2021-10-02T13:56:10.249+09:00,HanSeunghun,KeyEvent,65535:16:1,Assignment,Editor,D:/University/Java/Assignment/src/Week5/CafeTest.java,,74,8,Default task
2021-10-02T13:56:10.320+09:00,HanSeunghun,KeyEvent,123:91:1,Assignment,Editor,D:/University/Java/Assignment/src/Week5/CafeTest.java,,74,8,Default task
2021-10-02T13:56:10.473+09:00,HanSeunghun,Action,EditorEnter,Assignment,Editor,D:/University/Java/Assignment/src/Week5/CafeTest.java,CafeTest::FindBeverage,74,5,Default task
2021-10-02T13:56:10.477+09:00,HanSeunghun,KeyEvent,10:10:0,Assignment,Editor,D:/University/Java/Assignment/src/Week5/CafeTest.java,,75,8,Default task
2021-10-02T13:56:17.353+09:00,HanSeunghun,KeyEvent,65535:20:0,Assignment,Editor,D:/University/Java/Assignment/src/Week5/CafeTest.java,CafeTest::FindBeverage,73,41,Default task
2021-10-02T13:56:17.472+09:00,HanSeunghun,KeyEvent,67:67:0,Assignment,Editor,D:/University/Java/Assignment/src/Week5/CafeTest.java,CafeTest::FindBeverage,73,41,Default task
2021-10-02T13:56:17.613+09:00,HanSeunghun,KeyEvent,65535:20:0,Assignment,Editor,D:/University/Java/Assignment/src/Week5/CafeTest.java,CafeTest::FindBeverage,73,42,Default task
2021-10-02T13:56:17.688+09:00,HanSeunghun,KeyEvent,97:65:0,Assignment,Editor,D:/University/Java/Assignment/src/Week5/CafeTest.java,CafeTest::FindBeverage,73,42,Default task
2021-10-02T13:56:17.881+09:00,HanSeunghun,KeyEvent,102:70:0,Assignment,Editor,D:/University/Java/Assignment/src/Week5/CafeTest.java,CafeTest::FindBeverage,73,43,Default task
2021-10-02T13:56:18.425+09:00,HanSeunghun,Action,EditorChooseLookupItem,Assignment,Editor,D:/University/Java/Assignment/src/Week5/CafeTest.java,CafeTest::FindBeverage,73,44,Default task
2021-10-02T13:56:18.432+09:00,HanSeunghun,KeyEvent,10:10:0,Assignment,Editor,D:/University/Java/Assignment/src/Week5/CafeTest.java,CafeTest::FindBeverage,73,45,Default task
2021-10-02T13:56:18.586+09:00,HanSeunghun,KeyEvent,32:32:0,Assignment,Editor,D:/University/Java/Assignment/src/Week5/CafeTest.java,CafeTest::FindBeverage,73,45,Default task
2021-10-02T13:56:19.328+09:00,HanSeunghun,KeyEvent,99:67:0,Assignment,Editor,D:/University/Java/Assignment/src/Week5/CafeTest.java,CafeTest::FindBeverage,73,46,Default task
2021-10-02T13:56:19.642+09:00,HanSeunghun,KeyEvent,97:65:0,Assignment,Editor,D:/University/Java/Assignment/src/Week5/CafeTest.java,CafeTest::FindBeverage,73,47,Default task
2021-10-02T13:56:19.821+09:00,HanSeunghun,KeyEvent,102:70:0,Assignment,Editor,D:/University/Java/Assignment/src/Week5/CafeTest.java,CafeTest::FindBeverage,73,48,Default task
2021-10-02T13:56:19.936+09:00,HanSeunghun,KeyEvent,101:69:0,Assignment,Editor,D:/University/Java/Assignment/src/Week5/CafeTest.java,CafeTest::FindBeverage,73,49,Default task
2021-10-02T13:56:20.162+09:00,HanSeunghun,KeyEvent,27:27:0,Assignment,Editor,D:/University/Java/Assignment/src/Week5/CafeTest.java,CafeTest::FindBeverage,73,50,Default task
2021-10-02T13:56:20.345+09:00,HanSeunghun,Action,EditorRight,Assignment,Editor,D:/University/Java/Assignment/src/Week5/CafeTest.java,CafeTest::FindBeverage,73,50,Default task
2021-10-02T13:56:20.345+09:00,HanSeunghun,KeyEvent,65535:39:0,Assignment,Editor,D:/University/Java/Assignment/src/Week5/CafeTest.java,CafeTest::FindBeverage,73,51,Default task
2021-10-02T13:56:20.602+09:00,HanSeunghun,Action,EditorDown,Assignment,Editor,D:/University/Java/Assignment/src/Week5/CafeTest.java,CafeTest::FindBeverage,73,51,Default task
2021-10-02T13:56:20.602+09:00,HanSeunghun,KeyEvent,65535:40:0,Assignment,Editor,D:/University/Java/Assignment/src/Week5/CafeTest.java,CafeTest::FindBeverage,74,5,Default task
2021-10-02T13:56:20.777+09:00,HanSeunghun,Action,EditorDown,Assignment,Editor,D:/University/Java/Assignment/src/Week5/CafeTest.java,CafeTest::FindBeverage,74,5,Default task
2021-10-02T13:56:20.778+09:00,HanSeunghun,KeyEvent,65535:40:0,Assignment,Editor,D:/University/Java/Assignment/src/Week5/CafeTest.java,CafeTest::FindBeverage,75,8,Default task
2021-10-02T13:56:21.065+09:00,HanSeunghun,KeyEvent,99:67:0,Assignment,Editor,D:/University/Java/Assignment/src/Week5/CafeTest.java,CafeTest::FindBeverage,75,8,Default task
2021-10-02T13:56:21.528+09:00,HanSeunghun,Action,EditorChooseLookupItem,Assignment,Editor,D:/University/Java/Assignment/src/Week5/CafeTest.java,CafeTest::FindBeverage,75,9,Default task
2021-10-02T13:56:21.535+09:00,HanSeunghun,KeyEvent,10:10:0,Assignment,Editor,D:/University/Java/Assignment/src/Week5/CafeTest.java,CafeTest::FindBeverage,75,12,Default task
2021-10-02T13:56:21.689+09:00,HanSeunghun,KeyEvent,46:46:0,Assignment,Editor,D:/University/Java/Assignment/src/Week5/CafeTest.java,CafeTest::FindBeverage,75,12,Default task
2021-10-02T13:56:22.433+09:00,HanSeunghun,KeyEvent,102:70:0,Assignment,Editor,D:/University/Java/Assignment/src/Week5/CafeTest.java,CafeTest::FindBeverage,75,13,Default task
2021-10-02T13:56:22.608+09:00,HanSeunghun,KeyEvent,105:73:0,Assignment,Editor,D:/University/Java/Assignment/src/Week5/CafeTest.java,CafeTest::FindBeverage,75,14,Default task
2021-10-02T13:56:23.025+09:00,HanSeunghun,Action,EditorChooseLookupItem,Assignment,Editor,D:/University/Java/Assignment/src/Week5/CafeTest.java,CafeTest::FindBeverage,75,15,Default task
2021-10-02T13:56:23.032+09:00,HanSeunghun,KeyEvent,10:10:0,Assignment,Editor,D:/University/Java/Assignment/src/Week5/CafeTest.java,CafeTest::FindBeverage,75,26,Default task
2021-10-02T13:56:26.073+09:00,HanSeunghun,Action,EditorEscape,Assignment,Editor,D:/University/Java/Assignment/src/Week5/CafeTest.java,CafeTest::FindBeverage,75,26,Default task
2021-10-02T13:56:26.075+09:00,HanSeunghun,KeyEvent,27:27:0,Assignment,Editor,D:/University/Java/Assignment/src/Week5/CafeTest.java,CafeTest::FindBeverage,75,26,Default task
2021-10-02T13:56:26.450+09:00,HanSeunghun,Action,EditorUp,Assignment,Editor,D:/University/Java/Assignment/src/Week5/CafeTest.java,CafeTest::FindBeverage,75,26,Default task
2021-10-02T13:56:26.450+09:00,HanSeunghun,KeyEvent,65535:38:0,Assignment,Editor,D:/University/Java/Assignment/src/Week5/CafeTest.java,CafeTest::FindBeverage,74,5,Default task
2021-10-02T13:56:26.793+09:00,HanSeunghun,Action,EditorDown,Assignment,Editor,D:/University/Java/Assignment/src/Week5/CafeTest.java,CafeTest::FindBeverage,74,5,Default task
2021-10-02T13:56:26.794+09:00,HanSeunghun,KeyEvent,65535:40:0,Assignment,Editor,D:/University/Java/Assignment/src/Week5/CafeTest.java,CafeTest::FindBeverage,75,26,Default task
2021-10-02T13:56:31.714+09:00,HanSeunghun,Action,EditorUp,Assignment,Editor,D:/University/Java/Assignment/src/Week5/CafeTest.java,CafeTest::FindBeverage,75,26,Default task
2021-10-02T13:56:31.714+09:00,HanSeunghun,KeyEvent,65535:38:0,Assignment,Editor,D:/University/Java/Assignment/src/Week5/CafeTest.java,CafeTest::FindBeverage,74,5,Default task
2021-10-02T13:56:32.121+09:00,HanSeunghun,Action,EditorDown,Assignment,Editor,D:/University/Java/Assignment/src/Week5/CafeTest.java,CafeTest::FindBeverage,74,5,Default task
2021-10-02T13:56:32.121+09:00,HanSeunghun,KeyEvent,65535:40:0,Assignment,Editor,D:/University/Java/Assignment/src/Week5/CafeTest.java,CafeTest::FindBeverage,75,26,Default task
2021-10-02T13:56:32.570+09:00,HanSeunghun,Action,EditorRight,Assignment,Editor,D:/University/Java/Assignment/src/Week5/CafeTest.java,CafeTest::FindBeverage,75,26,Default task
2021-10-02T13:56:32.570+09:00,HanSeunghun,KeyEvent,65535:39:0,Assignment,Editor,D:/University/Java/Assignment/src/Week5/CafeTest.java,CafeTest::FindBeverage,75,27,Default task
2021-10-02T13:56:33.058+09:00,HanSeunghun,KeyEvent,59:59:0,Assignment,Editor,D:/University/Java/Assignment/src/Week5/CafeTest.java,CafeTest::FindBeverage,75,27,Default task
2021-10-02T13:56:49.665+09:00,HanSeunghun,Action,EditorUp,Assignment,Editor,D:/University/Java/Assignment/src/Week5/CafeTest.java,CafeTest::FindBeverage,75,28,Default task
2021-10-02T13:56:49.665+09:00,HanSeunghun,KeyEvent,65535:38:0,Assignment,Editor,D:/University/Java/Assignment/src/Week5/CafeTest.java,CafeTest::FindBeverage,74,5,Default task
2021-10-02T13:56:51.553+09:00,HanSeunghun,KeyEvent,65535:17:2,Assignment,Editor,D:/University/Java/Assignment/src/Week5/CafeTest.java,CafeTest::CreateBeverage,69,0,Default task
2021-10-02T13:56:51.640+09:00,HanSeunghun,Action,EditorCopy,Assignment,Editor,D:/University/Java/Assignment/src/Week5/CafeTest.java,CafeTest::CreateBeverage,69,0,Default task
2021-10-02T13:56:51.642+09:00,HanSeunghun,KeyEvent,3:67:2,Assignment,Editor,D:/University/Java/Assignment/src/Week5/CafeTest.java,CafeTest::CreateBeverage,69,0,Default task
2021-10-02T13:56:52.537+09:00,HanSeunghun,Action,EditorEnter,Assignment,Editor,D:/University/Java/Assignment/src/Week5/CafeTest.java,CafeTest::FindBeverage,74,5,Default task
2021-10-02T13:56:52.540+09:00,HanSeunghun,KeyEvent,10:10:0,Assignment,Editor,D:/University/Java/Assignment/src/Week5/CafeTest.java,CafeTest::FindBeverage,75,8,Default task
2021-10-02T13:56:52.722+09:00,HanSeunghun,KeyEvent,65535:17:2,Assignment,Editor,D:/University/Java/Assignment/src/Week5/CafeTest.java,CafeTest::FindBeverage,75,8,Default task
2021-10-02T13:56:52.809+09:00,HanSeunghun,Action,EditorPaste,Assignment,Editor,D:/University/Java/Assignment/src/Week5/CafeTest.java,CafeTest::FindBeverage,75,8,Default task
2021-10-02T13:56:52.814+09:00,HanSeunghun,KeyEvent,22:86:2,Assignment,Editor,D:/University/Java/Assignment/src/Week5/CafeTest.java,CafeTest::FindBeverage,76,37,Default task
2021-10-02T13:56:55.665+09:00,HanSeunghun,KeyEvent,65535:17:2,Assignment,Editor,D:/University/Java/Assignment/src/Week5/CafeTest.java,CafeTest::FindBeverage,75,19,Default task
2021-10-02T13:56:57.220+09:00,HanSeunghun,Action,JumpToLastWindow,Assignment,Editor,D:/University/Java/Assignment/src/Week5/CafeTest.java,CafeTest::FindBeverage,77,22,Default task
2021-10-02T13:56:57.221+09:00,HanSeunghun,KeyEvent,65535:123:0,Assignment,Editor,D:/University/Java/Assignment/src/Week5/CafeTest.java,CafeTest::FindBeverage,77,22,Default task
2021-10-02T13:57:08.368+09:00,HanSeunghun,KeyEvent,110:78:0,Assignment,Editor,D:/University/Java/Assignment/src/Week5/Cafe.java,Cafe::findBeverage,22,52,Default task
2021-10-02T13:57:08.464+09:00,HanSeunghun,KeyEvent,97:65:0,Assignment,Editor,D:/University/Java/Assignment/src/Week5/Cafe.java,Cafe::findBeverage,22,41,Default task
2021-10-02T13:57:08.609+09:00,HanSeunghun,KeyEvent,109:77:0,Assignment,Editor,D:/University/Java/Assignment/src/Week5/Cafe.java,Cafe::findBeverage,22,42,Default task
2021-10-02T13:57:08.711+09:00,HanSeunghun,KeyEvent,101:69:0,Assignment,Editor,D:/University/Java/Assignment/src/Week5/Cafe.java,Cafe::findBeverage,22,43,Default task
2021-10-02T13:57:08.880+09:00,HanSeunghun,KeyEvent,44:44:0,Assignment,Editor,D:/University/Java/Assignment/src/Week5/Cafe.java,Cafe::findBeverage,22,44,Default task
2021-10-02T13:57:09.050+09:00,HanSeunghun,KeyEvent,32:32:0,Assignment,Editor,D:/University/Java/Assignment/src/Week5/Cafe.java,Cafe::findBeverage,22,45,Default task
2021-10-02T13:57:09.169+09:00,HanSeunghun,KeyEvent,65535:20:0,Assignment,Editor,D:/University/Java/Assignment/src/Week5/Cafe.java,Cafe::findBeverage,22,46,Default task
2021-10-02T13:57:09.258+09:00,HanSeunghun,KeyEvent,83:83:0,Assignment,Editor,D:/University/Java/Assignment/src/Week5/Cafe.java,Cafe::findBeverage,22,46,Default task
2021-10-02T13:57:09.414+09:00,HanSeunghun,KeyEvent,65535:20:0,Assignment,Editor,D:/University/Java/Assignment/src/Week5/Cafe.java,Cafe::findBeverage,22,47,Default task
2021-10-02T13:57:09.481+09:00,HanSeunghun,KeyEvent,116:84:0,Assignment,Editor,D:/University/Java/Assignment/src/Week5/Cafe.java,Cafe::findBeverage,22,47,Default task
2021-10-02T13:57:09.649+09:00,HanSeunghun,KeyEvent,114:82:0,Assignment,Editor,D:/University/Java/Assignment/src/Week5/Cafe.java,Cafe::findBeverage,22,48,Default task
2021-10-02T13:57:09.761+09:00,HanSeunghun,KeyEvent,105:73:0,Assignment,Editor,D:/University/Java/Assignment/src/Week5/Cafe.java,Cafe::findBeverage,22,49,Default task
2021-10-02T13:57:09.912+09:00,HanSeunghun,KeyEvent,110:78:0,Assignment,Editor,D:/University/Java/Assignment/src/Week5/Cafe.java,Cafe::findBeverage,22,50,Default task
2021-10-02T13:57:09.960+09:00,HanSeunghun,KeyEvent,103:71:0,Assignment,Editor,D:/University/Java/Assignment/src/Week5/Cafe.java,Cafe::findBeverage,22,51,Default task
2021-10-02T13:57:10.065+09:00,HanSeunghun,KeyEvent,32:32:0,Assignment,Editor,D:/University/Java/Assignment/src/Week5/Cafe.java,Cafe::findBeverage,22,52,Default task
2021-10-02T13:57:10.137+09:00,HanSeunghun,KeyEvent,116:84:0,Assignment,Editor,D:/University/Java/Assignment/src/Week5/Cafe.java,Cafe::findBeverage,22,53,Default task
2021-10-02T13:57:10.233+09:00,HanSeunghun,KeyEvent,121:89:0,Assignment,Editor,D:/University/Java/Assignment/src/Week5/Cafe.java,Cafe::findBeverage,22,54,Default task
2021-10-02T13:57:10.392+09:00,HanSeunghun,KeyEvent,112:80:0,Assignment,Editor,D:/University/Java/Assignment/src/Week5/Cafe.java,Cafe::findBeverage,22,55,Default task
2021-10-02T13:57:10.481+09:00,HanSeunghun,KeyEvent,101:69:0,Assignment,Editor,D:/University/Java/Assignment/src/Week5/Cafe.java,Cafe::findBeverage,22,56,Default task
2021-10-02T13:57:10.754+09:00,HanSeunghun,KeyEvent,27:27:0,Assignment,Editor,D:/University/Java/Assignment/src/Week5/Cafe.java,Cafe::findBeverage,22,57,Default task
2021-10-02T13:57:10.961+09:00,HanSeunghun,Action,EditorEscape,Assignment,Editor,D:/University/Java/Assignment/src/Week5/Cafe.java,Cafe::findBeverage,22,57,Default task
2021-10-02T13:57:10.962+09:00,HanSeunghun,KeyEvent,27:27:0,Assignment,Editor,D:/University/Java/Assignment/src/Week5/Cafe.java,Cafe::findBeverage,22,57,Default task
2021-10-02T13:57:11.146+09:00,HanSeunghun,KeyEvent,27:27:0,Assignment,Editor,D:/University/Java/Assignment/src/Week5/Cafe.java,Cafe::findBeverage,22,57,Default task
2021-10-02T13:57:12.714+09:00,HanSeunghun,KeyEvent,65535:17:2,Assignment,Editor,D:/University/Java/Assignment/src/Week5/Cafe.java,Cafe::findBeverage,22,44,Default task
2021-10-02T13:57:12.824+09:00,HanSeunghun,Action,EditorCopy,Assignment,Editor,D:/University/Java/Assignment/src/Week5/Cafe.java,Cafe::findBeverage,22,44,Default task
2021-10-02T13:57:12.825+09:00,HanSeunghun,KeyEvent,3:67:2,Assignment,Editor,D:/University/Java/Assignment/src/Week5/Cafe.java,Cafe::findBeverage,22,44,Default task
2021-10-02T13:57:13.936+09:00,HanSeunghun,KeyEvent,65535:17:2,Assignment,Editor,D:/University/Java/Assignment/src/Week5/Cafe.java,Cafe::findBeverage,24,42,Default task
2021-10-02T13:57:14.016+09:00,HanSeunghun,Action,EditorPaste,Assignment,Editor,D:/University/Java/Assignment/src/Week5/Cafe.java,Cafe::findBeverage,24,42,Default task
2021-10-02T13:57:14.029+09:00,HanSeunghun,KeyEvent,22:86:2,Assignment,Editor,D:/University/Java/Assignment/src/Week5/Cafe.java,Cafe::findBeverage,24,34,Default task
2021-10-02T13:57:14.569+09:00,HanSeunghun,KeyEvent,65535:16:1,Assignment,Editor,D:/University/Java/Assignment/src/Week5/Cafe.java,Cafe::findBeverage,24,34,Default task
2021-10-02T13:57:14.793+09:00,HanSeunghun,KeyEvent,43:61:1,Assignment,Editor,D:/University/Java/Assignment/src/Week5/Cafe.java,Cafe::findBeverage,24,34,Default task
2021-10-02T13:57:15.041+09:00,HanSeunghun,KeyEvent,116:84:0,Assignment,Editor,D:/University/Java/Assignment/src/Week5/Cafe.java,Cafe::findBeverage,24,35,Default task
2021-10-02T13:57:15.521+09:00,HanSeunghun,Action,EditorChooseLookupItem,Assignment,Editor,D:/University/Java/Assignment/src/Week5/Cafe.java,Cafe::findBeverage,24,36,Default task
2021-10-02T13:57:15.528+09:00,HanSeunghun,KeyEvent,10:10:0,Assignment,Editor,D:/University/Java/Assignment/src/Week5/Cafe.java,Cafe::findBeverage,24,39,Default task
2021-10-02T13:57:15.985+09:00,HanSeunghun,Action,EditorLineEnd,Assignment,Editor,D:/University/Java/Assignment/src/Week5/Cafe.java,Cafe::findBeverage,24,39,Default task
2021-10-02T13:57:15.985+09:00,HanSeunghun,KeyEvent,65535:35:0,Assignment,Editor,D:/University/Java/Assignment/src/Week5/Cafe.java,Cafe::findBeverage,24,41,Default task
2021-10-02T13:57:16.322+09:00,HanSeunghun,Action,EditorDown,Assignment,Editor,D:/University/Java/Assignment/src/Week5/Cafe.java,Cafe::findBeverage,24,41,Default task
2021-10-02T13:57:16.322+09:00,HanSeunghun,KeyEvent,65535:40:0,Assignment,Editor,D:/University/Java/Assignment/src/Week5/Cafe.java,,25,5,Default task
2021-10-02T13:57:17.811+09:00,HanSeunghun,KeyEvent,65535:17:2,Assignment,Editor,D:/University/Java/Assignment/src/Week5/Cafe.java,,21,5,Default task
2021-10-02T13:57:17.929+09:00,HanSeunghun,Action,SaveAll,Assignment,Editor,D:/University/Java/Assignment/src/Week5/Cafe.java,,21,5,Default task
2021-10-02T13:57:17.946+09:00,HanSeunghun,KeyEvent,19:83:2,Assignment,Editor,D:/University/Java/Assignment/src/Week5/Cafe.java,,21,5,Default task
2021-10-02T13:57:20.059+09:00,HanSeunghun,Action,JumpToLastWindow,Assignment,Editor,D:/University/Java/Assignment/src/Week5/Cafe.java,Cafe::addBeverage,20,47,Default task
2021-10-02T13:57:20.060+09:00,HanSeunghun,KeyEvent,65535:123:0,Assignment,Editor,D:/University/Java/Assignment/src/Week5/Cafe.java,Cafe::addBeverage,20,47,Default task
2021-10-02T13:57:36.641+09:00,HanSeunghun,Action,EditorBackSpace,Assignment,Editor,D:/University/Java/Assignment/src/Week5/Beverage.java,Beverage::getBeverageName,16,21,Default task
2021-10-02T13:57:36.643+09:00,HanSeunghun,KeyEvent,8:8:0,Assignment,Editor,D:/University/Java/Assignment/src/Week5/Beverage.java,Beverage::getBeverageName,16,21,Default task
2021-10-02T13:57:36.969+09:00,HanSeunghun,KeyEvent,32:32:0,Assignment,Editor,D:/University/Java/Assignment/src/Week5/Beverage.java,Beverage::getBeverageName,16,21,Default task
2021-10-02T13:57:37.777+09:00,HanSeunghun,KeyEvent,116:84:0,Assignment,Editor,D:/University/Java/Assignment/src/Week5/Beverage.java,Beverage::getBeverageName,16,22,Default task
2021-10-02T13:57:38.497+09:00,HanSeunghun,Action,EditorBackSpace,Assignment,Editor,D:/University/Java/Assignment/src/Week5/Beverage.java,Beverage::getBeverageName,16,23,Default task
2021-10-02T13:57:38.501+09:00,HanSeunghun,KeyEvent,8:8:0,Assignment,Editor,D:/University/Java/Assignment/src/Week5/Beverage.java,Beverage::getBeverageName,16,22,Default task
2021-10-02T13:57:38.673+09:00,HanSeunghun,Action,EditorBackSpace,Assignment,Editor,D:/University/Java/Assignment/src/Week5/Beverage.java,Beverage::getBeverageName,16,22,Default task
2021-10-02T13:57:38.675+09:00,HanSeunghun,KeyEvent,8:8:0,Assignment,Editor,D:/University/Java/Assignment/src/Week5/Beverage.java,Beverage::getBeverageName,16,21,Default task
2021-10-02T13:57:38.857+09:00,HanSeunghun,Action,EditorBackSpace,Assignment,Editor,D:/University/Java/Assignment/src/Week5/Beverage.java,Beverage::getBeverageName,16,21,Default task
2021-10-02T13:57:38.858+09:00,HanSeunghun,KeyEvent,8:8:0,Assignment,Editor,D:/University/Java/Assignment/src/Week5/Beverage.java,Beverage::getBeverageName,16,20,Default task
2021-10-02T13:57:39.030+09:00,HanSeunghun,Action,EditorBackSpace,Assignment,Editor,D:/University/Java/Assignment/src/Week5/Beverage.java,Beverage::getBeverageName,16,20,Default task
2021-10-02T13:57:39.031+09:00,HanSeunghun,KeyEvent,8:8:0,Assignment,Editor,D:/University/Java/Assignment/src/Week5/Beverage.java,Beverage::getBeverageName,16,19,Default task
2021-10-02T13:57:39.370+09:00,HanSeunghun,Action,EditorDown,Assignment,Editor,D:/University/Java/Assignment/src/Week5/Beverage.java,Beverage::getBeverageName,16,19,Default task
2021-10-02T13:57:39.370+09:00,HanSeunghun,KeyEvent,65535:40:0,Assignment,Editor,D:/University/Java/Assignment/src/Week5/Beverage.java,,17,5,Default task
2021-10-02T13:57:39.705+09:00,HanSeunghun,Action,EditorUp,Assignment,Editor,D:/University/Java/Assignment/src/Week5/Beverage.java,,17,5,Default task
2021-10-02T13:57:39.705+09:00,HanSeunghun,KeyEvent,65535:38:0,Assignment,Editor,D:/University/Java/Assignment/src/Week5/Beverage.java,Beverage::getBeverageName,16,19,Default task
2021-10-02T13:57:39.881+09:00,HanSeunghun,Action,EditorUp,Assignment,Editor,D:/University/Java/Assignment/src/Week5/Beverage.java,Beverage::getBeverageName,16,19,Default task
2021-10-02T13:57:39.881+09:00,HanSeunghun,KeyEvent,65535:38:0,Assignment,Editor,D:/University/Java/Assignment/src/Week5/Beverage.java,Beverage::getBeverageName,15,5,Default task
2021-10-02T13:57:40.049+09:00,HanSeunghun,Action,EditorUp,Assignment,Editor,D:/University/Java/Assignment/src/Week5/Beverage.java,Beverage::getBeverageName,15,5,Default task
2021-10-02T13:57:40.050+09:00,HanSeunghun,KeyEvent,65535:38:0,Assignment,Editor,D:/University/Java/Assignment/src/Week5/Beverage.java,Beverage::getBeverageName,14,19,Default task
2021-10-02T13:57:40.209+09:00,HanSeunghun,Action,EditorUp,Assignment,Editor,D:/University/Java/Assignment/src/Week5/Beverage.java,Beverage::getBeverageName,14,19,Default task
2021-10-02T13:57:40.210+09:00,HanSeunghun,KeyEvent,65535:38:0,Assignment,Editor,D:/University/Java/Assignment/src/Week5/Beverage.java,,13,0,Default task
2021-10-02T13:57:40.489+09:00,HanSeunghun,Action,EditorEnter,Assignment,Editor,D:/University/Java/Assignment/src/Week5/Beverage.java,,13,0,Default task
2021-10-02T13:57:40.491+09:00,HanSeunghun,KeyEvent,10:10:0,Assignment,Editor,D:/University/Java/Assignment/src/Week5/Beverage.java,Beverage::getBeverageName,14,4,Default task
2021-10-02T13:57:40.874+09:00,HanSeunghun,Action,EditorTab,Assignment,Editor,D:/University/Java/Assignment/src/Week5/Beverage.java,,14,4,Default task
2021-10-02T13:57:40.875+09:00,HanSeunghun,KeyEvent,9:9:0,Assignment,Editor,D:/University/Java/Assignment/src/Week5/Beverage.java,,14,8,Default task
2021-10-02T13:57:41.226+09:00,HanSeunghun,Action,EditorUp,Assignment,Editor,D:/University/Java/Assignment/src/Week5/Beverage.java,,14,8,Default task
2021-10-02T13:57:41.226+09:00,HanSeunghun,KeyEvent,65535:38:0,Assignment,Editor,D:/University/Java/Assignment/src/Week5/Beverage.java,,13,0,Default task
2021-10-02T13:57:41.602+09:00,HanSeunghun,Action,EditorDown,Assignment,Editor,D:/University/Java/Assignment/src/Week5/Beverage.java,,13,0,Default task
2021-10-02T13:57:41.602+09:00,HanSeunghun,KeyEvent,65535:40:0,Assignment,Editor,D:/University/Java/Assignment/src/Week5/Beverage.java,,14,8,Default task
2021-10-02T13:57:41.897+09:00,HanSeunghun,Action,EditorBackSpace,Assignment,Editor,D:/University/Java/Assignment/src/Week5/Beverage.java,,14,8,Default task
2021-10-02T13:57:41.899+09:00,HanSeunghun,KeyEvent,8:8:0,Assignment,Editor,D:/University/Java/Assignment/src/Week5/Beverage.java,,14,4,Default task
2021-10-02T13:57:42.201+09:00,HanSeunghun,Action,EditorUp,Assignment,Editor,D:/University/Java/Assignment/src/Week5/Beverage.java,,14,4,Default task
2021-10-02T13:57:42.202+09:00,HanSeunghun,KeyEvent,65535:38:0,Assignment,Editor,D:/University/Java/Assignment/src/Week5/Beverage.java,,13,0,Default task
2021-10-02T13:57:42.562+09:00,HanSeunghun,Action,EditorTab,Assignment,Editor,D:/University/Java/Assignment/src/Week5/Beverage.java,,13,0,Default task
2021-10-02T13:57:42.562+09:00,HanSeunghun,KeyEvent,9:9:0,Assignment,Editor,D:/University/Java/Assignment/src/Week5/Beverage.java,,13,4,Default task
2021-10-02T13:57:42.833+09:00,HanSeunghun,Action,EditorEnter,Assignment,Editor,D:/University/Java/Assignment/src/Week5/Beverage.java,,13,4,Default task
2021-10-02T13:57:42.835+09:00,HanSeunghun,KeyEvent,10:10:0,Assignment,Editor,D:/University/Java/Assignment/src/Week5/Beverage.java,,14,4,Default task
2021-10-02T13:57:43.282+09:00,HanSeunghun,KeyEvent,91:91:0,Assignment,Editor,D:/University/Java/Assignment/src/Week5/Beverage.java,,14,4,Default task
2021-10-02T13:57:43.293+09:00,HanSeunghun,KeyEvent,112:80:0,Assignment,Editor,D:/University/Java/Assignment/src/Week5/Beverage.java,,14,5,Default task
2021-10-02T13:57:43.346+09:00,HanSeunghun,KeyEvent,117:85:0,Assignment,Editor,D:/University/Java/Assignment/src/Week5/Beverage.java,,14,6,Default task
2021-10-02T13:57:43.706+09:00,HanSeunghun,Action,EditorBackSpace,Assignment,Editor,D:/University/Java/Assignment/src/Week5/Beverage.java,,14,7,Default task
2021-10-02T13:57:43.711+09:00,HanSeunghun,KeyEvent,8:8:0,Assignment,Editor,D:/University/Java/Assignment/src/Week5/Beverage.java,,14,6,Default task
2021-10-02T13:57:43.881+09:00,HanSeunghun,Action,EditorBackSpace,Assignment,Editor,D:/University/Java/Assignment/src/Week5/Beverage.java,,14,6,Default task
2021-10-02T13:57:43.885+09:00,HanSeunghun,KeyEvent,8:8:0,Assignment,Editor,D:/University/Java/Assignment/src/Week5/Beverage.java,,14,5,Default task
2021-10-02T13:57:44.041+09:00,HanSeunghun,Action,EditorBackSpace,Assignment,Editor,D:/University/Java/Assignment/src/Week5/Beverage.java,,14,5,Default task
2021-10-02T13:57:44.043+09:00,HanSeunghun,KeyEvent,8:8:0,Assignment,Editor,D:/University/Java/Assignment/src/Week5/Beverage.java,,14,4,Default task
2021-10-02T13:57:44.264+09:00,HanSeunghun,KeyEvent,112:80:0,Assignment,Editor,D:/University/Java/Assignment/src/Week5/Beverage.java,,14,4,Default task
2021-10-02T13:57:44.364+09:00,HanSeunghun,KeyEvent,117:85:0,Assignment,Editor,D:/University/Java/Assignment/src/Week5/Beverage.java,,14,5,Default task
2021-10-02T13:57:44.473+09:00,HanSeunghun,KeyEvent,98:66:0,Assignment,Editor,D:/University/Java/Assignment/src/Week5/Beverage.java,,14,6,Default task
2021-10-02T13:57:44.576+09:00,HanSeunghun,KeyEvent,108:76:0,Assignment,Editor,D:/University/Java/Assignment/src/Week5/Beverage.java,,14,7,Default task
2021-10-02T13:57:44.721+09:00,HanSeunghun,KeyEvent,105:73:0,Assignment,Editor,D:/University/Java/Assignment/src/Week5/Beverage.java,,14,8,Default task
2021-10-02T13:57:44.777+09:00,HanSeunghun,KeyEvent,99:67:0,Assignment,Editor,D:/University/Java/Assignment/src/Week5/Beverage.java,,14,9,Default task
2021-10-02T13:57:44.920+09:00,HanSeunghun,KeyEvent,32:32:0,Assignment,Editor,D:/University/Java/Assignment/src/Week5/Beverage.java,Beverage::getBeverageName,14,10,Default task
2021-10-02T13:57:45.457+09:00,HanSeunghun,Action,EditorBackSpace,Assignment,Editor,D:/University/Java/Assignment/src/Week5/Beverage.java,,14,12,Default task
2021-10-02T13:57:45.458+09:00,HanSeunghun,KeyEvent,8:8:0,Assignment,Editor,D:/University/Java/Assignment/src/Week5/Beverage.java,,14,11,Default task
2021-10-02T13:57:45.593+09:00,HanSeunghun,KeyEvent,100:68:0,Assignment,Editor,D:/University/Java/Assignment/src/Week5/Beverage.java,Beverage::getBeverageName,14,11,Default task
2021-10-02T13:57:45.656+09:00,HanSeunghun,Action,EditorBackSpace,Assignment,Editor,D:/University/Java/Assignment/src/Week5/Beverage.java,,14,12,Default task
2021-10-02T13:57:45.660+09:00,HanSeunghun,KeyEvent,8:8:0,Assignment,Editor,D:/University/Java/Assignment/src/Week5/Beverage.java,,14,11,Default task
2021-10-02T13:57:45.669+09:00,HanSeunghun,KeyEvent,102:70:0,Assignment,Editor,D:/University/Java/Assignment/src/Week5/Beverage.java,Beverage::getBeverageName,14,11,Default task
2021-10-02T13:57:45.817+09:00,HanSeunghun,Action,EditorBackSpace,Assignment,Editor,D:/University/Java/Assignment/src/Week5/Beverage.java,,14,12,Default task
2021-10-02T13:57:45.821+09:00,HanSeunghun,KeyEvent,8:8:0,Assignment,Editor,D:/University/Java/Assignment/src/Week5/Beverage.java,,14,11,Default task
2021-10-02T13:57:46.377+09:00,HanSeunghun,Action,EditorBackSpace,Assignment,Editor,D:/University/Java/Assignment/src/Week5/Beverage.java,Beverage::getBeverageName,14,11,Default task
2021-10-02T13:57:46.378+09:00,HanSeunghun,KeyEvent,8:8:0,Assignment,Editor,D:/University/Java/Assignment/src/Week5/Beverage.java,Beverage::getBeverageName,14,10,Default task
2021-10-02T13:57:46.385+09:00,HanSeunghun,KeyEvent,100:68:0,Assignment,Editor,D:/University/Java/Assignment/src/Week5/Beverage.java,Beverage::getBeverageName,14,10,Default task
2021-10-02T13:57:46.443+09:00,HanSeunghun,KeyEvent,102:70:0,Assignment,Editor,D:/University/Java/Assignment/src/Week5/Beverage.java,,14,11,Default task
2021-10-02T13:57:46.528+09:00,HanSeunghun,Action,EditorBackSpace,Assignment,Editor,D:/University/Java/Assignment/src/Week5/Beverage.java,,14,12,Default task
2021-10-02T13:57:46.530+09:00,HanSeunghun,KeyEvent,8:8:0,Assignment,Editor,D:/University/Java/Assignment/src/Week5/Beverage.java,,14,11,Default task
2021-10-02T13:57:46.985+09:00,HanSeunghun,Action,EditorBackSpace,Assignment,Editor,D:/University/Java/Assignment/src/Week5/Beverage.java,,14,12,Default task
2021-10-02T13:57:46.986+09:00,HanSeunghun,KeyEvent,8:8:0,Assignment,Editor,D:/University/Java/Assignment/src/Week5/Beverage.java,,14,11,Default task
2021-10-02T13:57:47.112+09:00,HanSeunghun,KeyEvent,100:68:0,Assignment,Editor,D:/University/Java/Assignment/src/Week5/Beverage.java,,14,11,Default task
2021-10-02T13:57:47.185+09:00,HanSeunghun,Action,EditorBackSpace,Assignment,Editor,D:/University/Java/Assignment/src/Week5/Beverage.java,,14,12,Default task
2021-10-02T13:57:47.186+09:00,HanSeunghun,KeyEvent,8:8:0,Assignment,Editor,D:/University/Java/Assignment/src/Week5/Beverage.java,,14,11,Default task
2021-10-02T13:57:47.193+09:00,HanSeunghun,KeyEvent,102:70:0,Assignment,Editor,D:/University/Java/Assignment/src/Week5/Beverage.java,,14,11,Default task
2021-10-02T13:57:47.378+09:00,HanSeunghun,Action,EditorBackSpace,Assignment,Editor,D:/University/Java/Assignment/src/Week5/Beverage.java,,14,12,Default task
2021-10-02T13:57:47.379+09:00,HanSeunghun,KeyEvent,8:8:0,Assignment,Editor,D:/University/Java/Assignment/src/Week5/Beverage.java,,14,11,Default task
2021-10-02T13:57:47.585+09:00,HanSeunghun,Action,EditorBackSpace,Assignment,Editor,D:/University/Java/Assignment/src/Week5/Beverage.java,,14,11,Default task
2021-10-02T13:57:47.586+09:00,HanSeunghun,KeyEvent,8:8:0,Assignment,Editor,D:/University/Java/Assignment/src/Week5/Beverage.java,,14,10,Default task
2021-10-02T13:57:47.721+09:00,HanSeunghun,KeyEvent,32:32:0,Assignment,Editor,D:/University/Java/Assignment/src/Week5/Beverage.java,Beverage::getBeverageName,14,10,Default task
2021-10-02T13:57:55.648+09:00,HanSeunghun,KeyEvent,65535:16:1,Assignment,Editor,D:/University/Java/Assignment/src/Week5/Beverage.java,Beverage::getBeverageName,14,11,Default task
2021-10-02T13:57:56.149+09:00,HanSeunghun,KeyEvent,65535:16:1,Assignment,Editor,D:/University/Java/Assignment/src/Week5/Beverage.java,Beverage::getBeverageName,14,11,Default task
2021-10-02T13:57:56.183+09:00,HanSeunghun,KeyEvent,65535:16:1,Assignment,Editor,D:/University/Java/Assignment/src/Week5/Beverage.java,Beverage::getBeverageName,14,11,Default task
2021-10-02T13:57:56.215+09:00,HanSeunghun,KeyEvent,65535:16:1,Assignment,Editor,D:/University/Java/Assignment/src/Week5/Beverage.java,Beverage::getBeverageName,14,11,Default task
2021-10-02T13:57:56.248+09:00,HanSeunghun,KeyEvent,65535:16:1,Assignment,Editor,D:/University/Java/Assignment/src/Week5/Beverage.java,Beverage::getBeverageName,14,11,Default task
2021-10-02T13:57:56.281+09:00,HanSeunghun,KeyEvent,65535:16:1,Assignment,Editor,D:/University/Java/Assignment/src/Week5/Beverage.java,Beverage::getBeverageName,14,11,Default task
2021-10-02T13:57:56.289+09:00,HanSeunghun,Action,EditorLineStartWithSelection,Assignment,Editor,D:/University/Java/Assignment/src/Week5/Beverage.java,Beverage::getBeverageName,14,11,Default task
2021-10-02T13:57:56.290+09:00,HanSeunghun,KeyEvent,65535:36:1,Assignment,Editor,D:/University/Java/Assignment/src/Week5/Beverage.java,Beverage::getBeverageName,14,4,Default task
2021-10-02T13:57:56.897+09:00,HanSeunghun,Action,EditorBackSpace,Assignment,Editor,D:/University/Java/Assignment/src/Week5/Beverage.java,Beverage::getBeverageName,14,4,Default task
2021-10-02T13:57:56.898+09:00,HanSeunghun,KeyEvent,8:8:0,Assignment,Editor,D:/University/Java/Assignment/src/Week5/Beverage.java,Beverage::getBeverageName,14,4,Default task
2021-10-02T13:57:57.080+09:00,HanSeunghun,Action,EditorBackSpace,Assignment,Editor,D:/University/Java/Assignment/src/Week5/Beverage.java,,14,4,Default task
2021-10-02T13:57:57.082+09:00,HanSeunghun,KeyEvent,8:8:0,Assignment,Editor,D:/University/Java/Assignment/src/Week5/Beverage.java,,13,4,Default task
2021-10-02T13:57:57.384+09:00,HanSeunghun,Action,EditorBackSpace,Assignment,Editor,D:/University/Java/Assignment/src/Week5/Beverage.java,,13,4,Default task
2021-10-02T13:57:57.386+09:00,HanSeunghun,KeyEvent,8:8:0,Assignment,Editor,D:/University/Java/Assignment/src/Week5/Beverage.java,,12,5,Default task
2021-10-02T13:58:16.512+09:00,HanSeunghun,KeyEvent,65535:17:2,Assignment,Editor,D:/University/Java/Assignment/src/Week5/Beverage.java,,17,5,Default task
2021-10-02T13:58:16.640+09:00,HanSeunghun,Action,SaveAll,Assignment,Editor,D:/University/Java/Assignment/src/Week5/Beverage.java,,17,5,Default task
2021-10-02T13:58:16.650+09:00,HanSeunghun,KeyEvent,19:83:2,Assignment,Editor,D:/University/Java/Assignment/src/Week5/Beverage.java,Beverage::getBeverageName,17,5,Default task
2021-10-02T13:58:23.937+09:00,HanSeunghun,Action,EditorUp,Assignment,Editor,D:/University/Java/Assignment/src/Week5/Beverage.java,,18,0,Default task
2021-10-02T13:58:23.937+09:00,HanSeunghun,KeyEvent,65535:38:0,Assignment,Editor,D:/University/Java/Assignment/src/Week5/Beverage.java,Beverage::getBeverageName,17,0,Default task
2021-10-02T13:58:24.169+09:00,HanSeunghun,Action,EditorLineEnd,Assignment,Editor,D:/University/Java/Assignment/src/Week5/Beverage.java,Beverage::getBeverageName,17,0,Default task
2021-10-02T13:58:24.170+09:00,HanSeunghun,KeyEvent,65535:35:0,Assignment,Editor,D:/University/Java/Assignment/src/Week5/Beverage.java,,17,5,Default task
2021-10-02T13:58:24.408+09:00,HanSeunghun,Action,EditorEnter,Assignment,Editor,D:/University/Java/Assignment/src/Week5/Beverage.java,,17,5,Default task
2021-10-02T13:58:24.411+09:00,HanSeunghun,KeyEvent,10:10:0,Assignment,Editor,D:/University/Java/Assignment/src/Week5/Beverage.java,,18,4,Default task
2021-10-02T13:58:24.633+09:00,HanSeunghun,KeyEvent,112:80:0,Assignment,Editor,D:/University/Java/Assignment/src/Week5/Beverage.java,,18,4,Default task
2021-10-02T13:58:24.719+09:00,HanSeunghun,KeyEvent,117:85:0,Assignment,Editor,D:/University/Java/Assignment/src/Week5/Beverage.java,,18,5,Default task
2021-10-02T13:58:24.827+09:00,HanSeunghun,KeyEvent,98:66:0,Assignment,Editor,D:/University/Java/Assignment/src/Week5/Beverage.java,,18,6,Default task
2021-10-02T13:58:24.928+09:00,HanSeunghun,KeyEvent,108:76:0,Assignment,Editor,D:/University/Java/Assignment/src/Week5/Beverage.java,,18,7,Default task
2021-10-02T13:58:25.089+09:00,HanSeunghun,KeyEvent,105:73:0,Assignment,Editor,D:/University/Java/Assignment/src/Week5/Beverage.java,,18,8,Default task
2021-10-02T13:58:25.185+09:00,HanSeunghun,KeyEvent,99:67:0,Assignment,Editor,D:/University/Java/Assignment/src/Week5/Beverage.java,,18,9,Default task
2021-10-02T13:58:25.280+09:00,HanSeunghun,KeyEvent,32:32:0,Assignment,Editor,D:/University/Java/Assignment/src/Week5/Beverage.java,Beverage::toString,18,10,Default task
2021-10-02T13:58:25.368+09:00,HanSeunghun,KeyEvent,65535:20:0,Assignment,Editor,D:/University/Java/Assignment/src/Week5/Beverage.java,Beverage::toString,18,11,Default task
2021-10-02T13:58:25.488+09:00,HanSeunghun,KeyEvent,83:83:0,Assignment,Editor,D:/University/Java/Assignment/src/Week5/Beverage.java,Beverage::toString,18,11,Default task
2021-10-02T13:58:25.636+09:00,HanSeunghun,KeyEvent,65535:20:0,Assignment,Editor,D:/University/Java/Assignment/src/Week5/Beverage.java,,18,12,Default task
2021-10-02T13:58:25.744+09:00,HanSeunghun,KeyEvent,116:84:0,Assignment,Editor,D:/University/Java/Assignment/src/Week5/Beverage.java,,18,12,Default task
2021-10-02T13:58:25.913+09:00,HanSeunghun,KeyEvent,114:82:0,Assignment,Editor,D:/University/Java/Assignment/src/Week5/Beverage.java,,18,13,Default task
2021-10-02T13:58:25.978+09:00,HanSeunghun,KeyEvent,105:73:0,Assignment,Editor,D:/University/Java/Assignment/src/Week5/Beverage.java,,18,14,Default task
2021-10-02T13:58:26.152+09:00,HanSeunghun,KeyEvent,110:78:0,Assignment,Editor,D:/University/Java/Assignment/src/Week5/Beverage.java,,18,15,Default task
2021-10-02T13:58:26.203+09:00,HanSeunghun,KeyEvent,103:71:0,Assignment,Editor,D:/University/Java/Assignment/src/Week5/Beverage.java,,18,16,Default task
2021-10-02T13:58:26.290+09:00,HanSeunghun,KeyEvent,32:32:0,Assignment,Editor,D:/University/Java/Assignment/src/Week5/Beverage.java,,18,17,Default task
2021-10-02T13:58:26.369+09:00,HanSeunghun,KeyEvent,101:69:0,Assignment,Editor,D:/University/Java/Assignment/src/Week5/Beverage.java,,18,18,Default task
2021-10-02T13:58:26.536+09:00,HanSeunghun,KeyEvent,116:84:0,Assignment,Editor,D:/University/Java/Assignment/src/Week5/Beverage.java,,18,19,Default task
2021-10-02T13:58:26.993+09:00,HanSeunghun,KeyEvent,65535:20:0,Assignment,Editor,D:/University/Java/Assignment/src/Week5/Beverage.java,,18,20,Default task
2021-10-02T13:58:27.168+09:00,HanSeunghun,KeyEvent,66:66:0,Assignment,Editor,D:/University/Java/Assignment/src/Week5/Beverage.java,,18,20,Default task
2021-10-02T13:58:27.649+09:00,HanSeunghun,KeyEvent,65535:20:0,Assignment,Editor,D:/University/Java/Assignment/src/Week5/Beverage.java,,18,21,Default task
2021-10-02T13:58:27.809+09:00,HanSeunghun,Action,EditorBackSpace,Assignment,Editor,D:/University/Java/Assignment/src/Week5/Beverage.java,,18,21,Default task
2021-10-02T13:58:27.810+09:00,HanSeunghun,KeyEvent,8:8:0,Assignment,Editor,D:/University/Java/Assignment/src/Week5/Beverage.java,,18,20,Default task
2021-10-02T13:58:27.969+09:00,HanSeunghun,Action,EditorBackSpace,Assignment,Editor,D:/University/Java/Assignment/src/Week5/Beverage.java,,18,20,Default task
2021-10-02T13:58:27.970+09:00,HanSeunghun,KeyEvent,8:8:0,Assignment,Editor,D:/University/Java/Assignment/src/Week5/Beverage.java,,18,19,Default task
2021-10-02T13:58:28.129+09:00,HanSeunghun,Action,EditorBackSpace,Assignment,Editor,D:/University/Java/Assignment/src/Week5/Beverage.java,,18,19,Default task
2021-10-02T13:58:28.130+09:00,HanSeunghun,KeyEvent,8:8:0,Assignment,Editor,D:/University/Java/Assignment/src/Week5/Beverage.java,,18,18,Default task
2021-10-02T13:58:28.224+09:00,HanSeunghun,KeyEvent,103:71:0,Assignment,Editor,D:/University/Java/Assignment/src/Week5/Beverage.java,,18,18,Default task
2021-10-02T13:58:28.320+09:00,HanSeunghun,KeyEvent,101:69:0,Assignment,Editor,D:/University/Java/Assignment/src/Week5/Beverage.java,,18,19,Default task
2021-10-02T13:58:28.496+09:00,HanSeunghun,KeyEvent,116:84:0,Assignment,Editor,D:/University/Java/Assignment/src/Week5/Beverage.java,,18,20,Default task
2021-10-02T13:58:28.665+09:00,HanSeunghun,KeyEvent,32:32:0,Assignment,Editor,D:/University/Java/Assignment/src/Week5/Beverage.java,,18,21,Default task
2021-10-02T13:58:28.785+09:00,HanSeunghun,KeyEvent,65535:20:0,Assignment,Editor,D:/University/Java/Assignment/src/Week5/Beverage.java,,18,22,Default task
2021-10-02T13:58:29.153+09:00,HanSeunghun,Action,EditorBackSpace,Assignment,Editor,D:/University/Java/Assignment/src/Week5/Beverage.java,,18,22,Default task
2021-10-02T13:58:29.154+09:00,HanSeunghun,KeyEvent,8:8:0,Assignment,Editor,D:/University/Java/Assignment/src/Week5/Beverage.java,,18,21,Default task
2021-10-02T13:58:29.281+09:00,HanSeunghun,KeyEvent,66:66:0,Assignment,Editor,D:/University/Java/Assignment/src/Week5/Beverage.java,,18,21,Default task
2021-10-02T13:58:29.457+09:00,HanSeunghun,KeyEvent,65535:20:0,Assignment,Editor,D:/University/Java/Assignment/src/Week5/Beverage.java,,18,22,Default task
2021-10-02T13:58:29.601+09:00,HanSeunghun,KeyEvent,101:69:0,Assignment,Editor,D:/University/Java/Assignment/src/Week5/Beverage.java,,18,22,Default task
2021-10-02T13:58:29.849+09:00,HanSeunghun,KeyEvent,118:86:0,Assignment,Editor,D:/University/Java/Assignment/src/Week5/Beverage.java,,18,23,Default task
2021-10-02T13:58:29.937+09:00,HanSeunghun,KeyEvent,101:69:0,Assignment,Editor,D:/University/Java/Assignment/src/Week5/Beverage.java,,18,24,Default task
2021-10-02T13:58:30.064+09:00,HanSeunghun,KeyEvent,114:82:0,Assignment,Editor,D:/University/Java/Assignment/src/Week5/Beverage.java,,18,25,Default task
2021-10-02T13:58:30.193+09:00,HanSeunghun,KeyEvent,97:65:0,Assignment,Editor,D:/University/Java/Assignment/src/Week5/Beverage.java,,18,26,Default task
2021-10-02T13:58:30.344+09:00,HanSeunghun,KeyEvent,103:71:0,Assignment,Editor,D:/University/Java/Assignment/src/Week5/Beverage.java,,18,27,Default task
2021-10-02T13:58:30.426+09:00,HanSeunghun,KeyEvent,101:69:0,Assignment,Editor,D:/University/Java/Assignment/src/Week5/Beverage.java,,18,28,Default task
2021-10-02T13:58:30.601+09:00,HanSeunghun,KeyEvent,65535:20:0,Assignment,Editor,D:/University/Java/Assignment/src/Week5/Beverage.java,,18,29,Default task
2021-10-02T13:58:30.840+09:00,HanSeunghun,KeyEvent,84:84:0,Assignment,Editor,D:/University/Java/Assignment/src/Week5/Beverage.java,,18,29,Default task
2021-10-02T13:58:30.945+09:00,HanSeunghun,KeyEvent,65535:20:0,Assignment,Editor,D:/University/Java/Assignment/src/Week5/Beverage.java,,18,30,Default task
2021-10-02T13:58:31.073+09:00,HanSeunghun,KeyEvent,121:89:0,Assignment,Editor,D:/University/Java/Assignment/src/Week5/Beverage.java,,18,30,Default task
2021-10-02T13:58:31.209+09:00,HanSeunghun,KeyEvent,112:80:0,Assignment,Editor,D:/University/Java/Assignment/src/Week5/Beverage.java,,18,31,Default task
2021-10-02T13:58:31.296+09:00,HanSeunghun,KeyEvent,101:69:0,Assignment,Editor,D:/University/Java/Assignment/src/Week5/Beverage.java,,18,32,Default task
2021-10-02T13:58:31.496+09:00,HanSeunghun,KeyEvent,27:27:0,Assignment,Editor,D:/University/Java/Assignment/src/Week5/Beverage.java,,18,33,Default task
2021-10-02T13:58:31.664+09:00,HanSeunghun,KeyEvent,65535:16:1,Assignment,Editor,D:/University/Java/Assignment/src/Week5/Beverage.java,,18,33,Default task
2021-10-02T13:58:31.881+09:00,HanSeunghun,KeyEvent,40:57:1,Assignment,Editor,D:/University/Java/Assignment/src/Week5/Beverage.java,,18,33,Default task
2021-10-02T13:58:32.001+09:00,HanSeunghun,KeyEvent,41:48:1,Assignment,Editor,D:/University/Java/Assignment/src/Week5/Beverage.java,Beverage::getBeverageType,18,34,Default task
2021-10-02T13:58:32.169+09:00,HanSeunghun,Action,EditorEnter,Assignment,Editor,D:/University/Java/Assignment/src/Week5/Beverage.java,,18,35,Default task
2021-10-02T13:58:32.172+09:00,HanSeunghun,KeyEvent,10:10:0,Assignment,Editor,D:/University/Java/Assignment/src/Week5/Beverage.java,,19,8,Default task
2021-10-02T13:58:32.368+09:00,HanSeunghun,KeyEvent,65535:16:1,Assignment,Editor,D:/University/Java/Assignment/src/Week5/Beverage.java,,19,8,Default task
2021-10-02T13:58:32.432+09:00,HanSeunghun,KeyEvent,123:91:1,Assignment,Editor,D:/University/Java/Assignment/src/Week5/Beverage.java,,19,8,Default task
2021-10-02T13:58:32.585+09:00,HanSeunghun,Action,EditorEnter,Assignment,Editor,D:/University/Java/Assignment/src/Week5/Beverage.java,Beverage::getBeverageType,19,5,Default task
2021-10-02T13:58:32.588+09:00,HanSeunghun,KeyEvent,10:10:0,Assignment,Editor,D:/University/Java/Assignment/src/Week5/Beverage.java,,20,8,Default task
2021-10-02T13:58:32.696+09:00,HanSeunghun,KeyEvent,114:82:0,Assignment,Editor,D:/University/Java/Assignment/src/Week5/Beverage.java,Beverage::getBeverageType,20,8,Default task
2021-10-02T13:58:32.776+09:00,HanSeunghun,KeyEvent,101:69:0,Assignment,Editor,D:/University/Java/Assignment/src/Week5/Beverage.java,Beverage::getBeverageType,20,9,Default task
2021-10-02T13:58:32.897+09:00,HanSeunghun,KeyEvent,116:84:0,Assignment,Editor,D:/University/Java/Assignment/src/Week5/Beverage.java,Beverage::getBeverageType,20,10,Default task
2021-10-02T13:58:32.960+09:00,HanSeunghun,KeyEvent,117:85:0,Assignment,Editor,D:/University/Java/Assignment/src/Week5/Beverage.java,Beverage::getBeverageType,20,11,Default task
2021-10-02T13:58:33.080+09:00,HanSeunghun,KeyEvent,114:82:0,Assignment,Editor,D:/University/Java/Assignment/src/Week5/Beverage.java,Beverage::getBeverageType,20,12,Default task
2021-10-02T13:58:33.216+09:00,HanSeunghun,KeyEvent,110:78:0,Assignment,Editor,D:/University/Java/Assignment/src/Week5/Beverage.java,Beverage::getBeverageType,20,13,Default task
2021-10-02T13:58:33.321+09:00,HanSeunghun,KeyEvent,32:32:0,Assignment,Editor,D:/University/Java/Assignment/src/Week5/Beverage.java,Beverage::getBeverageType,20,14,Default task
2021-10-02T13:58:33.680+09:00,HanSeunghun,KeyEvent,116:84:0,Assignment,Editor,D:/University/Java/Assignment/src/Week5/Beverage.java,Beverage::getBeverageType,20,15,Default task
2021-10-02T13:58:33.888+09:00,HanSeunghun,KeyEvent,121:89:0,Assignment,Editor,D:/University/Java/Assignment/src/Week5/Beverage.java,Beverage::getBeverageType,20,16,Default task
2021-10-02T13:58:34.673+09:00,HanSeunghun,Action,EditorChooseLookupItem,Assignment,Editor,D:/University/Java/Assignment/src/Week5/Beverage.java,Beverage::getBeverageType,20,17,Default task
2021-10-02T13:58:34.679+09:00,HanSeunghun,KeyEvent,10:10:0,Assignment,Editor,D:/University/Java/Assignment/src/Week5/Beverage.java,Beverage::getBeverageType,20,19,Default task
2021-10-02T13:58:34.880+09:00,HanSeunghun,KeyEvent,59:59:0,Assignment,Editor,D:/University/Java/Assignment/src/Week5/Beverage.java,Beverage::getBeverageType,20,19,Default task
2021-10-02T13:58:36.073+09:00,HanSeunghun,KeyEvent,65535:17:2,Assignment,Editor,D:/University/Java/Assignment/src/Week5/Beverage.java,,21,5,Default task
2021-10-02T13:58:36.232+09:00,HanSeunghun,Action,SaveAll,Assignment,Editor,D:/University/Java/Assignment/src/Week5/Beverage.java,,21,5,Default task
2021-10-02T13:58:36.241+09:00,HanSeunghun,KeyEvent,19:83:2,Assignment,Editor,D:/University/Java/Assignment/src/Week5/Beverage.java,,21,5,Default task
2021-10-02T13:58:40.704+09:00,HanSeunghun,KeyEvent,65535:16:1,Assignment,Editor,D:/University/Java/Assignment/src/Week5/Cafe.java,Cafe::addBeverage,20,49,Default task
2021-10-02T13:58:41.001+09:00,HanSeunghun,KeyEvent,43:61:1,Assignment,Editor,D:/University/Java/Assignment/src/Week5/Cafe.java,Cafe::addBeverage,20,49,Default task
2021-10-02T13:58:42.081+09:00,HanSeunghun,KeyEvent,98:66:0,Assignment,Editor,D:/University/Java/Assignment/src/Week5/Cafe.java,Cafe::addBeverage,20,50,Default task
2021-10-02T13:58:42.640+09:00,HanSeunghun,Action,EditorChooseLookupItem,Assignment,Editor,D:/University/Java/Assignment/src/Week5/Cafe.java,Cafe::addBeverage,20,51,Default task
2021-10-02T13:58:42.648+09:00,HanSeunghun,KeyEvent,10:10:0,Assignment,Editor,D:/University/Java/Assignment/src/Week5/Cafe.java,Cafe::addBeverage,20,58,Default task
2021-10-02T13:58:43.432+09:00,HanSeunghun,KeyEvent,46:46:0,Assignment,Editor,D:/University/Java/Assignment/src/Week5/Cafe.java,Cafe::addBeverage,20,58,Default task
2021-10-02T13:58:43.664+09:00,HanSeunghun,KeyEvent,103:71:0,Assignment,Editor,D:/University/Java/Assignment/src/Week5/Cafe.java,Cafe::addBeverage,20,59,Default task
2021-10-02T13:58:43.768+09:00,HanSeunghun,KeyEvent,101:69:0,Assignment,Editor,D:/University/Java/Assignment/src/Week5/Cafe.java,Cafe::addBeverage,20,60,Default task
2021-10-02T13:58:43.912+09:00,HanSeunghun,KeyEvent,116:84:0,Assignment,Editor,D:/University/Java/Assignment/src/Week5/Cafe.java,Cafe::addBeverage,20,61,Default task
2021-10-02T13:58:44.297+09:00,HanSeunghun,Action,EditorDown,Assignment,Editor,D:/University/Java/Assignment/src/Week5/Cafe.java,Cafe::addBeverage,20,62,Default task
2021-10-02T13:58:44.298+09:00,HanSeunghun,KeyEvent,65535:40:0,Assignment,Editor,D:/University/Java/Assignment/src/Week5/Cafe.java,Cafe::addBeverage,20,62,Default task
2021-10-02T13:58:44.521+09:00,HanSeunghun,Action,EditorChooseLookupItem,Assignment,Editor,D:/University/Java/Assignment/src/Week5/Cafe.java,Cafe::addBeverage,20,62,Default task
2021-10-02T13:58:44.527+09:00,HanSeunghun,KeyEvent,10:10:0,Assignment,Editor,D:/University/Java/Assignment/src/Week5/Cafe.java,Cafe::addBeverage,20,76,Default task
2021-10-02T13:58:44.953+09:00,HanSeunghun,Action,EditorLineEnd,Assignment,Editor,D:/University/Java/Assignment/src/Week5/Cafe.java,Cafe::addBeverage,20,76,Default task
2021-10-02T13:58:44.953+09:00,HanSeunghun,KeyEvent,65535:35:0,Assignment,Editor,D:/University/Java/Assignment/src/Week5/Cafe.java,Cafe::addBeverage,20,88,Default task
2021-10-02T13:58:45.317+09:00,HanSeunghun,Action,EditorDown,Assignment,Editor,D:/University/Java/Assignment/src/Week5/Cafe.java,Cafe::addBeverage,20,88,Default task
2021-10-02T13:58:45.318+09:00,HanSeunghun,KeyEvent,65535:40:0,Assignment,Editor,D:/University/Java/Assignment/src/Week5/Cafe.java,,21,5,Default task
2021-10-02T13:58:45.497+09:00,HanSeunghun,Action,EditorDown,Assignment,Editor,D:/University/Java/Assignment/src/Week5/Cafe.java,,21,5,Default task
2021-10-02T13:58:45.498+09:00,HanSeunghun,KeyEvent,65535:40:0,Assignment,Editor,D:/University/Java/Assignment/src/Week5/Cafe.java,Cafe::findBeverage,22,58,Default task
2021-10-02T13:58:45.721+09:00,HanSeunghun,Action,EditorUp,Assignment,Editor,D:/University/Java/Assignment/src/Week5/Cafe.java,Cafe::findBeverage,22,58,Default task
2021-10-02T13:58:45.721+09:00,HanSeunghun,KeyEvent,65535:38:0,Assignment,Editor,D:/University/Java/Assignment/src/Week5/Cafe.java,,21,5,Default task
2021-10-02T13:58:45.937+09:00,HanSeunghun,KeyEvent,65535:17:2,Assignment,Editor,D:/University/Java/Assignment/src/Week5/Cafe.java,,21,5,Default task
2021-10-02T13:58:46.248+09:00,HanSeunghun,Action,SaveAll,Assignment,Editor,D:/University/Java/Assignment/src/Week5/Cafe.java,,21,5,Default task
2021-10-02T13:58:46.257+09:00,HanSeunghun,KeyEvent,19:83:2,Assignment,Editor,D:/University/Java/Assignment/src/Week5/Cafe.java,,21,5,Default task
2021-10-02T13:58:48.632+09:00,HanSeunghun,KeyEvent,65535:17:2,Assignment,Editor,D:/University/Java/Assignment/src/Week5/Cafe.java,,25,5,Default task
2021-10-02T13:58:49.133+09:00,HanSeunghun,KeyEvent,65535:17:2,Assignment,Editor,D:/University/Java/Assignment/src/Week5/Cafe.java,,25,5,Default task
2021-10-02T13:58:49.165+09:00,HanSeunghun,KeyEvent,65535:17:2,Assignment,Editor,D:/University/Java/Assignment/src/Week5/Cafe.java,,25,5,Default task
2021-10-02T13:58:49.201+09:00,HanSeunghun,KeyEvent,65535:17:2,Assignment,Editor,D:/University/Java/Assignment/src/Week5/Cafe.java,,25,5,Default task
2021-10-02T13:58:49.231+09:00,HanSeunghun,KeyEvent,65535:17:2,Assignment,Editor,D:/University/Java/Assignment/src/Week5/Cafe.java,,25,5,Default task
2021-10-02T13:58:49.264+09:00,HanSeunghun,KeyEvent,65535:17:2,Assignment,Editor,D:/University/Java/Assignment/src/Week5/Cafe.java,,25,5,Default task
2021-10-02T13:58:49.298+09:00,HanSeunghun,KeyEvent,65535:17:2,Assignment,Editor,D:/University/Java/Assignment/src/Week5/Cafe.java,,25,5,Default task
2021-10-02T13:58:49.331+09:00,HanSeunghun,KeyEvent,65535:17:2,Assignment,Editor,D:/University/Java/Assignment/src/Week5/Cafe.java,,25,5,Default task
2021-10-02T13:58:49.364+09:00,HanSeunghun,KeyEvent,65535:17:2,Assignment,Editor,D:/University/Java/Assignment/src/Week5/Cafe.java,,25,5,Default task
2021-10-02T13:58:49.397+09:00,HanSeunghun,KeyEvent,65535:17:2,Assignment,Editor,D:/University/Java/Assignment/src/Week5/Cafe.java,,25,5,Default task
2021-10-02T13:58:49.428+09:00,HanSeunghun,KeyEvent,65535:17:2,Assignment,Editor,D:/University/Java/Assignment/src/Week5/Cafe.java,,25,5,Default task
2021-10-02T13:58:49.463+09:00,HanSeunghun,KeyEvent,65535:17:2,Assignment,Editor,D:/University/Java/Assignment/src/Week5/Cafe.java,,25,5,Default task
2021-10-02T13:58:49.496+09:00,HanSeunghun,KeyEvent,65535:17:2,Assignment,Editor,D:/University/Java/Assignment/src/Week5/Cafe.java,,25,5,Default task
2021-10-02T13:58:49.533+09:00,HanSeunghun,KeyEvent,65535:17:2,Assignment,Editor,D:/University/Java/Assignment/src/Week5/Cafe.java,,25,5,Default task
2021-10-02T13:58:49.579+09:00,HanSeunghun,KeyEvent,65535:17:2,Assignment,Editor,D:/University/Java/Assignment/src/Week5/Cafe.java,,25,5,Default task
2021-10-02T13:58:49.596+09:00,HanSeunghun,KeyEvent,65535:17:2,Assignment,Editor,D:/University/Java/Assignment/src/Week5/Cafe.java,,25,5,Default task
2021-10-02T13:58:49.627+09:00,HanSeunghun,KeyEvent,65535:17:2,Assignment,Editor,D:/University/Java/Assignment/src/Week5/Cafe.java,,25,5,Default task
2021-10-02T13:58:49.663+09:00,HanSeunghun,KeyEvent,65535:17:2,Assignment,Editor,D:/University/Java/Assignment/src/Week5/Cafe.java,,25,5,Default task
2021-10-02T13:58:49.697+09:00,HanSeunghun,KeyEvent,65535:17:2,Assignment,Editor,D:/University/Java/Assignment/src/Week5/Cafe.java,,25,5,Default task
2021-10-02T13:58:49.727+09:00,HanSeunghun,KeyEvent,65535:17:2,Assignment,Editor,D:/University/Java/Assignment/src/Week5/Cafe.java,,25,5,Default task
2021-10-02T13:58:49.759+09:00,HanSeunghun,KeyEvent,65535:17:2,Assignment,Editor,D:/University/Java/Assignment/src/Week5/Cafe.java,,25,5,Default task
2021-10-02T13:58:49.793+09:00,HanSeunghun,KeyEvent,65535:17:2,Assignment,Editor,D:/University/Java/Assignment/src/Week5/Cafe.java,,25,5,Default task
2021-10-02T13:58:49.833+09:00,HanSeunghun,KeyEvent,65535:17:2,Assignment,Editor,D:/University/Java/Assignment/src/Week5/Cafe.java,,25,5,Default task
2021-10-02T13:58:49.861+09:00,HanSeunghun,KeyEvent,65535:17:2,Assignment,Editor,D:/University/Java/Assignment/src/Week5/Cafe.java,,25,5,Default task
2021-10-02T13:58:49.892+09:00,HanSeunghun,KeyEvent,65535:17:2,Assignment,Editor,D:/University/Java/Assignment/src/Week5/Cafe.java,,25,5,Default task
2021-10-02T13:58:49.924+09:00,HanSeunghun,KeyEvent,65535:17:2,Assignment,Editor,D:/University/Java/Assignment/src/Week5/Cafe.java,,25,5,Default task
2021-10-02T13:58:49.958+09:00,HanSeunghun,KeyEvent,65535:17:2,Assignment,Editor,D:/University/Java/Assignment/src/Week5/Cafe.java,,25,5,Default task
2021-10-02T13:58:49.991+09:00,HanSeunghun,KeyEvent,65535:17:2,Assignment,Editor,D:/University/Java/Assignment/src/Week5/Cafe.java,,25,5,Default task
2021-10-02T13:58:50.025+09:00,HanSeunghun,KeyEvent,65535:17:2,Assignment,Editor,D:/University/Java/Assignment/src/Week5/Cafe.java,,25,5,Default task
2021-10-02T13:58:50.058+09:00,HanSeunghun,KeyEvent,65535:17:2,Assignment,Editor,D:/University/Java/Assignment/src/Week5/Cafe.java,,25,5,Default task
2021-10-02T13:58:50.090+09:00,HanSeunghun,KeyEvent,65535:17:2,Assignment,Editor,D:/University/Java/Assignment/src/Week5/Cafe.java,,25,5,Default task
2021-10-02T13:58:50.123+09:00,HanSeunghun,KeyEvent,65535:17:2,Assignment,Editor,D:/University/Java/Assignment/src/Week5/Cafe.java,,25,5,Default task
2021-10-02T13:58:50.156+09:00,HanSeunghun,KeyEvent,65535:17:2,Assignment,Editor,D:/University/Java/Assignment/src/Week5/Cafe.java,,25,5,Default task
2021-10-02T13:58:50.190+09:00,HanSeunghun,KeyEvent,65535:17:2,Assignment,Editor,D:/University/Java/Assignment/src/Week5/Cafe.java,,25,5,Default task
2021-10-02T13:58:50.227+09:00,HanSeunghun,KeyEvent,65535:17:2,Assignment,Editor,D:/University/Java/Assignment/src/Week5/Cafe.java,,25,5,Default task
2021-10-02T13:58:50.254+09:00,HanSeunghun,KeyEvent,65535:17:2,Assignment,Editor,D:/University/Java/Assignment/src/Week5/Cafe.java,,25,5,Default task
2021-10-02T13:58:50.288+09:00,HanSeunghun,KeyEvent,65535:17:2,Assignment,Editor,D:/University/Java/Assignment/src/Week5/Cafe.java,,25,5,Default task
2021-10-02T13:58:50.321+09:00,HanSeunghun,KeyEvent,65535:17:2,Assignment,Editor,D:/University/Java/Assignment/src/Week5/Cafe.java,,25,5,Default task
2021-10-02T13:58:50.354+09:00,HanSeunghun,KeyEvent,65535:17:2,Assignment,Editor,D:/University/Java/Assignment/src/Week5/Cafe.java,,25,5,Default task
2021-10-02T13:58:50.387+09:00,HanSeunghun,KeyEvent,65535:17:2,Assignment,Editor,D:/University/Java/Assignment/src/Week5/Cafe.java,,25,5,Default task
2021-10-02T13:58:50.420+09:00,HanSeunghun,KeyEvent,65535:17:2,Assignment,Editor,D:/University/Java/Assignment/src/Week5/Cafe.java,,25,5,Default task
2021-10-02T13:58:50.453+09:00,HanSeunghun,KeyEvent,65535:17:2,Assignment,Editor,D:/University/Java/Assignment/src/Week5/Cafe.java,,25,5,Default task
2021-10-02T13:58:50.486+09:00,HanSeunghun,KeyEvent,65535:17:2,Assignment,Editor,D:/University/Java/Assignment/src/Week5/Cafe.java,,25,5,Default task
2021-10-02T13:58:50.518+09:00,HanSeunghun,KeyEvent,65535:17:2,Assignment,Editor,D:/University/Java/Assignment/src/Week5/Cafe.java,,25,5,Default task
2021-10-02T13:58:50.528+09:00,HanSeunghun,Action,SaveAll,Assignment,Editor,D:/University/Java/Assignment/src/Week5/Cafe.java,,25,5,Default task
2021-10-02T13:58:50.529+09:00,HanSeunghun,KeyEvent,19:83:2,Assignment,Editor,D:/University/Java/Assignment/src/Week5/Cafe.java,,25,5,Default task
2021-10-02T13:58:55.865+09:00,HanSeunghun,KeyEvent,65535:17:2,Assignment,Editor,D:/University/Java/Assignment/src/Week5/CafeTest.java,CafeTest::FindBeverage,75,19,Default task
2021-10-02T13:58:55.949+09:00,HanSeunghun,Action,EditorCopy,Assignment,Editor,D:/University/Java/Assignment/src/Week5/CafeTest.java,CafeTest::FindBeverage,75,19,Default task
2021-10-02T13:58:55.962+09:00,HanSeunghun,KeyEvent,3:67:2,Assignment,Editor,D:/University/Java/Assignment/src/Week5/CafeTest.java,CafeTest::FindBeverage,75,19,Default task
2021-10-02T13:58:56.480+09:00,HanSeunghun,KeyEvent,65535:17:2,Assignment,Editor,D:/University/Java/Assignment/src/Week5/CafeTest.java,CafeTest::FindBeverage,77,26,Default task
2021-10-02T13:58:56.544+09:00,HanSeunghun,Action,EditorPaste,Assignment,Editor,D:/University/Java/Assignment/src/Week5/CafeTest.java,CafeTest::FindBeverage,77,26,Default task
2021-10-02T13:58:56.558+09:00,HanSeunghun,KeyEvent,22:86:2,Assignment,Editor,D:/University/Java/Assignment/src/Week5/CafeTest.java,CafeTest::FindBeverage,77,30,Default task
2021-10-02T13:58:57.152+09:00,HanSeunghun,KeyEvent,44:44:0,Assignment,Editor,D:/University/Java/Assignment/src/Week5/CafeTest.java,CafeTest::FindBeverage,77,30,Default task
2021-10-02T13:58:57.467+09:00,HanSeunghun,KeyEvent,32:32:0,Assignment,Editor,D:/University/Java/Assignment/src/Week5/CafeTest.java,CafeTest::FindBeverage,77,31,Default task
2021-10-02T13:58:57.641+09:00,HanSeunghun,KeyEvent,116:84:0,Assignment,Editor,D:/University/Java/Assignment/src/Week5/CafeTest.java,CafeTest::FindBeverage,77,32,Default task
2021-10-02T13:58:58.048+09:00,HanSeunghun,Action,EditorChooseLookupItem,Assignment,Editor,D:/University/Java/Assignment/src/Week5/CafeTest.java,CafeTest::FindBeverage,77,33,Default task
2021-10-02T13:58:58.056+09:00,HanSeunghun,KeyEvent,10:10:0,Assignment,Editor,D:/University/Java/Assignment/src/Week5/CafeTest.java,CafeTest::FindBeverage,77,36,Default task
2021-10-02T13:58:58.529+09:00,HanSeunghun,Action,EditorLineEnd,Assignment,Editor,D:/University/Java/Assignment/src/Week5/CafeTest.java,CafeTest::FindBeverage,77,36,Default task
2021-10-02T13:58:58.530+09:00,HanSeunghun,KeyEvent,65535:35:0,Assignment,Editor,D:/University/Java/Assignment/src/Week5/CafeTest.java,CafeTest::FindBeverage,77,38,Default task
2021-10-02T13:58:58.817+09:00,HanSeunghun,Action,EditorDown,Assignment,Editor,D:/University/Java/Assignment/src/Week5/CafeTest.java,CafeTest::FindBeverage,77,38,Default task
2021-10-02T13:58:58.818+09:00,HanSeunghun,KeyEvent,65535:40:0,Assignment,Editor,D:/University/Java/Assignment/src/Week5/CafeTest.java,,78,5,Default task
2021-10-02T13:58:59.001+09:00,HanSeunghun,Action,EditorDown,Assignment,Editor,D:/University/Java/Assignment/src/Week5/CafeTest.java,,78,5,Default task
2021-10-02T13:58:59.002+09:00,HanSeunghun,KeyEvent,65535:40:0,Assignment,Editor,D:/University/Java/Assignment/src/Week5/CafeTest.java,,79,1,Default task
2021-10-02T13:58:59.177+09:00,HanSeunghun,Action,EditorDown,Assignment,Editor,D:/University/Java/Assignment/src/Week5/CafeTest.java,,79,1,Default task
2021-10-02T13:58:59.177+09:00,HanSeunghun,KeyEvent,65535:40:0,Assignment,Editor,D:/University/Java/Assignment/src/Week5/CafeTest.java,,79,1,Default task
2021-10-02T13:58:59.385+09:00,HanSeunghun,KeyEvent,65535:17:2,Assignment,Editor,D:/University/Java/Assignment/src/Week5/CafeTest.java,,79,1,Default task
2021-10-02T13:58:59.537+09:00,HanSeunghun,Action,SaveAll,Assignment,Editor,D:/University/Java/Assignment/src/Week5/CafeTest.java,,79,1,Default task
2021-10-02T13:58:59.545+09:00,HanSeunghun,KeyEvent,19:83:2,Assignment,Editor,D:/University/Java/Assignment/src/Week5/CafeTest.java,,79,1,Default task
2021-10-02T13:59:01.041+09:00,HanSeunghun,Action,EditorLineStart,Assignment,Editor,D:/University/Java/Assignment/src/Week5/CafeTest.java,CafeTest::FindBeverage,77,38,Default task
2021-10-02T13:59:01.041+09:00,HanSeunghun,KeyEvent,65535:36:0,Assignment,Editor,D:/University/Java/Assignment/src/Week5/CafeTest.java,CafeTest::FindBeverage,77,8,Default task
2021-10-02T13:59:01.208+09:00,HanSeunghun,KeyEvent,114:82:0,Assignment,Editor,D:/University/Java/Assignment/src/Week5/CafeTest.java,CafeTest::FindBeverage,77,8,Default task
2021-10-02T13:59:01.297+09:00,HanSeunghun,KeyEvent,101:69:0,Assignment,Editor,D:/University/Java/Assignment/src/Week5/CafeTest.java,CafeTest::FindBeverage,77,9,Default task
2021-10-02T13:59:01.416+09:00,HanSeunghun,KeyEvent,116:84:0,Assignment,Editor,D:/University/Java/Assignment/src/Week5/CafeTest.java,CafeTest::FindBeverage,77,10,Default task
2021-10-02T13:59:01.544+09:00,HanSeunghun,KeyEvent,117:85:0,Assignment,Editor,D:/University/Java/Assignment/src/Week5/CafeTest.java,CafeTest::FindBeverage,77,11,Default task
2021-10-02T13:59:01.680+09:00,HanSeunghun,KeyEvent,114:82:0,Assignment,Editor,D:/University/Java/Assignment/src/Week5/CafeTest.java,CafeTest::FindBeverage,77,12,Default task
2021-10-02T13:59:01.809+09:00,HanSeunghun,KeyEvent,110:78:0,Assignment,Editor,D:/University/Java/Assignment/src/Week5/CafeTest.java,CafeTest::FindBeverage,77,13,Default task
2021-10-02T13:59:01.921+09:00,HanSeunghun,KeyEvent,32:32:0,Assignment,Editor,D:/University/Java/Assignment/src/Week5/CafeTest.java,CafeTest::FindBeverage,77,14,Default task
2021-10-02T13:59:02.161+09:00,HanSeunghun,KeyEvent,27:27:0,Assignment,Editor,D:/University/Java/Assignment/src/Week5/CafeTest.java,CafeTest::FindBeverage,77,15,Default task
2021-10-02T13:59:02.346+09:00,HanSeunghun,Action,EditorEscape,Assignment,Editor,D:/University/Java/Assignment/src/Week5/CafeTest.java,CafeTest::FindBeverage,77,15,Default task
2021-10-02T13:59:02.346+09:00,HanSeunghun,KeyEvent,27:27:0,Assignment,Editor,D:/University/Java/Assignment/src/Week5/CafeTest.java,CafeTest::FindBeverage,77,15,Default task
2021-10-02T13:59:03.104+09:00,HanSeunghun,KeyEvent,65535:17:2,Assignment,Editor,D:/University/Java/Assignment/src/Week5/CafeTest.java,CafeTest::FindBeverage,73,40,Default task
2021-10-02T13:59:03.182+09:00,HanSeunghun,Action,EditorCopy,Assignment,Editor,D:/University/Java/Assignment/src/Week5/CafeTest.java,CafeTest::FindBeverage,73,40,Default task
2021-10-02T13:59:03.188+09:00,HanSeunghun,KeyEvent,3:67:2,Assignment,Editor,D:/University/Java/Assignment/src/Week5/CafeTest.java,CafeTest::FindBeverage,73,40,Default task
2021-10-02T13:59:03.552+09:00,HanSeunghun,KeyEvent,65535:17:2,Assignment,Editor,D:/University/Java/Assignment/src/Week5/CafeTest.java,,66,0,Default task
2021-10-02T13:59:03.632+09:00,HanSeunghun,Action,SaveAll,Assignment,Editor,D:/University/Java/Assignment/src/Week5/CafeTest.java,,66,0,Default task
2021-10-02T13:59:03.641+09:00,HanSeunghun,KeyEvent,19:83:2,Assignment,Editor,D:/University/Java/Assignment/src/Week5/CafeTest.java,,66,0,Default task
2021-10-02T13:59:05.496+09:00,HanSeunghun,KeyEvent,65535:17:2,Assignment,Editor,D:/University/Java/Assignment/src/Week5/CafeTest.java,CafeTest::main,47,22,Default task
2021-10-02T13:59:05.584+09:00,HanSeunghun,Action,EditorPaste,Assignment,Editor,D:/University/Java/Assignment/src/Week5/CafeTest.java,CafeTest::main,47,22,Default task
2021-10-02T13:59:05.587+09:00,HanSeunghun,KeyEvent,22:86:2,Assignment,Editor,D:/University/Java/Assignment/src/Week5/CafeTest.java,CafeTest::main,47,32,Default task
2021-10-02T13:59:06.458+09:00,HanSeunghun,KeyEvent,65535:16:1,Assignment,Editor,D:/University/Java/Assignment/src/Week5/CafeTest.java,CafeTest::main,47,32,Default task
2021-10-02T13:59:06.712+09:00,HanSeunghun,KeyEvent,40:57:1,Assignment,Editor,D:/University/Java/Assignment/src/Week5/CafeTest.java,CafeTest::main,47,32,Default task
2021-10-02T13:59:07.826+09:00,HanSeunghun,Action,EditorRight,Assignment,Editor,D:/University/Java/Assignment/src/Week5/CafeTest.java,CafeTest::main,47,33,Default task
2021-10-02T13:59:07.826+09:00,HanSeunghun,KeyEvent,65535:39:0,Assignment,Editor,D:/University/Java/Assignment/src/Week5/CafeTest.java,CafeTest::main,47,34,Default task
2021-10-02T13:59:08.978+09:00,HanSeunghun,Action,EditorLeft,Assignment,Editor,D:/University/Java/Assignment/src/Week5/CafeTest.java,CafeTest::main,47,34,Default task
2021-10-02T13:59:08.978+09:00,HanSeunghun,KeyEvent,65535:37:0,Assignment,Editor,D:/University/Java/Assignment/src/Week5/CafeTest.java,CafeTest::main,47,33,Default task
2021-10-02T13:59:09.337+09:00,HanSeunghun,KeyEvent,115:83:0,Assignment,Editor,D:/University/Java/Assignment/src/Week5/CafeTest.java,CafeTest::main,47,33,Default task
2021-10-02T13:59:09.536+09:00,HanSeunghun,KeyEvent,116:84:0,Assignment,Editor,D:/University/Java/Assignment/src/Week5/CafeTest.java,CafeTest::main,47,34,Default task
2021-10-02T13:59:09.912+09:00,HanSeunghun,Action,EditorChooseLookupItem,Assignment,Editor,D:/University/Java/Assignment/src/Week5/CafeTest.java,CafeTest::main,47,35,Default task
2021-10-02T13:59:09.919+09:00,HanSeunghun,KeyEvent,10:10:0,Assignment,Editor,D:/University/Java/Assignment/src/Week5/CafeTest.java,CafeTest::main,47,42,Default task
2021-10-02T13:59:10.153+09:00,HanSeunghun,Action,EditorRight,Assignment,Editor,D:/University/Java/Assignment/src/Week5/CafeTest.java,CafeTest::main,47,42,Default task
2021-10-02T13:59:10.153+09:00,HanSeunghun,KeyEvent,65535:39:0,Assignment,Editor,D:/University/Java/Assignment/src/Week5/CafeTest.java,CafeTest::main,47,43,Default task
2021-10-02T13:59:11.552+09:00,HanSeunghun,KeyEvent,59:59:0,Assignment,Editor,D:/University/Java/Assignment/src/Week5/CafeTest.java,CafeTest::main,47,43,Default task
2021-10-02T13:59:17.073+09:00,HanSeunghun,Action,EditorBackSpace,Assignment,Editor,D:/University/Java/Assignment/src/Week5/CafeTest.java,CafeTest::FindBeverage,77,14,Default task
2021-10-02T13:59:17.075+09:00,HanSeunghun,KeyEvent,8:8:0,Assignment,Editor,D:/University/Java/Assignment/src/Week5/CafeTest.java,CafeTest::FindBeverage,77,8,Default task
2021-10-02T13:59:17.618+09:00,HanSeunghun,KeyEvent,65535:20:0,Assignment,Editor,D:/University/Java/Assignment/src/Week5/CafeTest.java,CafeTest::FindBeverage,77,8,Default task
2021-10-02T13:59:17.752+09:00,HanSeunghun,KeyEvent,66:66:0,Assignment,Editor,D:/University/Java/Assignment/src/Week5/CafeTest.java,CafeTest::FindBeverage,77,8,Default task
2021-10-02T13:59:17.901+09:00,HanSeunghun,KeyEvent,65535:20:0,Assignment,Editor,D:/University/Java/Assignment/src/Week5/CafeTest.java,CafeTest::FindBeverage,77,9,Default task
2021-10-02T13:59:17.995+09:00,HanSeunghun,KeyEvent,101:69:0,Assignment,Editor,D:/University/Java/Assignment/src/Week5/CafeTest.java,CafeTest::FindBeverage,77,9,Default task
2021-10-02T13:59:18.569+09:00,HanSeunghun,Action,EditorChooseLookupItem,Assignment,Editor,D:/University/Java/Assignment/src/Week5/CafeTest.java,CafeTest::FindBeverage,77,10,Default task
2021-10-02T13:59:18.577+09:00,HanSeunghun,KeyEvent,10:10:0,Assignment,Editor,D:/University/Java/Assignment/src/Week5/CafeTest.java,CafeTest::FindBeverage,77,16,Default task
2021-10-02T13:59:18.945+09:00,HanSeunghun,KeyEvent,32:32:0,Assignment,Editor,D:/University/Java/Assignment/src/Week5/CafeTest.java,CafeTest::FindBeverage,77,16,Default task
2021-10-02T13:59:19.424+09:00,HanSeunghun,KeyEvent,98:66:0,Assignment,Editor,D:/University/Java/Assignment/src/Week5/CafeTest.java,CafeTest::FindBeverage,77,17,Default task
2021-10-02T13:59:19.688+09:00,HanSeunghun,KeyEvent,101:69:0,Assignment,Editor,D:/University/Java/Assignment/src/Week5/CafeTest.java,CafeTest::FindBeverage,77,18,Default task
2021-10-02T13:59:20.128+09:00,HanSeunghun,KeyEvent,118:86:0,Assignment,Editor,D:/University/Java/Assignment/src/Week5/CafeTest.java,CafeTest::FindBeverage,77,19,Default task
2021-10-02T13:59:20.449+09:00,HanSeunghun,Action,EditorChooseLookupItem,Assignment,Editor,D:/University/Java/Assignment/src/Week5/CafeTest.java,CafeTest::FindBeverage,77,20,Default task
2021-10-02T13:59:20.457+09:00,HanSeunghun,KeyEvent,10:10:0,Assignment,Editor,D:/University/Java/Assignment/src/Week5/CafeTest.java,CafeTest::FindBeverage,77,25,Default task
2021-10-02T13:59:20.745+09:00,HanSeunghun,KeyEvent,32:32:0,Assignment,Editor,D:/University/Java/Assignment/src/Week5/CafeTest.java,CafeTest::FindBeverage,77,25,Default task
2021-10-02T13:59:20.872+09:00,HanSeunghun,KeyEvent,61:61:0,Assignment,Editor,D:/University/Java/Assignment/src/Week5/CafeTest.java,CafeTest::FindBeverage,77,26,Default task
2021-10-02T13:59:21.136+09:00,HanSeunghun,KeyEvent,27:27:0,Assignment,Editor,D:/University/Java/Assignment/src/Week5/CafeTest.java,CafeTest::FindBeverage,77,27,Default task
2021-10-02T13:59:21.361+09:00,HanSeunghun,Action,EditorLineEnd,Assignment,Editor,D:/University/Java/Assignment/src/Week5/CafeTest.java,CafeTest::FindBeverage,77,27,Default task
2021-10-02T13:59:21.361+09:00,HanSeunghun,KeyEvent,65535:35:0,Assignment,Editor,D:/University/Java/Assignment/src/Week5/CafeTest.java,CafeTest::FindBeverage,77,58,Default task
2021-10-02T13:59:21.913+09:00,HanSeunghun,Action,EditorEnter,Assignment,Editor,D:/University/Java/Assignment/src/Week5/CafeTest.java,CafeTest::FindBeverage,77,58,Default task
2021-10-02T13:59:21.914+09:00,HanSeunghun,KeyEvent,10:10:0,Assignment,Editor,D:/University/Java/Assignment/src/Week5/CafeTest.java,,78,8,Default task
2021-10-02T13:59:22.616+09:00,HanSeunghun,Action,EditorBackSpace,Assignment,Editor,D:/University/Java/Assignment/src/Week5/CafeTest.java,CafeTest::FindBeverage,78,9,Default task
2021-10-02T13:59:22.617+09:00,HanSeunghun,KeyEvent,8:8:0,Assignment,Editor,D:/University/Java/Assignment/src/Week5/CafeTest.java,CafeTest::FindBeverage,78,8,Default task
2021-10-02T13:59:22.664+09:00,HanSeunghun,KeyEvent,100:68:0,Assignment,Editor,D:/University/Java/Assignment/src/Week5/CafeTest.java,CafeTest::FindBeverage,78,8,Default task
2021-10-02T13:59:22.752+09:00,HanSeunghun,KeyEvent,102:70:0,Assignment,Editor,D:/University/Java/Assignment/src/Week5/CafeTest.java,CafeTest::FindBeverage,78,9,Default task
2021-10-02T13:59:22.793+09:00,HanSeunghun,Action,EditorBackSpace,Assignment,Editor,D:/University/Java/Assignment/src/Week5/CafeTest.java,CafeTest::FindBeverage,78,10,Default task
2021-10-02T13:59:22.795+09:00,HanSeunghun,KeyEvent,8:8:0,Assignment,Editor,D:/University/Java/Assignment/src/Week5/CafeTest.java,CafeTest::FindBeverage,78,9,Default task
2021-10-02T13:59:22.921+09:00,HanSeunghun,Action,EditorBackSpace,Assignment,Editor,D:/University/Java/Assignment/src/Week5/CafeTest.java,CafeTest::FindBeverage,78,9,Default task
2021-10-02T13:59:22.922+09:00,HanSeunghun,KeyEvent,8:8:0,Assignment,Editor,D:/University/Java/Assignment/src/Week5/CafeTest.java,CafeTest::FindBeverage,78,8,Default task
2021-10-02T13:59:23.265+09:00,HanSeunghun,Action,EditorBackSpace,Assignment,Editor,D:/University/Java/Assignment/src/Week5/CafeTest.java,CafeTest::FindBeverage,78,9,Default task
2021-10-02T13:59:23.266+09:00,HanSeunghun,KeyEvent,8:8:0,Assignment,Editor,D:/University/Java/Assignment/src/Week5/CafeTest.java,CafeTest::FindBeverage,78,8,Default task
2021-10-02T13:59:23.336+09:00,HanSeunghun,KeyEvent,100:68:0,Assignment,Editor,D:/University/Java/Assignment/src/Week5/CafeTest.java,CafeTest::FindBeverage,78,8,Default task
2021-10-02T13:59:23.397+09:00,HanSeunghun,KeyEvent,102:70:0,Assignment,Editor,D:/University/Java/Assignment/src/Week5/CafeTest.java,CafeTest::FindBeverage,78,9,Default task
2021-10-02T13:59:23.456+09:00,HanSeunghun,Action,EditorBackSpace,Assignment,Editor,D:/University/Java/Assignment/src/Week5/CafeTest.java,CafeTest::FindBeverage,78,10,Default task
2021-10-02T13:59:23.458+09:00,HanSeunghun,KeyEvent,8:8:0,Assignment,Editor,D:/University/Java/Assignment/src/Week5/CafeTest.java,CafeTest::FindBeverage,78,9,Default task
2021-10-02T13:59:23.602+09:00,HanSeunghun,Action,EditorBackSpace,Assignment,Editor,D:/University/Java/Assignment/src/Week5/CafeTest.java,CafeTest::FindBeverage,78,9,Default task
2021-10-02T13:59:23.603+09:00,HanSeunghun,KeyEvent,8:8:0,Assignment,Editor,D:/University/Java/Assignment/src/Week5/CafeTest.java,CafeTest::FindBeverage,78,8,Default task
2021-10-02T13:59:24.064+09:00,HanSeunghun,Action,EditorBackSpace,Assignment,Editor,D:/University/Java/Assignment/src/Week5/CafeTest.java,CafeTest::FindBeverage,78,8,Default task
2021-10-02T13:59:24.066+09:00,HanSeunghun,KeyEvent,8:8:0,Assignment,Editor,D:/University/Java/Assignment/src/Week5/CafeTest.java,CafeTest::FindBeverage,77,58,Default task
2021-10-02T13:59:24.449+09:00,HanSeunghun,Action,EditorEnter,Assignment,Editor,D:/University/Java/Assignment/src/Week5/CafeTest.java,CafeTest::FindBeverage,77,58,Default task
2021-10-02T13:59:24.450+09:00,HanSeunghun,KeyEvent,10:10:0,Assignment,Editor,D:/University/Java/Assignment/src/Week5/CafeTest.java,,78,8,Default task
2021-10-02T13:59:24.665+09:00,HanSeunghun,Action,EditorBackSpace,Assignment,Editor,D:/University/Java/Assignment/src/Week5/CafeTest.java,CafeTest::FindBeverage,78,8,Default task
2021-10-02T13:59:24.666+09:00,HanSeunghun,KeyEvent,8:8:0,Assignment,Editor,D:/University/Java/Assignment/src/Week5/CafeTest.java,CafeTest::FindBeverage,77,58,Default task
2021-10-02T13:59:24.897+09:00,HanSeunghun,Action,EditorEnter,Assignment,Editor,D:/University/Java/Assignment/src/Week5/CafeTest.java,CafeTest::FindBeverage,77,58,Default task
2021-10-02T13:59:24.898+09:00,HanSeunghun,KeyEvent,10:10:0,Assignment,Editor,D:/University/Java/Assignment/src/Week5/CafeTest.java,,78,8,Default task
2021-10-02T13:59:25.088+09:00,HanSeunghun,Action,EditorBackSpace,Assignment,Editor,D:/University/Java/Assignment/src/Week5/CafeTest.java,CafeTest::FindBeverage,78,8,Default task
2021-10-02T13:59:25.090+09:00,HanSeunghun,KeyEvent,8:8:0,Assignment,Editor,D:/University/Java/Assignment/src/Week5/CafeTest.java,CafeTest::FindBeverage,77,58,Default task
2021-10-02T13:59:25.305+09:00,HanSeunghun,Action,EditorEnter,Assignment,Editor,D:/University/Java/Assignment/src/Week5/CafeTest.java,CafeTest::FindBeverage,77,58,Default task
2021-10-02T13:59:25.306+09:00,HanSeunghun,KeyEvent,10:10:0,Assignment,Editor,D:/University/Java/Assignment/src/Week5/CafeTest.java,,78,8,Default task
2021-10-02T13:59:25.513+09:00,HanSeunghun,Action,EditorBackSpace,Assignment,Editor,D:/University/Java/Assignment/src/Week5/CafeTest.java,CafeTest::FindBeverage,78,8,Default task
2021-10-02T13:59:25.515+09:00,HanSeunghun,KeyEvent,8:8:0,Assignment,Editor,D:/University/Java/Assignment/src/Week5/CafeTest.java,CafeTest::FindBeverage,77,58,Default task
2021-10-02T13:59:25.777+09:00,HanSeunghun,Action,EditorEnter,Assignment,Editor,D:/University/Java/Assignment/src/Week5/CafeTest.java,CafeTest::FindBeverage,77,58,Default task
2021-10-02T13:59:25.778+09:00,HanSeunghun,KeyEvent,10:10:0,Assignment,Editor,D:/University/Java/Assignment/src/Week5/CafeTest.java,,78,8,Default task
2021-10-02T13:59:26.384+09:00,HanSeunghun,Action,EditorBackSpace,Assignment,Editor,D:/University/Java/Assignment/src/Week5/CafeTest.java,CafeTest::FindBeverage,78,8,Default task
2021-10-02T13:59:26.386+09:00,HanSeunghun,KeyEvent,8:8:0,Assignment,Editor,D:/University/Java/Assignment/src/Week5/CafeTest.java,CafeTest::FindBeverage,77,58,Default task
2021-10-02T13:59:26.753+09:00,HanSeunghun,Action,EditorEnter,Assignment,Editor,D:/University/Java/Assignment/src/Week5/CafeTest.java,CafeTest::FindBeverage,77,58,Default task
2021-10-02T13:59:26.755+09:00,HanSeunghun,KeyEvent,10:10:0,Assignment,Editor,D:/University/Java/Assignment/src/Week5/CafeTest.java,,78,8,Default task
2021-10-02T13:59:27.097+09:00,HanSeunghun,Action,EditorUp,Assignment,Editor,D:/University/Java/Assignment/src/Week5/CafeTest.java,CafeTest::FindBeverage,78,8,Default task
2021-10-02T13:59:27.097+09:00,HanSeunghun,KeyEvent,65535:38:0,Assignment,Editor,D:/University/Java/Assignment/src/Week5/CafeTest.java,CafeTest::FindBeverage,77,8,Default task
2021-10-02T13:59:27.336+09:00,HanSeunghun,Action,EditorEnter,Assignment,Editor,D:/University/Java/Assignment/src/Week5/CafeTest.java,CafeTest::FindBeverage,77,8,Default task
2021-10-02T13:59:27.338+09:00,HanSeunghun,KeyEvent,10:10:0,Assignment,Editor,D:/University/Java/Assignment/src/Week5/CafeTest.java,CafeTest::FindBeverage,78,8,Default task
2021-10-02T13:59:27.661+09:00,HanSeunghun,Action,EditorDown,Assignment,Editor,D:/University/Java/Assignment/src/Week5/CafeTest.java,CafeTest::FindBeverage,78,8,Default task
2021-10-02T13:59:27.662+09:00,HanSeunghun,KeyEvent,65535:40:0,Assignment,Editor,D:/University/Java/Assignment/src/Week5/CafeTest.java,CafeTest::FindBeverage,79,8,Default task
2021-10-02T13:59:37.801+09:00,HanSeunghun,Action,EditorBackSpace,Assignment,Editor,D:/University/Java/Assignment/src/Week5/CafeTest.java,CafeTest::FindBeverage,79,9,Default task
2021-10-02T13:59:37.802+09:00,HanSeunghun,KeyEvent,8:8:0,Assignment,Editor,D:/University/Java/Assignment/src/Week5/CafeTest.java,CafeTest::FindBeverage,79,8,Default task
2021-10-02T13:59:37.873+09:00,HanSeunghun,KeyEvent,100:68:0,Assignment,Editor,D:/University/Java/Assignment/src/Week5/CafeTest.java,CafeTest::FindBeverage,79,8,Default task
2021-10-02T13:59:37.907+09:00,HanSeunghun,KeyEvent,102:70:0,Assignment,Editor,D:/University/Java/Assignment/src/Week5/CafeTest.java,CafeTest::FindBeverage,79,9,Default task
2021-10-02T13:59:38.001+09:00,HanSeunghun,Action,EditorBackSpace,Assignment,Editor,D:/University/Java/Assignment/src/Week5/CafeTest.java,CafeTest::FindBeverage,79,10,Default task
2021-10-02T13:59:38.002+09:00,HanSeunghun,KeyEvent,8:8:0,Assignment,Editor,D:/University/Java/Assignment/src/Week5/CafeTest.java,CafeTest::FindBeverage,79,9,Default task
2021-10-02T13:59:38.145+09:00,HanSeunghun,Action,EditorBackSpace,Assignment,Editor,D:/University/Java/Assignment/src/Week5/CafeTest.java,CafeTest::FindBeverage,79,9,Default task
2021-10-02T13:59:38.147+09:00,HanSeunghun,KeyEvent,8:8:0,Assignment,Editor,D:/University/Java/Assignment/src/Week5/CafeTest.java,CafeTest::FindBeverage,79,8,Default task
2021-10-02T13:59:38.480+09:00,HanSeunghun,Action,EditorBackSpace,Assignment,Editor,D:/University/Java/Assignment/src/Week5/CafeTest.java,CafeTest::FindBeverage,79,9,Default task
2021-10-02T13:59:38.481+09:00,HanSeunghun,KeyEvent,8:8:0,Assignment,Editor,D:/University/Java/Assignment/src/Week5/CafeTest.java,CafeTest::FindBeverage,79,8,Default task
2021-10-02T13:59:38.600+09:00,HanSeunghun,KeyEvent,102:70:0,Assignment,Editor,D:/University/Java/Assignment/src/Week5/CafeTest.java,CafeTest::FindBeverage,79,9,Default task
2021-10-02T13:59:38.648+09:00,HanSeunghun,Action,EditorBackSpace,Assignment,Editor,D:/University/Java/Assignment/src/Week5/CafeTest.java,CafeTest::FindBeverage,79,10,Default task
2021-10-02T13:59:38.649+09:00,HanSeunghun,KeyEvent,8:8:0,Assignment,Editor,D:/University/Java/Assignment/src/Week5/CafeTest.java,CafeTest::FindBeverage,79,9,Default task
2021-10-02T13:59:38.768+09:00,HanSeunghun,Action,EditorBackSpace,Assignment,Editor,D:/University/Java/Assignment/src/Week5/CafeTest.java,CafeTest::FindBeverage,79,9,Default task
2021-10-02T13:59:38.769+09:00,HanSeunghun,KeyEvent,8:8:0,Assignment,Editor,D:/University/Java/Assignment/src/Week5/CafeTest.java,CafeTest::FindBeverage,79,8,Default task
2021-10-02T13:59:39.153+09:00,HanSeunghun,Action,EditorBackSpace,Assignment,Editor,D:/University/Java/Assignment/src/Week5/CafeTest.java,CafeTest::FindBeverage,79,9,Default task
2021-10-02T13:59:39.154+09:00,HanSeunghun,KeyEvent,8:8:0,Assignment,Editor,D:/University/Java/Assignment/src/Week5/CafeTest.java,CafeTest::FindBeverage,79,8,Default task
2021-10-02T13:59:39.184+09:00,HanSeunghun,KeyEvent,100:68:0,Assignment,Editor,D:/University/Java/Assignment/src/Week5/CafeTest.java,CafeTest::FindBeverage,79,8,Default task
2021-10-02T13:59:39.247+09:00,HanSeunghun,KeyEvent,102:70:0,Assignment,Editor,D:/University/Java/Assignment/src/Week5/CafeTest.java,CafeTest::FindBeverage,79,9,Default task
2021-10-02T13:59:39.336+09:00,HanSeunghun,Action,EditorBackSpace,Assignment,Editor,D:/University/Java/Assignment/src/Week5/CafeTest.java,CafeTest::FindBeverage,79,10,Default task
2021-10-02T13:59:39.337+09:00,HanSeunghun,KeyEvent,8:8:0,Assignment,Editor,D:/University/Java/Assignment/src/Week5/CafeTest.java,CafeTest::FindBeverage,79,9,Default task
2021-10-02T13:59:39.520+09:00,HanSeunghun,Action,EditorBackSpace,Assignment,Editor,D:/University/Java/Assignment/src/Week5/CafeTest.java,CafeTest::FindBeverage,79,9,Default task
2021-10-02T13:59:39.522+09:00,HanSeunghun,KeyEvent,8:8:0,Assignment,Editor,D:/University/Java/Assignment/src/Week5/CafeTest.java,CafeTest::FindBeverage,79,8,Default task
2021-10-02T13:59:39.734+09:00,HanSeunghun,Action,EditorBackSpace,Assignment,Editor,D:/University/Java/Assignment/src/Week5/CafeTest.java,CafeTest::FindBeverage,79,8,Default task
2021-10-02T13:59:39.736+09:00,HanSeunghun,KeyEvent,8:8:0,Assignment,Editor,D:/University/Java/Assignment/src/Week5/CafeTest.java,CafeTest::FindBeverage,78,58,Default task
2021-10-02T13:59:39.961+09:00,HanSeunghun,Action,EditorEnter,Assignment,Editor,D:/University/Java/Assignment/src/Week5/CafeTest.java,CafeTest::FindBeverage,78,58,Default task
2021-10-02T13:59:39.962+09:00,HanSeunghun,KeyEvent,10:10:0,Assignment,Editor,D:/University/Java/Assignment/src/Week5/CafeTest.java,,79,8,Default task
2021-10-02T13:59:40.136+09:00,HanSeunghun,Action,EditorBackSpace,Assignment,Editor,D:/University/Java/Assignment/src/Week5/CafeTest.java,CafeTest::FindBeverage,79,8,Default task
2021-10-02T13:59:40.137+09:00,HanSeunghun,KeyEvent,8:8:0,Assignment,Editor,D:/University/Java/Assignment/src/Week5/CafeTest.java,CafeTest::FindBeverage,78,58,Default task
2021-10-02T13:59:40.329+09:00,HanSeunghun,Action,EditorEnter,Assignment,Editor,D:/University/Java/Assignment/src/Week5/CafeTest.java,CafeTest::FindBeverage,78,58,Default task
2021-10-02T13:59:40.331+09:00,HanSeunghun,KeyEvent,10:10:0,Assignment,Editor,D:/University/Java/Assignment/src/Week5/CafeTest.java,,79,8,Default task
2021-10-02T13:59:40.505+09:00,HanSeunghun,Action,EditorBackSpace,Assignment,Editor,D:/University/Java/Assignment/src/Week5/CafeTest.java,CafeTest::FindBeverage,79,8,Default task
2021-10-02T13:59:40.507+09:00,HanSeunghun,KeyEvent,8:8:0,Assignment,Editor,D:/University/Java/Assignment/src/Week5/CafeTest.java,CafeTest::FindBeverage,78,58,Default task
2021-10-02T13:59:40.713+09:00,HanSeunghun,Action,EditorEnter,Assignment,Editor,D:/University/Java/Assignment/src/Week5/CafeTest.java,CafeTest::FindBeverage,78,58,Default task
2021-10-02T13:59:40.714+09:00,HanSeunghun,KeyEvent,10:10:0,Assignment,Editor,D:/University/Java/Assignment/src/Week5/CafeTest.java,,79,8,Default task
2021-10-02T13:59:40.897+09:00,HanSeunghun,Action,EditorBackSpace,Assignment,Editor,D:/University/Java/Assignment/src/Week5/CafeTest.java,CafeTest::FindBeverage,79,8,Default task
2021-10-02T13:59:40.898+09:00,HanSeunghun,KeyEvent,8:8:0,Assignment,Editor,D:/University/Java/Assignment/src/Week5/CafeTest.java,CafeTest::FindBeverage,78,58,Default task
2021-10-02T13:59:41.144+09:00,HanSeunghun,Action,EditorEnter,Assignment,Editor,D:/University/Java/Assignment/src/Week5/CafeTest.java,CafeTest::FindBeverage,78,58,Default task
2021-10-02T13:59:41.146+09:00,HanSeunghun,KeyEvent,10:10:0,Assignment,Editor,D:/University/Java/Assignment/src/Week5/CafeTest.java,,79,8,Default task
2021-10-02T13:59:42.056+09:00,HanSeunghun,KeyEvent,98:66:0,Assignment,Editor,D:/University/Java/Assignment/src/Week5/CafeTest.java,CafeTest::FindBeverage,79,8,Default task
2021-10-02T13:59:42.921+09:00,HanSeunghun,Action,EditorChooseLookupItem,Assignment,Editor,D:/University/Java/Assignment/src/Week5/CafeTest.java,CafeTest::FindBeverage,79,9,Default task
2021-10-02T13:59:42.927+09:00,HanSeunghun,KeyEvent,10:10:0,Assignment,Editor,D:/University/Java/Assignment/src/Week5/CafeTest.java,CafeTest::FindBeverage,79,16,Default task
2021-10-02T13:59:43.405+09:00,HanSeunghun,Action,EditorLineStart,Assignment,Editor,D:/University/Java/Assignment/src/Week5/CafeTest.java,CafeTest::FindBeverage,79,16,Default task
2021-10-02T13:59:43.406+09:00,HanSeunghun,KeyEvent,65535:36:0,Assignment,Editor,D:/University/Java/Assignment/src/Week5/CafeTest.java,CafeTest::FindBeverage,79,8,Default task
2021-10-02T13:59:44.321+09:00,HanSeunghun,KeyEvent,105:73:0,Assignment,Editor,D:/University/Java/Assignment/src/Week5/CafeTest.java,CafeTest::FindBeverage,79,8,Default task
2021-10-02T13:59:44.368+09:00,HanSeunghun,KeyEvent,102:70:0,Assignment,Editor,D:/University/Java/Assignment/src/Week5/CafeTest.java,CafeTest::FindBeverage,79,9,Default task
2021-10-02T13:59:44.473+09:00,HanSeunghun,KeyEvent,32:32:0,Assignment,Editor,D:/University/Java/Assignment/src/Week5/CafeTest.java,CafeTest::FindBeverage,79,10,Default task
2021-10-02T13:59:44.584+09:00,HanSeunghun,KeyEvent,65535:16:1,Assignment,Editor,D:/University/Java/Assignment/src/Week5/CafeTest.java,CafeTest::FindBeverage,79,11,Default task
2021-10-02T13:59:44.752+09:00,HanSeunghun,KeyEvent,40:57:1,Assignment,Editor,D:/University/Java/Assignment/src/Week5/CafeTest.java,CafeTest::FindBeverage,79,11,Default task
2021-10-02T13:59:45.353+09:00,HanSeunghun,Action,EditorLineEnd,Assignment,Editor,D:/University/Java/Assignment/src/Week5/CafeTest.java,CafeTest::FindBeverage,79,12,Default task
2021-10-02T13:59:45.354+09:00,HanSeunghun,KeyEvent,65535:35:0,Assignment,Editor,D:/University/Java/Assignment/src/Week5/CafeTest.java,CafeTest::FindBeverage,79,20,Default task
2021-10-02T13:59:45.576+09:00,HanSeunghun,KeyEvent,32:32:0,Assignment,Editor,D:/University/Java/Assignment/src/Week5/CafeTest.java,CafeTest::FindBeverage,79,20,Default task
2021-10-02T13:59:45.824+09:00,HanSeunghun,KeyEvent,65535:16:1,Assignment,Editor,D:/University/Java/Assignment/src/Week5/CafeTest.java,CafeTest::FindBeverage,79,21,Default task
2021-10-02T13:59:45.904+09:00,HanSeunghun,KeyEvent,33:49:1,Assignment,Editor,D:/University/Java/Assignment/src/Week5/CafeTest.java,CafeTest::FindBeverage,79,21,Default task
2021-10-02T13:59:46.089+09:00,HanSeunghun,KeyEvent,61:61:0,Assignment,Editor,D:/University/Java/Assignment/src/Week5/CafeTest.java,CafeTest::FindBeverage,79,22,Default task
2021-10-02T13:59:46.242+09:00,HanSeunghun,KeyEvent,32:32:0,Assignment,Editor,D:/University/Java/Assignment/src/Week5/CafeTest.java,CafeTest::FindBeverage,79,23,Default task
2021-10-02T13:59:46.392+09:00,HanSeunghun,KeyEvent,110:78:0,Assignment,Editor,D:/University/Java/Assignment/src/Week5/CafeTest.java,CafeTest::FindBeverage,79,24,Default task
2021-10-02T13:59:46.577+09:00,HanSeunghun,KeyEvent,117:85:0,Assignment,Editor,D:/University/Java/Assignment/src/Week5/CafeTest.java,CafeTest::FindBeverage,79,25,Default task
2021-10-02T13:59:46.809+09:00,HanSeunghun,KeyEvent,108:76:0,Assignment,Editor,D:/University/Java/Assignment/src/Week5/CafeTest.java,CafeTest::FindBeverage,79,26,Default task
2021-10-02T13:59:46.936+09:00,HanSeunghun,KeyEvent,108:76:0,Assignment,Editor,D:/University/Java/Assignment/src/Week5/CafeTest.java,CafeTest::FindBeverage,79,27,Default task
2021-10-02T13:59:47.161+09:00,HanSeunghun,KeyEvent,65535:16:1,Assignment,Editor,D:/University/Java/Assignment/src/Week5/CafeTest.java,CafeTest::FindBeverage,79,28,Default task
2021-10-02T13:59:47.369+09:00,HanSeunghun,KeyEvent,41:48:1,Assignment,Editor,D:/University/Java/Assignment/src/Week5/CafeTest.java,CafeTest::FindBeverage,79,28,Default task
2021-10-02T13:59:47.945+09:00,HanSeunghun,Action,EditorEnter,Assignment,Editor,D:/University/Java/Assignment/src/Week5/CafeTest.java,CafeTest::FindBeverage,79,29,Default task
2021-10-02T13:59:47.947+09:00,HanSeunghun,KeyEvent,10:10:0,Assignment,Editor,D:/University/Java/Assignment/src/Week5/CafeTest.java,,80,12,Default task
2021-10-02T13:59:48.162+09:00,HanSeunghun,KeyEvent,65535:16:1,Assignment,Editor,D:/University/Java/Assignment/src/Week5/CafeTest.java,CafeTest::FindBeverage,80,12,Default task
2021-10-02T13:59:48.225+09:00,HanSeunghun,KeyEvent,123:91:1,Assignment,Editor,D:/University/Java/Assignment/src/Week5/CafeTest.java,CafeTest::FindBeverage,80,12,Default task
2021-10-02T13:59:48.473+09:00,HanSeunghun,Action,EditorEnter,Assignment,Editor,D:/University/Java/Assignment/src/Week5/CafeTest.java,CafeTest::FindBeverage,80,9,Default task
2021-10-02T13:59:48.478+09:00,HanSeunghun,KeyEvent,10:10:0,Assignment,Editor,D:/University/Java/Assignment/src/Week5/CafeTest.java,CafeTest::FindBeverage,81,12,Default task
2021-10-02T13:59:54.153+09:00,HanSeunghun,KeyEvent,65535:20:0,Assignment,Editor,D:/University/Java/Assignment/src/Week5/CafeTest.java,CafeTest::FindBeverage,81,12,Default task
2021-10-02T13:59:54.480+09:00,HanSeunghun,KeyEvent,83:83:0,Assignment,Editor,D:/University/Java/Assignment/src/Week5/CafeTest.java,CafeTest::FindBeverage,81,12,Default task
2021-10-02T13:59:54.642+09:00,HanSeunghun,KeyEvent,65535:20:0,Assignment,Editor,D:/University/Java/Assignment/src/Week5/CafeTest.java,CafeTest::FindBeverage,81,13,Default task
2021-10-02T13:59:54.784+09:00,HanSeunghun,KeyEvent,121:89:0,Assignment,Editor,D:/University/Java/Assignment/src/Week5/CafeTest.java,CafeTest::FindBeverage,81,13,Default task
2021-10-02T13:59:55.537+09:00,HanSeunghun,Action,EditorChooseLookupItem,Assignment,Editor,D:/University/Java/Assignment/src/Week5/CafeTest.java,CafeTest::FindBeverage,81,14,Default task
2021-10-02T13:59:55.549+09:00,HanSeunghun,KeyEvent,10:10:0,Assignment,Editor,D:/University/Java/Assignment/src/Week5/CafeTest.java,CafeTest::FindBeverage,81,18,Default task
2021-10-02T13:59:55.752+09:00,HanSeunghun,KeyEvent,46:46:0,Assignment,Editor,D:/University/Java/Assignment/src/Week5/CafeTest.java,CafeTest::FindBeverage,81,18,Default task
2021-10-02T13:59:56.464+09:00,HanSeunghun,KeyEvent,111:79:0,Assignment,Editor,D:/University/Java/Assignment/src/Week5/CafeTest.java,CafeTest::FindBeverage,81,19,Default task
2021-10-02T13:59:56.880+09:00,HanSeunghun,Action,EditorChooseLookupItem,Assignment,Editor,D:/University/Java/Assignment/src/Week5/CafeTest.java,CafeTest::FindBeverage,81,20,Default task
2021-10-02T13:59:56.890+09:00,HanSeunghun,KeyEvent,10:10:0,Assignment,Editor,D:/University/Java/Assignment/src/Week5/CafeTest.java,CafeTest::FindBeverage,81,22,Default task
2021-10-02T13:59:57.681+09:00,HanSeunghun,KeyEvent,46:46:0,Assignment,Editor,D:/University/Java/Assignment/src/Week5/CafeTest.java,CafeTest::FindBeverage,81,22,Default task
2021-10-02T13:59:58.585+09:00,HanSeunghun,Action,EditorChooseLookupItem,Assignment,Editor,D:/University/Java/Assignment/src/Week5/CafeTest.java,CafeTest::FindBeverage,81,23,Default task
2021-10-02T13:59:58.593+09:00,HanSeunghun,KeyEvent,10:10:0,Assignment,Editor,D:/University/Java/Assignment/src/Week5/CafeTest.java,CafeTest::FindBeverage,81,31,Default task
2021-10-02T14:00:00.033+09:00,HanSeunghun,KeyEvent,65535:16:1,Assignment,Editor,D:/University/Java/Assignment/src/Week5/CafeTest.java,CafeTest::FindBeverage,81,31,Default task
2021-10-02T14:00:00.533+09:00,HanSeunghun,KeyEvent,65535:16:1,Assignment,Editor,D:/University/Java/Assignment/src/Week5/CafeTest.java,CafeTest::FindBeverage,81,31,Default task
2021-10-02T14:00:00.565+09:00,HanSeunghun,KeyEvent,65535:16:1,Assignment,Editor,D:/University/Java/Assignment/src/Week5/CafeTest.java,CafeTest::FindBeverage,81,31,Default task
2021-10-02T14:00:00.600+09:00,HanSeunghun,KeyEvent,65535:16:1,Assignment,Editor,D:/University/Java/Assignment/src/Week5/CafeTest.java,CafeTest::FindBeverage,81,31,Default task
2021-10-02T14:00:00.633+09:00,HanSeunghun,KeyEvent,65535:16:1,Assignment,Editor,D:/University/Java/Assignment/src/Week5/CafeTest.java,CafeTest::FindBeverage,81,31,Default task
2021-10-02T14:00:00.664+09:00,HanSeunghun,KeyEvent,65535:16:1,Assignment,Editor,D:/University/Java/Assignment/src/Week5/CafeTest.java,CafeTest::FindBeverage,81,31,Default task
2021-10-02T14:00:00.697+09:00,HanSeunghun,KeyEvent,65535:16:1,Assignment,Editor,D:/University/Java/Assignment/src/Week5/CafeTest.java,CafeTest::FindBeverage,81,31,Default task
2021-10-02T14:00:00.730+09:00,HanSeunghun,KeyEvent,65535:16:1,Assignment,Editor,D:/University/Java/Assignment/src/Week5/CafeTest.java,CafeTest::FindBeverage,81,31,Default task
2021-10-02T14:00:00.767+09:00,HanSeunghun,KeyEvent,65535:16:1,Assignment,Editor,D:/University/Java/Assignment/src/Week5/CafeTest.java,CafeTest::FindBeverage,81,31,Default task
2021-10-02T14:00:00.797+09:00,HanSeunghun,KeyEvent,65535:16:1,Assignment,Editor,D:/University/Java/Assignment/src/Week5/CafeTest.java,CafeTest::FindBeverage,81,31,Default task
2021-10-02T14:00:00.830+09:00,HanSeunghun,KeyEvent,65535:16:1,Assignment,Editor,D:/University/Java/Assignment/src/Week5/CafeTest.java,CafeTest::FindBeverage,81,31,Default task
2021-10-02T14:00:00.862+09:00,HanSeunghun,KeyEvent,65535:16:1,Assignment,Editor,D:/University/Java/Assignment/src/Week5/CafeTest.java,CafeTest::FindBeverage,81,31,Default task
2021-10-02T14:00:00.895+09:00,HanSeunghun,KeyEvent,65535:16:1,Assignment,Editor,D:/University/Java/Assignment/src/Week5/CafeTest.java,CafeTest::FindBeverage,81,31,Default task
2021-10-02T14:00:00.929+09:00,HanSeunghun,KeyEvent,65535:16:1,Assignment,Editor,D:/University/Java/Assignment/src/Week5/CafeTest.java,CafeTest::FindBeverage,81,31,Default task
2021-10-02T14:00:00.962+09:00,HanSeunghun,KeyEvent,65535:16:1,Assignment,Editor,D:/University/Java/Assignment/src/Week5/CafeTest.java,CafeTest::FindBeverage,81,31,Default task
2021-10-02T14:00:00.995+09:00,HanSeunghun,KeyEvent,65535:16:1,Assignment,Editor,D:/University/Java/Assignment/src/Week5/CafeTest.java,CafeTest::FindBeverage,81,31,Default task
2021-10-02T14:00:01.028+09:00,HanSeunghun,KeyEvent,65535:16:1,Assignment,Editor,D:/University/Java/Assignment/src/Week5/CafeTest.java,CafeTest::FindBeverage,81,31,Default task
2021-10-02T14:00:01.061+09:00,HanSeunghun,KeyEvent,65535:16:1,Assignment,Editor,D:/University/Java/Assignment/src/Week5/CafeTest.java,CafeTest::FindBeverage,81,31,Default task
2021-10-02T14:00:01.092+09:00,HanSeunghun,KeyEvent,65535:16:1,Assignment,Editor,D:/University/Java/Assignment/src/Week5/CafeTest.java,CafeTest::FindBeverage,81,31,Default task
2021-10-02T14:00:01.128+09:00,HanSeunghun,KeyEvent,65535:16:1,Assignment,Editor,D:/University/Java/Assignment/src/Week5/CafeTest.java,CafeTest::FindBeverage,81,31,Default task
2021-10-02T14:00:01.160+09:00,HanSeunghun,KeyEvent,65535:16:1,Assignment,Editor,D:/University/Java/Assignment/src/Week5/CafeTest.java,CafeTest::FindBeverage,81,31,Default task
2021-10-02T14:00:01.194+09:00,HanSeunghun,KeyEvent,65535:16:1,Assignment,Editor,D:/University/Java/Assignment/src/Week5/CafeTest.java,CafeTest::FindBeverage,81,31,Default task
2021-10-02T14:00:01.226+09:00,HanSeunghun,KeyEvent,65535:16:1,Assignment,Editor,D:/University/Java/Assignment/src/Week5/CafeTest.java,CafeTest::FindBeverage,81,31,Default task
2021-10-02T14:00:01.258+09:00,HanSeunghun,KeyEvent,65535:16:1,Assignment,Editor,D:/University/Java/Assignment/src/Week5/CafeTest.java,CafeTest::FindBeverage,81,31,Default task
2021-10-02T14:00:01.292+09:00,HanSeunghun,KeyEvent,65535:16:1,Assignment,Editor,D:/University/Java/Assignment/src/Week5/CafeTest.java,CafeTest::FindBeverage,81,31,Default task
2021-10-02T14:00:01.325+09:00,HanSeunghun,KeyEvent,65535:16:1,Assignment,Editor,D:/University/Java/Assignment/src/Week5/CafeTest.java,CafeTest::FindBeverage,81,31,Default task
2021-10-02T14:00:01.359+09:00,HanSeunghun,KeyEvent,65535:16:1,Assignment,Editor,D:/University/Java/Assignment/src/Week5/CafeTest.java,CafeTest::FindBeverage,81,31,Default task
2021-10-02T14:00:01.391+09:00,HanSeunghun,KeyEvent,65535:16:1,Assignment,Editor,D:/University/Java/Assignment/src/Week5/CafeTest.java,CafeTest::FindBeverage,81,31,Default task
2021-10-02T14:00:01.424+09:00,HanSeunghun,KeyEvent,65535:16:1,Assignment,Editor,D:/University/Java/Assignment/src/Week5/CafeTest.java,CafeTest::FindBeverage,81,31,Default task
2021-10-02T14:00:01.458+09:00,HanSeunghun,KeyEvent,65535:16:1,Assignment,Editor,D:/University/Java/Assignment/src/Week5/CafeTest.java,CafeTest::FindBeverage,81,31,Default task
2021-10-02T14:00:01.491+09:00,HanSeunghun,KeyEvent,65535:16:1,Assignment,Editor,D:/University/Java/Assignment/src/Week5/CafeTest.java,CafeTest::FindBeverage,81,31,Default task
2021-10-02T14:00:01.523+09:00,HanSeunghun,KeyEvent,65535:16:1,Assignment,Editor,D:/University/Java/Assignment/src/Week5/CafeTest.java,CafeTest::FindBeverage,81,31,Default task
2021-10-02T14:00:01.555+09:00,HanSeunghun,KeyEvent,65535:16:1,Assignment,Editor,D:/University/Java/Assignment/src/Week5/CafeTest.java,CafeTest::FindBeverage,81,31,Default task
2021-10-02T14:00:01.590+09:00,HanSeunghun,KeyEvent,65535:16:1,Assignment,Editor,D:/University/Java/Assignment/src/Week5/CafeTest.java,CafeTest::FindBeverage,81,31,Default task
2021-10-02T14:00:01.621+09:00,HanSeunghun,KeyEvent,65535:16:1,Assignment,Editor,D:/University/Java/Assignment/src/Week5/CafeTest.java,CafeTest::FindBeverage,81,31,Default task
2021-10-02T14:00:01.654+09:00,HanSeunghun,KeyEvent,65535:16:1,Assignment,Editor,D:/University/Java/Assignment/src/Week5/CafeTest.java,CafeTest::FindBeverage,81,31,Default task
2021-10-02T14:00:01.687+09:00,HanSeunghun,KeyEvent,65535:16:1,Assignment,Editor,D:/University/Java/Assignment/src/Week5/CafeTest.java,CafeTest::FindBeverage,81,31,Default task
2021-10-02T14:00:01.720+09:00,HanSeunghun,KeyEvent,65535:16:1,Assignment,Editor,D:/University/Java/Assignment/src/Week5/CafeTest.java,CafeTest::FindBeverage,81,31,Default task
2021-10-02T14:00:01.755+09:00,HanSeunghun,KeyEvent,65535:16:1,Assignment,Editor,D:/University/Java/Assignment/src/Week5/CafeTest.java,CafeTest::FindBeverage,81,31,Default task
2021-10-02T14:00:01.787+09:00,HanSeunghun,KeyEvent,65535:16:1,Assignment,Editor,D:/University/Java/Assignment/src/Week5/CafeTest.java,CafeTest::FindBeverage,81,31,Default task
2021-10-02T14:00:01.820+09:00,HanSeunghun,KeyEvent,65535:16:1,Assignment,Editor,D:/University/Java/Assignment/src/Week5/CafeTest.java,CafeTest::FindBeverage,81,31,Default task
2021-10-02T14:00:01.852+09:00,HanSeunghun,KeyEvent,65535:16:1,Assignment,Editor,D:/University/Java/Assignment/src/Week5/CafeTest.java,CafeTest::FindBeverage,81,31,Default task
2021-10-02T14:00:01.886+09:00,HanSeunghun,KeyEvent,65535:16:1,Assignment,Editor,D:/University/Java/Assignment/src/Week5/CafeTest.java,CafeTest::FindBeverage,81,31,Default task
2021-10-02T14:00:01.918+09:00,HanSeunghun,KeyEvent,65535:16:1,Assignment,Editor,D:/University/Java/Assignment/src/Week5/CafeTest.java,CafeTest::FindBeverage,81,31,Default task
2021-10-02T14:00:01.952+09:00,HanSeunghun,KeyEvent,65535:16:1,Assignment,Editor,D:/University/Java/Assignment/src/Week5/CafeTest.java,CafeTest::FindBeverage,81,31,Default task
2021-10-02T14:00:01.985+09:00,HanSeunghun,KeyEvent,65535:16:1,Assignment,Editor,D:/University/Java/Assignment/src/Week5/CafeTest.java,CafeTest::FindBeverage,81,31,Default task
2021-10-02T14:00:02.017+09:00,HanSeunghun,KeyEvent,65535:16:1,Assignment,Editor,D:/University/Java/Assignment/src/Week5/CafeTest.java,CafeTest::FindBeverage,81,31,Default task
2021-10-02T14:00:02.050+09:00,HanSeunghun,KeyEvent,65535:16:1,Assignment,Editor,D:/University/Java/Assignment/src/Week5/CafeTest.java,CafeTest::FindBeverage,81,31,Default task
2021-10-02T14:00:02.083+09:00,HanSeunghun,KeyEvent,65535:16:1,Assignment,Editor,D:/University/Java/Assignment/src/Week5/CafeTest.java,CafeTest::FindBeverage,81,31,Default task
2021-10-02T14:00:02.117+09:00,HanSeunghun,KeyEvent,65535:16:1,Assignment,Editor,D:/University/Java/Assignment/src/Week5/CafeTest.java,CafeTest::FindBeverage,81,31,Default task
2021-10-02T14:00:02.150+09:00,HanSeunghun,KeyEvent,65535:16:1,Assignment,Editor,D:/University/Java/Assignment/src/Week5/CafeTest.java,CafeTest::FindBeverage,81,31,Default task
2021-10-02T14:00:02.183+09:00,HanSeunghun,KeyEvent,65535:16:1,Assignment,Editor,D:/University/Java/Assignment/src/Week5/CafeTest.java,CafeTest::FindBeverage,81,31,Default task
2021-10-02T14:00:02.456+09:00,HanSeunghun,KeyEvent,98:66:0,Assignment,Editor,D:/University/Java/Assignment/src/Week5/CafeTest.java,CafeTest::FindBeverage,81,31,Default task
2021-10-02T14:00:02.953+09:00,HanSeunghun,Action,EditorChooseLookupItem,Assignment,Editor,D:/University/Java/Assignment/src/Week5/CafeTest.java,CafeTest::FindBeverage,81,32,Default task
2021-10-02T14:00:02.961+09:00,HanSeunghun,KeyEvent,10:10:0,Assignment,Editor,D:/University/Java/Assignment/src/Week5/CafeTest.java,CafeTest::FindBeverage,81,39,Default task
2021-10-02T14:00:03.336+09:00,HanSeunghun,KeyEvent,46:46:0,Assignment,Editor,D:/University/Java/Assignment/src/Week5/CafeTest.java,CafeTest::FindBeverage,81,39,Default task
2021-10-02T14:00:04.489+09:00,HanSeunghun,Action,EditorChooseLookupItem,Assignment,Editor,D:/University/Java/Assignment/src/Week5/CafeTest.java,CafeTest::FindBeverage,81,40,Default task
2021-10-02T14:00:04.499+09:00,HanSeunghun,KeyEvent,10:10:0,Assignment,Editor,D:/University/Java/Assignment/src/Week5/CafeTest.java,CafeTest::FindBeverage,81,57,Default task
2021-10-02T14:00:04.680+09:00,HanSeunghun,KeyEvent,32:32:0,Assignment,Editor,D:/University/Java/Assignment/src/Week5/CafeTest.java,CafeTest::FindBeverage,81,57,Default task
2021-10-02T14:00:04.864+09:00,HanSeunghun,KeyEvent,65535:16:1,Assignment,Editor,D:/University/Java/Assignment/src/Week5/CafeTest.java,CafeTest::FindBeverage,81,58,Default task
2021-10-02T14:00:05.680+09:00,HanSeunghun,Action,EditorBackSpace,Assignment,Editor,D:/University/Java/Assignment/src/Week5/CafeTest.java,CafeTest::FindBeverage,81,58,Default task
2021-10-02T14:00:05.682+09:00,HanSeunghun,KeyEvent,8:8:0,Assignment,Editor,D:/University/Java/Assignment/src/Week5/CafeTest.java,CafeTest::FindBeverage,81,57,Default task
2021-10-02T14:00:06.328+09:00,HanSeunghun,KeyEvent,65535:17:2,Assignment,Editor,D:/University/Java/Assignment/src/Week5/CafeTest.java,CafeTest::FindBeverage,81,57,Default task
2021-10-02T14:00:06.416+09:00,HanSeunghun,Action,EditorPreviousWord,Assignment,Editor,D:/University/Java/Assignment/src/Week5/CafeTest.java,CafeTest::FindBeverage,81,57,Default task
2021-10-02T14:00:06.419+09:00,HanSeunghun,KeyEvent,65535:37:2,Assignment,Editor,D:/University/Java/Assignment/src/Week5/CafeTest.java,CafeTest::FindBeverage,81,56,Default task
2021-10-02T14:00:06.577+09:00,HanSeunghun,Action,EditorPreviousWord,Assignment,Editor,D:/University/Java/Assignment/src/Week5/CafeTest.java,CafeTest::FindBeverage,81,56,Default task
2021-10-02T14:00:06.577+09:00,HanSeunghun,KeyEvent,65535:37:2,Assignment,Editor,D:/University/Java/Assignment/src/Week5/CafeTest.java,CafeTest::FindBeverage,81,55,Default task
2021-10-02T14:00:06.752+09:00,HanSeunghun,Action,EditorPreviousWord,Assignment,Editor,D:/University/Java/Assignment/src/Week5/CafeTest.java,CafeTest::FindBeverage,81,55,Default task
2021-10-02T14:00:06.753+09:00,HanSeunghun,KeyEvent,65535:37:2,Assignment,Editor,D:/University/Java/Assignment/src/Week5/CafeTest.java,CafeTest::FindBeverage,81,40,Default task
2021-10-02T14:00:06.912+09:00,HanSeunghun,Action,EditorPreviousWord,Assignment,Editor,D:/University/Java/Assignment/src/Week5/CafeTest.java,CafeTest::FindBeverage,81,40,Default task
2021-10-02T14:00:06.913+09:00,HanSeunghun,KeyEvent,65535:37:2,Assignment,Editor,D:/University/Java/Assignment/src/Week5/CafeTest.java,CafeTest::FindBeverage,81,39,Default task
2021-10-02T14:00:07.080+09:00,HanSeunghun,Action,EditorPreviousWord,Assignment,Editor,D:/University/Java/Assignment/src/Week5/CafeTest.java,CafeTest::FindBeverage,81,39,Default task
2021-10-02T14:00:07.081+09:00,HanSeunghun,KeyEvent,65535:37:2,Assignment,Editor,D:/University/Java/Assignment/src/Week5/CafeTest.java,CafeTest::FindBeverage,81,31,Default task
2021-10-02T14:00:07.648+09:00,HanSeunghun,KeyEvent,65535:16:1,Assignment,Editor,D:/University/Java/Assignment/src/Week5/CafeTest.java,CafeTest::FindBeverage,81,31,Default task
2021-10-02T14:00:07.800+09:00,HanSeunghun,KeyEvent,34:222:1,Assignment,Editor,D:/University/Java/Assignment/src/Week5/CafeTest.java,CafeTest::FindBeverage,81,31,Default task
2021-10-02T14:00:08.992+09:00,HanSeunghun,Action,EditorBackSpace,Assignment,Editor,D:/University/Java/Assignment/src/Week5/CafeTest.java,CafeTest::FindBeverage,81,32,Default task
2021-10-02T14:00:08.994+09:00,HanSeunghun,KeyEvent,8:8:0,Assignment,Editor,D:/University/Java/Assignment/src/Week5/CafeTest.java,CafeTest::FindBeverage,81,31,Default task
2021-10-02T14:00:09.368+09:00,HanSeunghun,KeyEvent,65535:20:0,Assignment,Editor,D:/University/Java/Assignment/src/Week5/CafeTest.java,CafeTest::FindBeverage,81,31,Default task
2021-10-02T14:00:09.496+09:00,HanSeunghun,KeyEvent,83:83:0,Assignment,Editor,D:/University/Java/Assignment/src/Week5/CafeTest.java,CafeTest::FindBeverage,81,31,Default task
2021-10-02T14:00:09.668+09:00,HanSeunghun,KeyEvent,65535:20:0,Assignment,Editor,D:/University/Java/Assignment/src/Week5/CafeTest.java,CafeTest::FindBeverage,81,32,Default task
2021-10-02T14:00:09.952+09:00,HanSeunghun,Action,EditorBackSpace,Assignment,Editor,D:/University/Java/Assignment/src/Week5/CafeTest.java,CafeTest::FindBeverage,81,32,Default task
2021-10-02T14:00:09.959+09:00,HanSeunghun,KeyEvent,8:8:0,Assignment,Editor,D:/University/Java/Assignment/src/Week5/CafeTest.java,CafeTest::FindBeverage,81,31,Default task
2021-10-02T14:00:10.224+09:00,HanSeunghun,KeyEvent,65535:16:1,Assignment,Editor,D:/University/Java/Assignment/src/Week5/CafeTest.java,CafeTest::FindBeverage,81,31,Default task
2021-10-02T14:00:10.361+09:00,HanSeunghun,KeyEvent,34:222:1,Assignment,Editor,D:/University/Java/Assignment/src/Week5/CafeTest.java,CafeTest::FindBeverage,81,31,Default task
2021-10-02T14:00:10.736+09:00,HanSeunghun,KeyEvent,91:91:0,Assignment,Editor,D:/University/Java/Assignment/src/Week5/CafeTest.java,CafeTest::FindBeverage,81,32,Default task
2021-10-02T14:00:11.688+09:00,HanSeunghun,KeyEvent,65535:16:1,Assignment,Editor,D:/University/Java/Assignment/src/Week5/CafeTest.java,CafeTest::FindBeverage,81,33,Default task
2021-10-02T14:00:11.984+09:00,HanSeunghun,KeyEvent,34:222:1,Assignment,Editor,D:/University/Java/Assignment/src/Week5/CafeTest.java,CafeTest::FindBeverage,81,33,Default task
2021-10-02T14:00:12.449+09:00,HanSeunghun,KeyEvent,65535:16:1,Assignment,Editor,D:/University/Java/Assignment/src/Week5/CafeTest.java,CafeTest::FindBeverage,81,34,Default task
2021-10-02T14:00:12.712+09:00,HanSeunghun,KeyEvent,43:61:1,Assignment,Editor,D:/University/Java/Assignment/src/Week5/CafeTest.java,CafeTest::FindBeverage,81,34,Default task
2021-10-02T14:00:13.377+09:00,HanSeunghun,Action,EditorLineEnd,Assignment,Editor,D:/University/Java/Assignment/src/Week5/CafeTest.java,CafeTest::FindBeverage,81,35,Default task
2021-10-02T14:00:13.377+09:00,HanSeunghun,KeyEvent,65535:35:0,Assignment,Editor,D:/University/Java/Assignment/src/Week5/CafeTest.java,CafeTest::FindBeverage,81,63,Default task
2021-10-02T14:00:13.713+09:00,HanSeunghun,Action,EditorLeft,Assignment,Editor,D:/University/Java/Assignment/src/Week5/CafeTest.java,CafeTest::FindBeverage,81,63,Default task
2021-10-02T14:00:13.713+09:00,HanSeunghun,KeyEvent,65535:37:0,Assignment,Editor,D:/University/Java/Assignment/src/Week5/CafeTest.java,CafeTest::FindBeverage,81,62,Default task
2021-10-02T14:00:13.913+09:00,HanSeunghun,Action,EditorLeft,Assignment,Editor,D:/University/Java/Assignment/src/Week5/CafeTest.java,CafeTest::FindBeverage,81,62,Default task
2021-10-02T14:00:13.914+09:00,HanSeunghun,KeyEvent,65535:37:0,Assignment,Editor,D:/University/Java/Assignment/src/Week5/CafeTest.java,CafeTest::FindBeverage,81,61,Default task
2021-10-02T14:00:15.577+09:00,HanSeunghun,KeyEvent,65535:16:1,Assignment,Editor,D:/University/Java/Assignment/src/Week5/CafeTest.java,CafeTest::FindBeverage,81,61,Default task
2021-10-02T14:00:15.728+09:00,HanSeunghun,KeyEvent,43:61:1,Assignment,Editor,D:/University/Java/Assignment/src/Week5/CafeTest.java,CafeTest::FindBeverage,81,61,Default task
2021-10-02T14:00:16.042+09:00,HanSeunghun,KeyEvent,65535:16:1,Assignment,Editor,D:/University/Java/Assignment/src/Week5/CafeTest.java,CafeTest::FindBeverage,81,62,Default task
2021-10-02T14:00:16.146+09:00,HanSeunghun,KeyEvent,34:222:1,Assignment,Editor,D:/University/Java/Assignment/src/Week5/CafeTest.java,CafeTest::FindBeverage,81,62,Default task
2021-10-02T14:00:17.488+09:00,HanSeunghun,KeyEvent,44:44:0,Assignment,Editor,D:/University/Java/Assignment/src/Week5/CafeTest.java,CafeTest::FindBeverage,81,63,Default task
2021-10-02T14:00:17.841+09:00,HanSeunghun,KeyEvent,32:32:0,Assignment,Editor,D:/University/Java/Assignment/src/Week5/CafeTest.java,CafeTest::FindBeverage,81,64,Default task
2021-10-02T14:00:18.161+09:00,HanSeunghun,Action,EditorRight,Assignment,Editor,D:/University/Java/Assignment/src/Week5/CafeTest.java,CafeTest::FindBeverage,81,65,Default task
2021-10-02T14:00:18.162+09:00,HanSeunghun,KeyEvent,65535:39:0,Assignment,Editor,D:/University/Java/Assignment/src/Week5/CafeTest.java,CafeTest::FindBeverage,81,66,Default task
2021-10-02T14:00:18.936+09:00,HanSeunghun,KeyEvent,65535:16:1,Assignment,Editor,D:/University/Java/Assignment/src/Week5/CafeTest.java,CafeTest::FindBeverage,81,66,Default task
2021-10-02T14:00:19.209+09:00,HanSeunghun,KeyEvent,43:61:1,Assignment,Editor,D:/University/Java/Assignment/src/Week5/CafeTest.java,CafeTest::FindBeverage,81,66,Default task
2021-10-02T14:00:20.592+09:00,HanSeunghun,KeyEvent,98:66:0,Assignment,Editor,D:/University/Java/Assignment/src/Week5/CafeTest.java,CafeTest::FindBeverage,81,67,Default task
2021-10-02T14:00:21.024+09:00,HanSeunghun,Action,EditorChooseLookupItem,Assignment,Editor,D:/University/Java/Assignment/src/Week5/CafeTest.java,CafeTest::FindBeverage,81,68,Default task
2021-10-02T14:00:21.032+09:00,HanSeunghun,KeyEvent,10:10:0,Assignment,Editor,D:/University/Java/Assignment/src/Week5/CafeTest.java,CafeTest::FindBeverage,81,75,Default task
2021-10-02T14:00:21.216+09:00,HanSeunghun,KeyEvent,46:46:0,Assignment,Editor,D:/University/Java/Assignment/src/Week5/CafeTest.java,CafeTest::FindBeverage,81,75,Default task
2021-10-02T14:00:21.977+09:00,HanSeunghun,Action,EditorDown,Assignment,Editor,D:/University/Java/Assignment/src/Week5/CafeTest.java,CafeTest::FindBeverage,81,76,Default task
2021-10-02T14:00:21.978+09:00,HanSeunghun,KeyEvent,65535:40:0,Assignment,Editor,D:/University/Java/Assignment/src/Week5/CafeTest.java,CafeTest::FindBeverage,81,76,Default task
2021-10-02T14:00:22.256+09:00,HanSeunghun,Action,EditorUp,Assignment,Editor,D:/University/Java/Assignment/src/Week5/CafeTest.java,CafeTest::FindBeverage,81,76,Default task
2021-10-02T14:00:22.257+09:00,HanSeunghun,KeyEvent,65535:38:0,Assignment,Editor,D:/University/Java/Assignment/src/Week5/CafeTest.java,CafeTest::FindBeverage,81,76,Default task
2021-10-02T14:00:22.481+09:00,HanSeunghun,Action,EditorChooseLookupItem,Assignment,Editor,D:/University/Java/Assignment/src/Week5/CafeTest.java,CafeTest::FindBeverage,81,76,Default task
2021-10-02T14:00:22.488+09:00,HanSeunghun,KeyEvent,10:10:0,Assignment,Editor,D:/University/Java/Assignment/src/Week5/CafeTest.java,CafeTest::FindBeverage,81,93,Default task
2021-10-02T14:00:23.328+09:00,HanSeunghun,KeyEvent,65535:16:1,Assignment,Editor,D:/University/Java/Assignment/src/Week5/CafeTest.java,CafeTest::FindBeverage,81,93,Default task
2021-10-02T14:00:23.816+09:00,HanSeunghun,KeyEvent,43:61:1,Assignment,Editor,D:/University/Java/Assignment/src/Week5/CafeTest.java,CafeTest::FindBeverage,81,93,Default task
2021-10-02T14:00:24.505+09:00,HanSeunghun,KeyEvent,65535:16:1,Assignment,Editor,D:/University/Java/Assignment/src/Week5/CafeTest.java,CafeTest::FindBeverage,81,94,Default task
2021-10-02T14:00:25.004+09:00,HanSeunghun,KeyEvent,65535:16:1,Assignment,Editor,D:/University/Java/Assignment/src/Week5/CafeTest.java,CafeTest::FindBeverage,81,94,Default task
2021-10-02T14:00:25.037+09:00,HanSeunghun,KeyEvent,65535:16:1,Assignment,Editor,D:/University/Java/Assignment/src/Week5/CafeTest.java,CafeTest::FindBeverage,81,94,Default task
2021-10-02T14:00:25.070+09:00,HanSeunghun,KeyEvent,65535:16:1,Assignment,Editor,D:/University/Java/Assignment/src/Week5/CafeTest.java,CafeTest::FindBeverage,81,94,Default task
2021-10-02T14:00:25.079+09:00,HanSeunghun,KeyEvent,34:222:1,Assignment,Editor,D:/University/Java/Assignment/src/Week5/CafeTest.java,CafeTest::FindBeverage,81,94,Default task
2021-10-02T14:00:25.953+09:00,HanSeunghun,KeyEvent,93:93:0,Assignment,Editor,D:/University/Java/Assignment/src/Week5/CafeTest.java,CafeTest::FindBeverage,81,95,Default task
2021-10-02T14:00:26.489+09:00,HanSeunghun,Action,EditorRight,Assignment,Editor,D:/University/Java/Assignment/src/Week5/CafeTest.java,CafeTest::FindBeverage,81,96,Default task
2021-10-02T14:00:26.490+09:00,HanSeunghun,KeyEvent,65535:39:0,Assignment,Editor,D:/University/Java/Assignment/src/Week5/CafeTest.java,CafeTest::FindBeverage,81,97,Default task
2021-10-02T14:00:26.665+09:00,HanSeunghun,Action,EditorRight,Assignment,Editor,D:/University/Java/Assignment/src/Week5/CafeTest.java,CafeTest::FindBeverage,81,97,Default task
2021-10-02T14:00:26.665+09:00,HanSeunghun,KeyEvent,65535:39:0,Assignment,Editor,D:/University/Java/Assignment/src/Week5/CafeTest.java,CafeTest::FindBeverage,81,98,Default task
2021-10-02T14:00:26.825+09:00,HanSeunghun,Action,EditorRight,Assignment,Editor,D:/University/Java/Assignment/src/Week5/CafeTest.java,CafeTest::FindBeverage,81,98,Default task
2021-10-02T14:00:26.826+09:00,HanSeunghun,KeyEvent,65535:39:0,Assignment,Editor,D:/University/Java/Assignment/src/Week5/CafeTest.java,CafeTest::FindBeverage,81,99,Default task
2021-10-02T14:00:26.969+09:00,HanSeunghun,Action,EditorRight,Assignment,Editor,D:/University/Java/Assignment/src/Week5/CafeTest.java,CafeTest::FindBeverage,81,99,Default task
2021-10-02T14:00:26.969+09:00,HanSeunghun,KeyEvent,65535:39:0,Assignment,Editor,D:/University/Java/Assignment/src/Week5/CafeTest.java,CafeTest::FindBeverage,82,0,Default task
2021-10-02T14:00:27.385+09:00,HanSeunghun,Action,EditorDown,Assignment,Editor,D:/University/Java/Assignment/src/Week5/CafeTest.java,CafeTest::FindBeverage,82,0,Default task
2021-10-02T14:00:27.385+09:00,HanSeunghun,KeyEvent,65535:40:0,Assignment,Editor,D:/University/Java/Assignment/src/Week5/CafeTest.java,CafeTest::FindBeverage,83,0,Default task
2021-10-02T14:00:27.577+09:00,HanSeunghun,Action,EditorDown,Assignment,Editor,D:/University/Java/Assignment/src/Week5/CafeTest.java,CafeTest::FindBeverage,83,0,Default task
2021-10-02T14:00:27.578+09:00,HanSeunghun,KeyEvent,65535:40:0,Assignment,Editor,D:/University/Java/Assignment/src/Week5/CafeTest.java,,84,0,Default task
2021-10-02T14:00:27.825+09:00,HanSeunghun,Action,EditorRight,Assignment,Editor,D:/University/Java/Assignment/src/Week5/CafeTest.java,,84,0,Default task
2021-10-02T14:00:27.825+09:00,HanSeunghun,KeyEvent,65535:39:0,Assignment,Editor,D:/University/Java/Assignment/src/Week5/CafeTest.java,,84,1,Default task
2021-10-02T14:00:28.272+09:00,HanSeunghun,Action,EditorUp,Assignment,Editor,D:/University/Java/Assignment/src/Week5/CafeTest.java,,84,1,Default task
2021-10-02T14:00:28.273+09:00,HanSeunghun,KeyEvent,65535:38:0,Assignment,Editor,D:/University/Java/Assignment/src/Week5/CafeTest.java,CafeTest::FindBeverage,83,1,Default task
2021-10-02T14:00:28.489+09:00,HanSeunghun,Action,EditorUp,Assignment,Editor,D:/University/Java/Assignment/src/Week5/CafeTest.java,CafeTest::FindBeverage,83,1,Default task
2021-10-02T14:00:28.489+09:00,HanSeunghun,KeyEvent,65535:38:0,Assignment,Editor,D:/University/Java/Assignment/src/Week5/CafeTest.java,CafeTest::FindBeverage,82,1,Default task
2021-10-02T14:00:30.776+09:00,HanSeunghun,KeyEvent,118:86:0,Assignment,Editor,D:/University/Java/Assignment/src/Week5/CafeTest.java,CafeTest::FindBeverage,73,27,Default task
2021-10-02T14:00:30.904+09:00,HanSeunghun,KeyEvent,111:79:0,Assignment,Editor,D:/University/Java/Assignment/src/Week5/CafeTest.java,CafeTest::FindBeverage,73,20,Default task
2021-10-02T14:00:31.064+09:00,HanSeunghun,KeyEvent,105:73:0,Assignment,Editor,D:/University/Java/Assignment/src/Week5/CafeTest.java,CafeTest::FindBeverage,73,21,Default task
2021-10-02T14:00:31.184+09:00,HanSeunghun,KeyEvent,100:68:0,Assignment,Editor,D:/University/Java/Assignment/src/Week5/CafeTest.java,CafeTest::FindBeverage,73,22,Default task
2021-10-02T14:00:31.443+09:00,HanSeunghun,KeyEvent,27:27:0,Assignment,Editor,D:/University/Java/Assignment/src/Week5/CafeTest.java,CafeTest::FindBeverage,73,23,Default task
2021-10-02T14:00:32.200+09:00,HanSeunghun,KeyEvent,65535:17:2,Assignment,Editor,D:/University/Java/Assignment/src/Week5/CafeTest.java,CafeTest::FindBeverage,73,36,Default task
2021-10-02T14:00:32.279+09:00,HanSeunghun,Action,EditorCopy,Assignment,Editor,D:/University/Java/Assignment/src/Week5/CafeTest.java,CafeTest::FindBeverage,73,36,Default task
2021-10-02T14:00:32.280+09:00,HanSeunghun,KeyEvent,3:67:2,Assignment,Editor,D:/University/Java/Assignment/src/Week5/CafeTest.java,CafeTest::FindBeverage,73,36,Default task
2021-10-02T14:00:32.552+09:00,HanSeunghun,KeyEvent,65535:17:2,Assignment,Editor,D:/University/Java/Assignment/src/Week5/CafeTest.java,,72,5,Default task
2021-10-02T14:00:32.642+09:00,HanSeunghun,Action,SaveAll,Assignment,Editor,D:/University/Java/Assignment/src/Week5/CafeTest.java,,72,5,Default task
2021-10-02T14:00:32.650+09:00,HanSeunghun,KeyEvent,19:83:2,Assignment,Editor,D:/University/Java/Assignment/src/Week5/CafeTest.java,,72,5,Default task
2021-10-02T14:00:37.089+09:00,HanSeunghun,Action,EditorEnter,Assignment,Editor,D:/University/Java/Assignment/src/Week5/CafeTest.java,CafeTest::main,47,44,Default task
2021-10-02T14:00:37.093+09:00,HanSeunghun,KeyEvent,10:10:0,Assignment,Editor,D:/University/Java/Assignment/src/Week5/CafeTest.java,CafeTest::main,48,20,Default task
2021-10-02T14:00:37.240+09:00,HanSeunghun,KeyEvent,98:66:0,Assignment,Editor,D:/University/Java/Assignment/src/Week5/CafeTest.java,CafeTest::main,48,20,Default task
2021-10-02T14:00:37.642+09:00,HanSeunghun,Action,EditorChooseLookupItem,Assignment,Editor,D:/University/Java/Assignment/src/Week5/CafeTest.java,CafeTest::main,48,21,Default task
2021-10-02T14:00:37.648+09:00,HanSeunghun,KeyEvent,10:10:0,Assignment,Editor,D:/University/Java/Assignment/src/Week5/CafeTest.java,CafeTest::main,48,26,Default task
2021-10-02T14:00:38.265+09:00,HanSeunghun,Action,EditorEnter,Assignment,Editor,D:/University/Java/Assignment/src/Week5/CafeTest.java,CafeTest::main,48,26,Default task
2021-10-02T14:00:38.266+09:00,HanSeunghun,KeyEvent,10:10:0,Assignment,Editor,D:/University/Java/Assignment/src/Week5/CafeTest.java,CafeTest::main,49,20,Default task
2021-10-02T14:00:38.553+09:00,HanSeunghun,Action,EditorEnter,Assignment,Editor,D:/University/Java/Assignment/src/Week5/CafeTest.java,CafeTest::main,49,20,Default task
2021-10-02T14:00:38.555+09:00,HanSeunghun,KeyEvent,10:10:0,Assignment,Editor,D:/University/Java/Assignment/src/Week5/CafeTest.java,CafeTest::main,50,20,Default task
2021-10-02T14:00:38.727+09:00,HanSeunghun,KeyEvent,99:67:0,Assignment,Editor,D:/University/Java/Assignment/src/Week5/CafeTest.java,CafeTest::main,50,20,Default task
2021-10-02T14:00:38.832+09:00,HanSeunghun,KeyEvent,97:65:0,Assignment,Editor,D:/University/Java/Assignment/src/Week5/CafeTest.java,CafeTest::main,50,21,Default task
2021-10-02T14:00:38.936+09:00,HanSeunghun,KeyEvent,115:83:0,Assignment,Editor,D:/University/Java/Assignment/src/Week5/CafeTest.java,CafeTest::main,50,22,Default task
2021-10-02T14:00:39.096+09:00,HanSeunghun,KeyEvent,101:69:0,Assignment,Editor,D:/University/Java/Assignment/src/Week5/CafeTest.java,CafeTest::main,50,23,Default task
2021-10-02T14:00:39.178+09:00,HanSeunghun,KeyEvent,32:32:0,Assignment,Editor,D:/University/Java/Assignment/src/Week5/CafeTest.java,CafeTest::main,50,24,Default task
2021-10-02T14:00:41.393+09:00,HanSeunghun,KeyEvent,65535:20:0,Assignment,Editor,D:/University/Java/Assignment/src/Week5/CafeTest.java,CafeTest::main,50,25,Default task
2021-10-02T14:00:41.543+09:00,HanSeunghun,KeyEvent,76:76:0,Assignment,Editor,D:/University/Java/Assignment/src/Week5/CafeTest.java,CafeTest::main,50,25,Default task
2021-10-02T14:00:41.720+09:00,HanSeunghun,KeyEvent,73:73:0,Assignment,Editor,D:/University/Java/Assignment/src/Week5/CafeTest.java,CafeTest::main,50,26,Default task
2021-10-02T14:00:42.056+09:00,HanSeunghun,Action,EditorChooseLookupItem,Assignment,Editor,D:/University/Java/Assignment/src/Week5/CafeTest.java,CafeTest::main,50,27,Default task
2021-10-02T14:00:42.066+09:00,HanSeunghun,KeyEvent,10:10:0,Assignment,Editor,D:/University/Java/Assignment/src/Week5/CafeTest.java,CafeTest::main,50,26,Default task
2021-10-02T14:00:42.393+09:00,HanSeunghun,KeyEvent,65535:20:0,Assignment,Editor,D:/University/Java/Assignment/src/Week5/CafeTest.java,CafeTest::main,50,26,Default task
2021-10-02T14:00:42.704+09:00,HanSeunghun,Action,EditorEnter,Assignment,Editor,D:/University/Java/Assignment/src/Week5/CafeTest.java,CafeTest::main,50,26,Default task
2021-10-02T14:00:42.706+09:00,HanSeunghun,KeyEvent,10:10:0,Assignment,Editor,D:/University/Java/Assignment/src/Week5/CafeTest.java,CafeTest::main,51,20,Default task
2021-10-02T14:00:46.432+09:00,HanSeunghun,KeyEvent,65535:20:0,Assignment,Editor,D:/University/Java/Assignment/src/Week5/CafeTest.java,CafeTest::main,50,25,Default task
2021-10-02T14:00:46.672+09:00,HanSeunghun,KeyEvent,67:67:0,Assignment,Editor,D:/University/Java/Assignment/src/Week5/CafeTest.java,CafeTest::main,50,25,Default task
2021-10-02T14:00:47.209+09:00,HanSeunghun,Action,EditorChooseLookupItem,Assignment,Editor,D:/University/Java/Assignment/src/Week5/CafeTest.java,CafeTest::main,50,22,Default task
2021-10-02T14:00:47.217+09:00,HanSeunghun,KeyEvent,10:10:0,Assignment,Editor,D:/University/Java/Assignment/src/Week5/CafeTest.java,CafeTest::main,50,27,Default task
2021-10-02T14:00:47.609+09:00,HanSeunghun,Action,EditorDown,Assignment,Editor,D:/University/Java/Assignment/src/Week5/CafeTest.java,CafeTest::main,50,27,Default task
2021-10-02T14:00:47.610+09:00,HanSeunghun,KeyEvent,65535:40:0,Assignment,Editor,D:/University/Java/Assignment/src/Week5/CafeTest.java,CafeTest::main,51,20,Default task
2021-10-02T14:00:48.273+09:00,HanSeunghun,KeyEvent,71:71:0,Assignment,Editor,D:/University/Java/Assignment/src/Week5/CafeTest.java,CafeTest::main,51,20,Default task
2021-10-02T14:00:48.560+09:00,HanSeunghun,Action,EditorBackSpace,Assignment,Editor,D:/University/Java/Assignment/src/Week5/CafeTest.java,CafeTest::main,51,21,Default task
2021-10-02T14:00:48.565+09:00,HanSeunghun,KeyEvent,8:8:0,Assignment,Editor,D:/University/Java/Assignment/src/Week5/CafeTest.java,CafeTest::main,51,20,Default task
2021-10-02T14:00:48.768+09:00,HanSeunghun,KeyEvent,65535:20:0,Assignment,Editor,D:/University/Java/Assignment/src/Week5/CafeTest.java,CafeTest::main,51,20,Default task
2021-10-02T14:00:49.672+09:00,HanSeunghun,KeyEvent,115:83:0,Assignment,Editor,D:/University/Java/Assignment/src/Week5/CafeTest.java,CafeTest::main,51,20,Default task
2021-10-02T14:00:50.344+09:00,HanSeunghun,Action,EditorChooseLookupItem,Assignment,Editor,D:/University/Java/Assignment/src/Week5/CafeTest.java,CafeTest::main,51,21,Default task
2021-10-02T14:00:50.352+09:00,HanSeunghun,KeyEvent,10:10:0,Assignment,Editor,D:/University/Java/Assignment/src/Week5/CafeTest.java,CafeTest::main,51,29,Default task
2021-10-02T14:00:50.592+09:00,HanSeunghun,KeyEvent,46:46:0,Assignment,Editor,D:/University/Java/Assignment/src/Week5/CafeTest.java,CafeTest::main,51,29,Default task
2021-10-02T14:00:50.909+09:00,HanSeunghun,KeyEvent,114:82:0,Assignment,Editor,D:/University/Java/Assignment/src/Week5/CafeTest.java,CafeTest::main,51,30,Default task
2021-10-02T14:00:51.064+09:00,HanSeunghun,KeyEvent,101:69:0,Assignment,Editor,D:/University/Java/Assignment/src/Week5/CafeTest.java,CafeTest::main,51,31,Default task
2021-10-02T14:00:51.457+09:00,HanSeunghun,Action,EditorChooseLookupItem,Assignment,Editor,D:/University/Java/Assignment/src/Week5/CafeTest.java,CafeTest::main,51,32,Default task
2021-10-02T14:00:51.466+09:00,HanSeunghun,KeyEvent,10:10:0,Assignment,Editor,D:/University/Java/Assignment/src/Week5/CafeTest.java,CafeTest::main,51,50,Default task
2021-10-02T14:00:52.417+09:00,HanSeunghun,Action,EditorEnter,Assignment,Editor,D:/University/Java/Assignment/src/Week5/CafeTest.java,CafeTest::main,51,50,Default task
2021-10-02T14:00:52.418+09:00,HanSeunghun,KeyEvent,10:10:0,Assignment,Editor,D:/University/Java/Assignment/src/Week5/CafeTest.java,CafeTest::main,52,20,Default task
2021-10-02T14:00:52.575+09:00,HanSeunghun,KeyEvent,98:66:0,Assignment,Editor,D:/University/Java/Assignment/src/Week5/CafeTest.java,CafeTest::main,52,20,Default task
2021-10-02T14:00:52.848+09:00,HanSeunghun,KeyEvent,114:82:0,Assignment,Editor,D:/University/Java/Assignment/src/Week5/CafeTest.java,CafeTest::main,52,21,Default task
2021-10-02T14:00:53.225+09:00,HanSeunghun,Action,EditorChooseLookupItem,Assignment,Editor,D:/University/Java/Assignment/src/Week5/CafeTest.java,CafeTest::main,52,22,Default task
2021-10-02T14:00:53.232+09:00,HanSeunghun,KeyEvent,10:10:0,Assignment,Editor,D:/University/Java/Assignment/src/Week5/CafeTest.java,CafeTest::main,52,26,Default task
2021-10-02T14:01:25.584+09:00,HanSeunghun,KeyEvent,65535:17:2,Assignment,Editor,D:/University/Java/Assignment/src/Week5/CafeTest.java,CafeTest::FindBeverage,86,43,Default task
2021-10-02T14:01:25.745+09:00,HanSeunghun,Action,EditorCopy,Assignment,Editor,D:/University/Java/Assignment/src/Week5/CafeTest.java,CafeTest::FindBeverage,86,43,Default task
2021-10-02T14:01:25.746+09:00,HanSeunghun,KeyEvent,3:67:2,Assignment,Editor,D:/University/Java/Assignment/src/Week5/CafeTest.java,CafeTest::FindBeverage,86,43,Default task
2021-10-02T14:01:27.920+09:00,HanSeunghun,KeyEvent,65535:17:2,Assignment,Editor,D:/University/Java/Assignment/src/Week5/CafeTest.java,CafeTest::FindBeverage,86,97,Default task
2021-10-02T14:01:28.040+09:00,HanSeunghun,Action,EditorPaste,Assignment,Editor,D:/University/Java/Assignment/src/Week5/CafeTest.java,CafeTest::FindBeverage,86,97,Default task
2021-10-02T14:01:28.052+09:00,HanSeunghun,KeyEvent,22:86:2,Assignment,Editor,D:/University/Java/Assignment/src/Week5/CafeTest.java,CafeTest::FindBeverage,86,39,Default task
2021-10-02T14:01:29.279+09:00,HanSeunghun,KeyEvent,65535:17:2,Assignment,Editor,D:/University/Java/Assignment/src/Week5/CafeTest.java,,89,1,Default task
2021-10-02T14:01:29.458+09:00,HanSeunghun,Action,SaveAll,Assignment,Editor,D:/University/Java/Assignment/src/Week5/CafeTest.java,,89,1,Default task
2021-10-02T14:01:29.477+09:00,HanSeunghun,KeyEvent,19:83:2,Assignment,Editor,D:/University/Java/Assignment/src/Week5/CafeTest.java,CafeTest::FindBeverage,89,1,Default task
2021-10-02T14:01:34.576+09:00,HanSeunghun,KeyEvent,32:32:0,Assignment,Editor,D:/University/Java/Assignment/src/Week5/Beverage.java,Beverage::toString,26,30,Default task
2021-10-02T14:01:35.224+09:00,HanSeunghun,KeyEvent,65535:17:2,Assignment,Editor,D:/University/Java/Assignment/src/Week5/Beverage.java,,27,5,Default task
2021-10-02T14:01:35.343+09:00,HanSeunghun,Action,SaveAll,Assignment,Editor,D:/University/Java/Assignment/src/Week5/Beverage.java,,27,5,Default task
2021-10-02T14:01:35.352+09:00,HanSeunghun,KeyEvent,19:83:2,Assignment,Editor,D:/University/Java/Assignment/src/Week5/Beverage.java,,27,5,Default task
2021-10-02T14:01:38.288+09:00,HanSeunghun,KeyEvent,65535:17:2,Assignment,Editor,D:/University/Java/Assignment/src/Week5/CafeTest.java,CafeTest::CreateBeverage,76,40,Default task
2021-10-02T14:01:38.788+09:00,HanSeunghun,KeyEvent,65535:17:2,Assignment,Editor,D:/University/Java/Assignment/src/Week5/CafeTest.java,CafeTest::CreateBeverage,76,40,Default task
2021-10-02T14:01:38.821+09:00,HanSeunghun,KeyEvent,65535:17:2,Assignment,Editor,D:/University/Java/Assignment/src/Week5/CafeTest.java,CafeTest::CreateBeverage,76,40,Default task
2021-10-02T14:01:38.855+09:00,HanSeunghun,KeyEvent,65535:17:2,Assignment,Editor,D:/University/Java/Assignment/src/Week5/CafeTest.java,CafeTest::CreateBeverage,76,40,Default task
2021-10-02T14:01:38.887+09:00,HanSeunghun,KeyEvent,65535:17:2,Assignment,Editor,D:/University/Java/Assignment/src/Week5/CafeTest.java,CafeTest::CreateBeverage,76,40,Default task
2021-10-02T14:01:38.921+09:00,HanSeunghun,KeyEvent,65535:17:2,Assignment,Editor,D:/University/Java/Assignment/src/Week5/CafeTest.java,CafeTest::CreateBeverage,76,40,Default task
2021-10-02T14:01:38.955+09:00,HanSeunghun,KeyEvent,65535:17:2,Assignment,Editor,D:/University/Java/Assignment/src/Week5/CafeTest.java,CafeTest::CreateBeverage,76,40,Default task
2021-10-02T14:01:38.986+09:00,HanSeunghun,KeyEvent,65535:17:2,Assignment,Editor,D:/University/Java/Assignment/src/Week5/CafeTest.java,CafeTest::CreateBeverage,76,40,Default task
2021-10-02T14:01:39.023+09:00,HanSeunghun,KeyEvent,65535:17:2,Assignment,Editor,D:/University/Java/Assignment/src/Week5/CafeTest.java,CafeTest::CreateBeverage,76,40,Default task
2021-10-02T14:01:39.053+09:00,HanSeunghun,KeyEvent,65535:17:2,Assignment,Editor,D:/University/Java/Assignment/src/Week5/CafeTest.java,CafeTest::CreateBeverage,76,40,Default task
2021-10-02T14:01:39.087+09:00,HanSeunghun,KeyEvent,65535:17:2,Assignment,Editor,D:/University/Java/Assignment/src/Week5/CafeTest.java,CafeTest::CreateBeverage,76,40,Default task
2021-10-02T14:01:39.117+09:00,HanSeunghun,KeyEvent,65535:17:2,Assignment,Editor,D:/University/Java/Assignment/src/Week5/CafeTest.java,CafeTest::CreateBeverage,76,40,Default task
2021-10-02T14:01:39.151+09:00,HanSeunghun,KeyEvent,65535:17:2,Assignment,Editor,D:/University/Java/Assignment/src/Week5/CafeTest.java,CafeTest::CreateBeverage,76,40,Default task
2021-10-02T14:01:39.185+09:00,HanSeunghun,KeyEvent,65535:17:2,Assignment,Editor,D:/University/Java/Assignment/src/Week5/CafeTest.java,CafeTest::CreateBeverage,76,40,Default task
2021-10-02T14:01:39.217+09:00,HanSeunghun,KeyEvent,65535:17:2,Assignment,Editor,D:/University/Java/Assignment/src/Week5/CafeTest.java,CafeTest::CreateBeverage,76,40,Default task
2021-10-02T14:01:39.250+09:00,HanSeunghun,KeyEvent,65535:17:2,Assignment,Editor,D:/University/Java/Assignment/src/Week5/CafeTest.java,CafeTest::CreateBeverage,76,40,Default task
2021-10-02T14:01:39.282+09:00,HanSeunghun,KeyEvent,65535:17:2,Assignment,Editor,D:/University/Java/Assignment/src/Week5/CafeTest.java,CafeTest::CreateBeverage,76,40,Default task
2021-10-02T14:01:39.316+09:00,HanSeunghun,KeyEvent,65535:17:2,Assignment,Editor,D:/University/Java/Assignment/src/Week5/CafeTest.java,CafeTest::CreateBeverage,76,40,Default task
2021-10-02T14:01:39.350+09:00,HanSeunghun,KeyEvent,65535:17:2,Assignment,Editor,D:/University/Java/Assignment/src/Week5/CafeTest.java,CafeTest::CreateBeverage,76,40,Default task
2021-10-02T14:01:39.383+09:00,HanSeunghun,KeyEvent,65535:17:2,Assignment,Editor,D:/University/Java/Assignment/src/Week5/CafeTest.java,CafeTest::CreateBeverage,76,40,Default task
2021-10-02T14:01:39.415+09:00,HanSeunghun,KeyEvent,65535:17:2,Assignment,Editor,D:/University/Java/Assignment/src/Week5/CafeTest.java,CafeTest::CreateBeverage,76,40,Default task
2021-10-02T14:01:39.448+09:00,HanSeunghun,KeyEvent,65535:17:2,Assignment,Editor,D:/University/Java/Assignment/src/Week5/CafeTest.java,CafeTest::CreateBeverage,76,40,Default task
2021-10-02T14:01:39.484+09:00,HanSeunghun,KeyEvent,65535:17:2,Assignment,Editor,D:/University/Java/Assignment/src/Week5/CafeTest.java,CafeTest::CreateBeverage,76,40,Default task
2021-10-02T14:01:39.515+09:00,HanSeunghun,KeyEvent,65535:17:2,Assignment,Editor,D:/University/Java/Assignment/src/Week5/CafeTest.java,CafeTest::CreateBeverage,76,40,Default task
2021-10-02T14:01:39.549+09:00,HanSeunghun,KeyEvent,65535:17:2,Assignment,Editor,D:/University/Java/Assignment/src/Week5/CafeTest.java,CafeTest::CreateBeverage,76,40,Default task
2021-10-02T14:01:39.580+09:00,HanSeunghun,KeyEvent,65535:17:2,Assignment,Editor,D:/University/Java/Assignment/src/Week5/CafeTest.java,CafeTest::CreateBeverage,76,40,Default task
2021-10-02T14:01:39.613+09:00,HanSeunghun,KeyEvent,65535:17:2,Assignment,Editor,D:/University/Java/Assignment/src/Week5/CafeTest.java,CafeTest::CreateBeverage,76,40,Default task
2021-10-02T14:01:39.646+09:00,HanSeunghun,KeyEvent,65535:17:2,Assignment,Editor,D:/University/Java/Assignment/src/Week5/CafeTest.java,CafeTest::CreateBeverage,76,40,Default task
2021-10-02T14:01:39.679+09:00,HanSeunghun,KeyEvent,65535:17:2,Assignment,Editor,D:/University/Java/Assignment/src/Week5/CafeTest.java,CafeTest::CreateBeverage,76,40,Default task
2021-10-02T14:01:39.713+09:00,HanSeunghun,KeyEvent,65535:17:2,Assignment,Editor,D:/University/Java/Assignment/src/Week5/CafeTest.java,CafeTest::CreateBeverage,76,40,Default task
2021-10-02T14:01:39.746+09:00,HanSeunghun,KeyEvent,65535:17:2,Assignment,Editor,D:/University/Java/Assignment/src/Week5/CafeTest.java,CafeTest::CreateBeverage,76,40,Default task
2021-10-02T14:01:39.778+09:00,HanSeunghun,KeyEvent,65535:17:2,Assignment,Editor,D:/University/Java/Assignment/src/Week5/CafeTest.java,CafeTest::CreateBeverage,76,40,Default task
2021-10-02T14:01:39.811+09:00,HanSeunghun,KeyEvent,65535:17:2,Assignment,Editor,D:/University/Java/Assignment/src/Week5/CafeTest.java,CafeTest::CreateBeverage,76,40,Default task
2021-10-02T14:01:39.844+09:00,HanSeunghun,KeyEvent,65535:17:2,Assignment,Editor,D:/University/Java/Assignment/src/Week5/CafeTest.java,CafeTest::CreateBeverage,76,40,Default task
2021-10-02T14:01:39.878+09:00,HanSeunghun,KeyEvent,65535:17:2,Assignment,Editor,D:/University/Java/Assignment/src/Week5/CafeTest.java,CafeTest::CreateBeverage,76,40,Default task
2021-10-02T14:01:39.910+09:00,HanSeunghun,KeyEvent,65535:17:2,Assignment,Editor,D:/University/Java/Assignment/src/Week5/CafeTest.java,CafeTest::CreateBeverage,76,40,Default task
2021-10-02T14:01:39.944+09:00,HanSeunghun,KeyEvent,65535:17:2,Assignment,Editor,D:/University/Java/Assignment/src/Week5/CafeTest.java,CafeTest::CreateBeverage,76,40,Default task
2021-10-02T14:01:39.977+09:00,HanSeunghun,KeyEvent,65535:17:2,Assignment,Editor,D:/University/Java/Assignment/src/Week5/CafeTest.java,CafeTest::CreateBeverage,76,40,Default task
2021-10-02T14:01:40.013+09:00,HanSeunghun,KeyEvent,65535:17:2,Assignment,Editor,D:/University/Java/Assignment/src/Week5/CafeTest.java,CafeTest::CreateBeverage,76,40,Default task
2021-10-02T14:01:40.042+09:00,HanSeunghun,KeyEvent,65535:17:2,Assignment,Editor,D:/University/Java/Assignment/src/Week5/CafeTest.java,CafeTest::CreateBeverage,76,40,Default task
2021-10-02T14:01:40.075+09:00,HanSeunghun,KeyEvent,65535:17:2,Assignment,Editor,D:/University/Java/Assignment/src/Week5/CafeTest.java,CafeTest::CreateBeverage,76,40,Default task
2021-10-02T14:01:40.108+09:00,HanSeunghun,KeyEvent,65535:17:2,Assignment,Editor,D:/University/Java/Assignment/src/Week5/CafeTest.java,CafeTest::CreateBeverage,76,40,Default task
2021-10-02T14:01:40.141+09:00,HanSeunghun,KeyEvent,65535:17:2,Assignment,Editor,D:/University/Java/Assignment/src/Week5/CafeTest.java,CafeTest::CreateBeverage,76,40,Default task
2021-10-02T14:01:40.174+09:00,HanSeunghun,KeyEvent,65535:17:2,Assignment,Editor,D:/University/Java/Assignment/src/Week5/CafeTest.java,CafeTest::CreateBeverage,76,40,Default task
2021-10-02T14:01:40.207+09:00,HanSeunghun,KeyEvent,65535:17:2,Assignment,Editor,D:/University/Java/Assignment/src/Week5/CafeTest.java,CafeTest::CreateBeverage,76,40,Default task
2021-10-02T14:01:40.241+09:00,HanSeunghun,KeyEvent,65535:17:2,Assignment,Editor,D:/University/Java/Assignment/src/Week5/CafeTest.java,CafeTest::CreateBeverage,76,40,Default task
2021-10-02T14:01:40.274+09:00,HanSeunghun,KeyEvent,65535:17:2,Assignment,Editor,D:/University/Java/Assignment/src/Week5/CafeTest.java,CafeTest::CreateBeverage,76,40,Default task
2021-10-02T14:01:40.306+09:00,HanSeunghun,KeyEvent,65535:17:2,Assignment,Editor,D:/University/Java/Assignment/src/Week5/CafeTest.java,CafeTest::CreateBeverage,76,40,Default task
2021-10-02T14:01:40.339+09:00,HanSeunghun,KeyEvent,65535:17:2,Assignment,Editor,D:/University/Java/Assignment/src/Week5/CafeTest.java,CafeTest::CreateBeverage,76,40,Default task
2021-10-02T14:01:40.373+09:00,HanSeunghun,KeyEvent,65535:17:2,Assignment,Editor,D:/University/Java/Assignment/src/Week5/CafeTest.java,CafeTest::CreateBeverage,76,40,Default task
2021-10-02T14:01:40.405+09:00,HanSeunghun,KeyEvent,65535:17:2,Assignment,Editor,D:/University/Java/Assignment/src/Week5/CafeTest.java,CafeTest::CreateBeverage,76,40,Default task
2021-10-02T14:01:40.437+09:00,HanSeunghun,KeyEvent,65535:17:2,Assignment,Editor,D:/University/Java/Assignment/src/Week5/CafeTest.java,CafeTest::CreateBeverage,76,40,Default task
2021-10-02T14:01:40.471+09:00,HanSeunghun,KeyEvent,65535:17:2,Assignment,Editor,D:/University/Java/Assignment/src/Week5/CafeTest.java,CafeTest::CreateBeverage,76,40,Default task
2021-10-02T14:01:40.504+09:00,HanSeunghun,KeyEvent,65535:17:2,Assignment,Editor,D:/University/Java/Assignment/src/Week5/CafeTest.java,CafeTest::CreateBeverage,76,40,Default task
2021-10-02T14:01:40.537+09:00,HanSeunghun,KeyEvent,65535:17:2,Assignment,Editor,D:/University/Java/Assignment/src/Week5/CafeTest.java,CafeTest::CreateBeverage,76,40,Default task
2021-10-02T14:01:40.571+09:00,HanSeunghun,KeyEvent,65535:17:2,Assignment,Editor,D:/University/Java/Assignment/src/Week5/CafeTest.java,CafeTest::CreateBeverage,76,40,Default task
2021-10-02T14:01:40.603+09:00,HanSeunghun,KeyEvent,65535:17:2,Assignment,Editor,D:/University/Java/Assignment/src/Week5/CafeTest.java,CafeTest::CreateBeverage,76,40,Default task
2021-10-02T14:01:40.638+09:00,HanSeunghun,KeyEvent,65535:17:2,Assignment,Editor,D:/University/Java/Assignment/src/Week5/CafeTest.java,CafeTest::CreateBeverage,76,40,Default task
2021-10-02T14:01:40.669+09:00,HanSeunghun,KeyEvent,65535:17:2,Assignment,Editor,D:/University/Java/Assignment/src/Week5/CafeTest.java,CafeTest::CreateBeverage,76,40,Default task
2021-10-02T14:01:40.702+09:00,HanSeunghun,KeyEvent,65535:17:2,Assignment,Editor,D:/University/Java/Assignment/src/Week5/CafeTest.java,CafeTest::CreateBeverage,76,40,Default task
2021-10-02T14:01:40.736+09:00,HanSeunghun,KeyEvent,65535:17:2,Assignment,Editor,D:/University/Java/Assignment/src/Week5/CafeTest.java,CafeTest::CreateBeverage,76,40,Default task
2021-10-02T14:01:40.769+09:00,HanSeunghun,KeyEvent,65535:17:2,Assignment,Editor,D:/University/Java/Assignment/src/Week5/CafeTest.java,CafeTest::CreateBeverage,76,40,Default task
2021-10-02T14:01:40.801+09:00,HanSeunghun,KeyEvent,65535:17:2,Assignment,Editor,D:/University/Java/Assignment/src/Week5/CafeTest.java,CafeTest::CreateBeverage,76,40,Default task
2021-10-02T14:01:40.834+09:00,HanSeunghun,KeyEvent,65535:17:2,Assignment,Editor,D:/University/Java/Assignment/src/Week5/CafeTest.java,CafeTest::CreateBeverage,76,40,Default task
2021-10-02T14:01:40.870+09:00,HanSeunghun,KeyEvent,65535:17:2,Assignment,Editor,D:/University/Java/Assignment/src/Week5/CafeTest.java,CafeTest::CreateBeverage,76,40,Default task
2021-10-02T14:01:40.900+09:00,HanSeunghun,KeyEvent,65535:17:2,Assignment,Editor,D:/University/Java/Assignment/src/Week5/CafeTest.java,CafeTest::CreateBeverage,76,40,Default task
2021-10-02T14:01:40.933+09:00,HanSeunghun,KeyEvent,65535:17:2,Assignment,Editor,D:/University/Java/Assignment/src/Week5/CafeTest.java,CafeTest::CreateBeverage,76,40,Default task
2021-10-02T14:01:40.967+09:00,HanSeunghun,KeyEvent,65535:17:2,Assignment,Editor,D:/University/Java/Assignment/src/Week5/CafeTest.java,CafeTest::CreateBeverage,76,40,Default task
2021-10-02T14:01:40.999+09:00,HanSeunghun,KeyEvent,65535:17:2,Assignment,Editor,D:/University/Java/Assignment/src/Week5/CafeTest.java,CafeTest::CreateBeverage,76,40,Default task
2021-10-02T14:01:41.032+09:00,HanSeunghun,KeyEvent,65535:17:2,Assignment,Editor,D:/University/Java/Assignment/src/Week5/CafeTest.java,CafeTest::CreateBeverage,76,40,Default task
2021-10-02T14:01:41.066+09:00,HanSeunghun,KeyEvent,65535:17:2,Assignment,Editor,D:/University/Java/Assignment/src/Week5/CafeTest.java,CafeTest::CreateBeverage,76,40,Default task
2021-10-02T14:01:41.099+09:00,HanSeunghun,KeyEvent,65535:17:2,Assignment,Editor,D:/University/Java/Assignment/src/Week5/CafeTest.java,CafeTest::CreateBeverage,76,40,Default task
2021-10-02T14:01:41.132+09:00,HanSeunghun,KeyEvent,65535:17:2,Assignment,Editor,D:/University/Java/Assignment/src/Week5/CafeTest.java,CafeTest::CreateBeverage,76,40,Default task
2021-10-02T14:01:41.164+09:00,HanSeunghun,KeyEvent,65535:17:2,Assignment,Editor,D:/University/Java/Assignment/src/Week5/CafeTest.java,CafeTest::CreateBeverage,76,40,Default task
2021-10-02T14:01:41.197+09:00,HanSeunghun,KeyEvent,65535:17:2,Assignment,Editor,D:/University/Java/Assignment/src/Week5/CafeTest.java,CafeTest::CreateBeverage,76,40,Default task
2021-10-02T14:01:41.230+09:00,HanSeunghun,KeyEvent,65535:17:2,Assignment,Editor,D:/University/Java/Assignment/src/Week5/CafeTest.java,CafeTest::CreateBeverage,76,40,Default task
2021-10-02T14:01:41.263+09:00,HanSeunghun,KeyEvent,65535:17:2,Assignment,Editor,D:/University/Java/Assignment/src/Week5/CafeTest.java,CafeTest::CreateBeverage,76,40,Default task
2021-10-02T14:01:41.297+09:00,HanSeunghun,KeyEvent,65535:17:2,Assignment,Editor,D:/University/Java/Assignment/src/Week5/CafeTest.java,CafeTest::CreateBeverage,76,40,Default task
2021-10-02T14:01:41.330+09:00,HanSeunghun,KeyEvent,65535:17:2,Assignment,Editor,D:/University/Java/Assignment/src/Week5/CafeTest.java,CafeTest::CreateBeverage,76,40,Default task
2021-10-02T14:01:41.363+09:00,HanSeunghun,KeyEvent,65535:17:2,Assignment,Editor,D:/University/Java/Assignment/src/Week5/CafeTest.java,CafeTest::CreateBeverage,76,40,Default task
2021-10-02T14:01:41.395+09:00,HanSeunghun,KeyEvent,65535:17:2,Assignment,Editor,D:/University/Java/Assignment/src/Week5/CafeTest.java,CafeTest::CreateBeverage,76,40,Default task
2021-10-02T14:01:41.428+09:00,HanSeunghun,KeyEvent,65535:17:2,Assignment,Editor,D:/University/Java/Assignment/src/Week5/CafeTest.java,CafeTest::CreateBeverage,76,40,Default task
2021-10-02T14:01:41.462+09:00,HanSeunghun,KeyEvent,65535:17:2,Assignment,Editor,D:/University/Java/Assignment/src/Week5/CafeTest.java,CafeTest::CreateBeverage,76,40,Default task
2021-10-02T14:01:41.494+09:00,HanSeunghun,KeyEvent,65535:17:2,Assignment,Editor,D:/University/Java/Assignment/src/Week5/CafeTest.java,CafeTest::CreateBeverage,76,40,Default task
2021-10-02T14:01:41.528+09:00,HanSeunghun,KeyEvent,65535:17:2,Assignment,Editor,D:/University/Java/Assignment/src/Week5/CafeTest.java,CafeTest::CreateBeverage,76,40,Default task
2021-10-02T14:01:41.560+09:00,HanSeunghun,KeyEvent,65535:17:2,Assignment,Editor,D:/University/Java/Assignment/src/Week5/CafeTest.java,CafeTest::CreateBeverage,76,40,Default task
2021-10-02T14:01:41.595+09:00,HanSeunghun,KeyEvent,65535:17:2,Assignment,Editor,D:/University/Java/Assignment/src/Week5/CafeTest.java,CafeTest::CreateBeverage,76,40,Default task
2021-10-02T14:01:41.626+09:00,HanSeunghun,KeyEvent,65535:17:2,Assignment,Editor,D:/University/Java/Assignment/src/Week5/CafeTest.java,CafeTest::CreateBeverage,76,40,Default task
2021-10-02T14:01:41.660+09:00,HanSeunghun,KeyEvent,65535:17:2,Assignment,Editor,D:/University/Java/Assignment/src/Week5/CafeTest.java,CafeTest::CreateBeverage,76,40,Default task
2021-10-02T14:01:41.692+09:00,HanSeunghun,KeyEvent,65535:17:2,Assignment,Editor,D:/University/Java/Assignment/src/Week5/CafeTest.java,CafeTest::CreateBeverage,76,40,Default task
2021-10-02T14:01:41.725+09:00,HanSeunghun,KeyEvent,65535:17:2,Assignment,Editor,D:/University/Java/Assignment/src/Week5/CafeTest.java,CafeTest::CreateBeverage,76,40,Default task
2021-10-02T14:01:41.758+09:00,HanSeunghun,KeyEvent,65535:17:2,Assignment,Editor,D:/University/Java/Assignment/src/Week5/CafeTest.java,CafeTest::CreateBeverage,76,40,Default task
2021-10-02T14:01:41.792+09:00,HanSeunghun,KeyEvent,65535:17:2,Assignment,Editor,D:/University/Java/Assignment/src/Week5/CafeTest.java,CafeTest::CreateBeverage,76,40,Default task
2021-10-02T14:01:41.825+09:00,HanSeunghun,KeyEvent,65535:17:2,Assignment,Editor,D:/University/Java/Assignment/src/Week5/CafeTest.java,CafeTest::CreateBeverage,76,40,Default task
2021-10-02T14:01:41.863+09:00,HanSeunghun,KeyEvent,65535:17:2,Assignment,Editor,D:/University/Java/Assignment/src/Week5/CafeTest.java,CafeTest::CreateBeverage,76,40,Default task
2021-10-02T14:01:41.889+09:00,HanSeunghun,Action,SaveAll,Assignment,Editor,D:/University/Java/Assignment/src/Week5/CafeTest.java,CafeTest::CreateBeverage,76,40,Default task
2021-10-02T14:01:41.889+09:00,HanSeunghun,KeyEvent,19:83:2,Assignment,Editor,D:/University/Java/Assignment/src/Week5/CafeTest.java,CafeTest::CreateBeverage,76,40,Default task
2021-10-02T14:02:00.480+09:00,HanSeunghun,Action,EditorEnter,Assignment,Editor,D:/University/Java/Assignment/src/Week5/CafeTest.java,CafeTest::FindBeverage,87,9,Default task
2021-10-02T14:02:00.482+09:00,HanSeunghun,KeyEvent,10:10:0,Assignment,Editor,D:/University/Java/Assignment/src/Week5/CafeTest.java,,88,8,Default task
2021-10-02T14:02:00.664+09:00,HanSeunghun,KeyEvent,101:69:0,Assignment,Editor,D:/University/Java/Assignment/src/Week5/CafeTest.java,CafeTest::FindBeverage,88,8,Default task
2021-10-02T14:02:01.576+09:00,HanSeunghun,KeyEvent,108:76:0,Assignment,Editor,D:/University/Java/Assignment/src/Week5/CafeTest.java,CafeTest::FindBeverage,88,9,Default task
2021-10-02T14:02:01.647+09:00,HanSeunghun,KeyEvent,115:83:0,Assignment,Editor,D:/University/Java/Assignment/src/Week5/CafeTest.java,CafeTest::FindBeverage,88,10,Default task
2021-10-02T14:02:01.792+09:00,HanSeunghun,KeyEvent,101:69:0,Assignment,Editor,D:/University/Java/Assignment/src/Week5/CafeTest.java,CafeTest::FindBeverage,88,11,Default task
2021-10-02T14:02:01.921+09:00,HanSeunghun,KeyEvent,32:32:0,Assignment,Editor,D:/University/Java/Assignment/src/Week5/CafeTest.java,CafeTest::FindBeverage,88,12,Default task
2021-10-02T14:02:02.113+09:00,HanSeunghun,Action,EditorEnter,Assignment,Editor,D:/University/Java/Assignment/src/Week5/CafeTest.java,CafeTest::FindBeverage,88,13,Default task
2021-10-02T14:02:02.114+09:00,HanSeunghun,KeyEvent,10:10:0,Assignment,Editor,D:/University/Java/Assignment/src/Week5/CafeTest.java,,89,12,Default task
2021-10-02T14:02:02.327+09:00,HanSeunghun,KeyEvent,65535:16:1,Assignment,Editor,D:/University/Java/Assignment/src/Week5/CafeTest.java,CafeTest::FindBeverage,89,12,Default task
2021-10-02T14:02:02.457+09:00,HanSeunghun,KeyEvent,123:91:1,Assignment,Editor,D:/University/Java/Assignment/src/Week5/CafeTest.java,CafeTest::FindBeverage,89,12,Default task
2021-10-02T14:02:02.801+09:00,HanSeunghun,Action,EditorEnter,Assignment,Editor,D:/University/Java/Assignment/src/Week5/CafeTest.java,CafeTest::FindBeverage,89,9,Default task
2021-10-02T14:02:02.805+09:00,HanSeunghun,KeyEvent,10:10:0,Assignment,Editor,D:/University/Java/Assignment/src/Week5/CafeTest.java,CafeTest::FindBeverage,90,12,Default task
2021-10-02T14:02:05.136+09:00,HanSeunghun,KeyEvent,65535:17:2,Assignment,Editor,D:/University/Java/Assignment/src/Week5/CafeTest.java,CafeTest::FindBeverage,86,0,Default task
2021-10-02T14:02:05.216+09:00,HanSeunghun,Action,EditorCopy,Assignment,Editor,D:/University/Java/Assignment/src/Week5/CafeTest.java,CafeTest::FindBeverage,86,0,Default task
2021-10-02T14:02:05.219+09:00,HanSeunghun,KeyEvent,3:67:2,Assignment,Editor,D:/University/Java/Assignment/src/Week5/CafeTest.java,CafeTest::FindBeverage,86,0,Default task
2021-10-02T14:02:05.640+09:00,HanSeunghun,KeyEvent,65535:17:2,Assignment,Editor,D:/University/Java/Assignment/src/Week5/CafeTest.java,CafeTest::FindBeverage,90,12,Default task
2021-10-02T14:02:05.707+09:00,HanSeunghun,Action,EditorPaste,Assignment,Editor,D:/University/Java/Assignment/src/Week5/CafeTest.java,CafeTest::FindBeverage,90,12,Default task
2021-10-02T14:02:05.719+09:00,HanSeunghun,KeyEvent,22:86:2,Assignment,Editor,D:/University/Java/Assignment/src/Week5/CafeTest.java,CafeTest::FindBeverage,90,41,Default task
2021-10-02T14:02:07.680+09:00,HanSeunghun,Action,EditorBackSpace,Assignment,Editor,D:/University/Java/Assignment/src/Week5/CafeTest.java,CafeTest::FindBeverage,90,39,Default task
2021-10-02T14:02:07.682+09:00,HanSeunghun,KeyEvent,8:8:0,Assignment,Editor,D:/University/Java/Assignment/src/Week5/CafeTest.java,CafeTest::FindBeverage,90,31,Default task
2021-10-02T14:02:07.896+09:00,HanSeunghun,KeyEvent,65535:16:1,Assignment,Editor,D:/University/Java/Assignment/src/Week5/CafeTest.java,CafeTest::FindBeverage,90,31,Default task
2021-10-02T14:02:08.056+09:00,HanSeunghun,KeyEvent,65535:20:1,Assignment,Editor,D:/University/Java/Assignment/src/Week5/CafeTest.java,CafeTest::FindBeverage,90,31,Default task
2021-10-02T14:02:08.263+09:00,HanSeunghun,KeyEvent,66:66:0,Assignment,Editor,D:/University/Java/Assignment/src/Week5/CafeTest.java,CafeTest::FindBeverage,90,31,Default task
2021-10-02T14:02:08.415+09:00,HanSeunghun,KeyEvent,65535:20:0,Assignment,Editor,D:/University/Java/Assignment/src/Week5/CafeTest.java,CafeTest::FindBeverage,90,32,Default task
2021-10-02T14:02:08.576+09:00,HanSeunghun,KeyEvent,101:69:0,Assignment,Editor,D:/University/Java/Assignment/src/Week5/CafeTest.java,CafeTest::FindBeverage,90,32,Default task
2021-10-02T14:02:08.841+09:00,HanSeunghun,Action,EditorBackSpace,Assignment,Editor,D:/University/Java/Assignment/src/Week5/CafeTest.java,CafeTest::FindBeverage,90,33,Default task
2021-10-02T14:02:08.846+09:00,HanSeunghun,KeyEvent,8:8:0,Assignment,Editor,D:/University/Java/Assignment/src/Week5/CafeTest.java,CafeTest::FindBeverage,90,32,Default task
2021-10-02T14:02:08.992+09:00,HanSeunghun,Action,EditorBackSpace,Assignment,Editor,D:/University/Java/Assignment/src/Week5/CafeTest.java,CafeTest::FindBeverage,90,32,Default task
2021-10-02T14:02:08.997+09:00,HanSeunghun,KeyEvent,8:8:0,Assignment,Editor,D:/University/Java/Assignment/src/Week5/CafeTest.java,CafeTest::FindBeverage,90,31,Default task
2021-10-02T14:02:09.195+09:00,HanSeunghun,KeyEvent,65535:16:1,Assignment,Editor,D:/University/Java/Assignment/src/Week5/CafeTest.java,CafeTest::FindBeverage,90,31,Default task
2021-10-02T14:02:09.248+09:00,HanSeunghun,KeyEvent,34:222:1,Assignment,Editor,D:/University/Java/Assignment/src/Week5/CafeTest.java,CafeTest::FindBeverage,90,31,Default task
2021-10-02T14:02:09.410+09:00,HanSeunghun,KeyEvent,98:66:0,Assignment,Editor,D:/University/Java/Assignment/src/Week5/CafeTest.java,CafeTest::FindBeverage,90,32,Default task
2021-10-02T14:02:09.632+09:00,HanSeunghun,KeyEvent,65535:20:0,Assignment,Editor,D:/University/Java/Assignment/src/Week5/CafeTest.java,CafeTest::FindBeverage,90,33,Default task
2021-10-02T14:02:09.744+09:00,HanSeunghun,KeyEvent,69:69:0,Assignment,Editor,D:/University/Java/Assignment/src/Week5/CafeTest.java,CafeTest::FindBeverage,90,33,Default task
2021-10-02T14:02:10.073+09:00,HanSeunghun,Action,EditorBackSpace,Assignment,Editor,D:/University/Java/Assignment/src/Week5/CafeTest.java,CafeTest::FindBeverage,90,34,Default task
2021-10-02T14:02:10.074+09:00,HanSeunghun,KeyEvent,8:8:0,Assignment,Editor,D:/University/Java/Assignment/src/Week5/CafeTest.java,CafeTest::FindBeverage,90,33,Default task
2021-10-02T14:02:10.207+09:00,HanSeunghun,Action,EditorBackSpace,Assignment,Editor,D:/University/Java/Assignment/src/Week5/CafeTest.java,CafeTest::FindBeverage,90,33,Default task
2021-10-02T14:02:10.208+09:00,HanSeunghun,KeyEvent,8:8:0,Assignment,Editor,D:/University/Java/Assignment/src/Week5/CafeTest.java,CafeTest::FindBeverage,90,32,Default task
2021-10-02T14:02:10.256+09:00,HanSeunghun,KeyEvent,66:66:0,Assignment,Editor,D:/University/Java/Assignment/src/Week5/CafeTest.java,CafeTest::FindBeverage,90,32,Default task
2021-10-02T14:02:10.385+09:00,HanSeunghun,KeyEvent,65535:20:0,Assignment,Editor,D:/University/Java/Assignment/src/Week5/CafeTest.java,CafeTest::FindBeverage,90,33,Default task
2021-10-02T14:02:10.495+09:00,HanSeunghun,KeyEvent,101:69:0,Assignment,Editor,D:/University/Java/Assignment/src/Week5/CafeTest.java,CafeTest::FindBeverage,90,33,Default task
2021-10-02T14:02:11.184+09:00,HanSeunghun,KeyEvent,118:86:0,Assignment,Editor,D:/University/Java/Assignment/src/Week5/CafeTest.java,CafeTest::FindBeverage,90,34,Default task
2021-10-02T14:02:11.432+09:00,HanSeunghun,KeyEvent,101:69:0,Assignment,Editor,D:/University/Java/Assignment/src/Week5/CafeTest.java,CafeTest::FindBeverage,90,35,Default task
2021-10-02T14:02:11.592+09:00,HanSeunghun,KeyEvent,114:82:0,Assignment,Editor,D:/University/Java/Assignment/src/Week5/CafeTest.java,CafeTest::FindBeverage,90,36,Default task
2021-10-02T14:02:11.720+09:00,HanSeunghun,KeyEvent,97:65:0,Assignment,Editor,D:/University/Java/Assignment/src/Week5/CafeTest.java,CafeTest::FindBeverage,90,37,Default task
2021-10-02T14:02:11.832+09:00,HanSeunghun,KeyEvent,103:71:0,Assignment,Editor,D:/University/Java/Assignment/src/Week5/CafeTest.java,CafeTest::FindBeverage,90,38,Default task
2021-10-02T14:02:11.945+09:00,HanSeunghun,KeyEvent,101:69:0,Assignment,Editor,D:/University/Java/Assignment/src/Week5/CafeTest.java,CafeTest::FindBeverage,90,39,Default task
2021-10-02T14:02:12.041+09:00,HanSeunghun,KeyEvent,32:32:0,Assignment,Editor,D:/University/Java/Assignment/src/Week5/CafeTest.java,CafeTest::FindBeverage,90,40,Default task
2021-10-02T14:02:12.145+09:00,HanSeunghun,KeyEvent,65535:20:0,Assignment,Editor,D:/University/Java/Assignment/src/Week5/CafeTest.java,CafeTest::FindBeverage,90,41,Default task
2021-10-02T14:02:12.280+09:00,HanSeunghun,KeyEvent,78:78:0,Assignment,Editor,D:/University/Java/Assignment/src/Week5/CafeTest.java,CafeTest::FindBeverage,90,41,Default task
2021-10-02T14:02:12.360+09:00,HanSeunghun,KeyEvent,65535:20:0,Assignment,Editor,D:/University/Java/Assignment/src/Week5/CafeTest.java,CafeTest::FindBeverage,90,42,Default task
2021-10-02T14:02:12.480+09:00,HanSeunghun,KeyEvent,111:79:0,Assignment,Editor,D:/University/Java/Assignment/src/Week5/CafeTest.java,CafeTest::FindBeverage,90,42,Default task
2021-10-02T14:02:12.631+09:00,HanSeunghun,KeyEvent,116:84:0,Assignment,Editor,D:/University/Java/Assignment/src/Week5/CafeTest.java,CafeTest::FindBeverage,90,43,Default task
2021-10-02T14:02:12.768+09:00,HanSeunghun,KeyEvent,32:32:0,Assignment,Editor,D:/University/Java/Assignment/src/Week5/CafeTest.java,CafeTest::FindBeverage,90,44,Default task
2021-10-02T14:02:12.880+09:00,HanSeunghun,KeyEvent,65535:20:0,Assignment,Editor,D:/University/Java/Assignment/src/Week5/CafeTest.java,CafeTest::FindBeverage,90,45,Default task
2021-10-02T14:02:12.976+09:00,HanSeunghun,KeyEvent,70:70:0,Assignment,Editor,D:/University/Java/Assignment/src/Week5/CafeTest.java,CafeTest::FindBeverage,90,45,Default task
2021-10-02T14:02:13.082+09:00,HanSeunghun,KeyEvent,65535:20:0,Assignment,Editor,D:/University/Java/Assignment/src/Week5/CafeTest.java,CafeTest::FindBeverage,90,46,Default task
2021-10-02T14:02:13.192+09:00,HanSeunghun,KeyEvent,111:79:0,Assignment,Editor,D:/University/Java/Assignment/src/Week5/CafeTest.java,CafeTest::FindBeverage,90,46,Default task
2021-10-02T14:02:13.321+09:00,HanSeunghun,KeyEvent,117:85:0,Assignment,Editor,D:/University/Java/Assignment/src/Week5/CafeTest.java,CafeTest::FindBeverage,90,47,Default task
2021-10-02T14:02:13.639+09:00,HanSeunghun,KeyEvent,110:78:0,Assignment,Editor,D:/University/Java/Assignment/src/Week5/CafeTest.java,CafeTest::FindBeverage,90,48,Default task
2021-10-02T14:02:13.703+09:00,HanSeunghun,KeyEvent,100:68:0,Assignment,Editor,D:/University/Java/Assignment/src/Week5/CafeTest.java,CafeTest::FindBeverage,90,49,Default task
2021-10-02T14:02:13.857+09:00,HanSeunghun,KeyEvent,32:32:0,Assignment,Editor,D:/University/Java/Assignment/src/Week5/CafeTest.java,CafeTest::FindBeverage,90,50,Default task
2021-10-02T14:02:14.312+09:00,HanSeunghun,KeyEvent,119:87:0,Assignment,Editor,D:/University/Java/Assignment/src/Week5/CafeTest.java,CafeTest::FindBeverage,90,51,Default task
2021-10-02T14:02:14.416+09:00,HanSeunghun,KeyEvent,105:73:0,Assignment,Editor,D:/University/Java/Assignment/src/Week5/CafeTest.java,CafeTest::FindBeverage,90,52,Default task
2021-10-02T14:02:14.543+09:00,HanSeunghun,KeyEvent,116:84:0,Assignment,Editor,D:/University/Java/Assignment/src/Week5/CafeTest.java,CafeTest::FindBeverage,90,53,Default task
2021-10-02T14:02:14.679+09:00,HanSeunghun,KeyEvent,104:72:0,Assignment,Editor,D:/University/Java/Assignment/src/Week5/CafeTest.java,CafeTest::FindBeverage,90,54,Default task
2021-10-02T14:02:14.768+09:00,HanSeunghun,KeyEvent,32:32:0,Assignment,Editor,D:/University/Java/Assignment/src/Week5/CafeTest.java,CafeTest::FindBeverage,90,55,Default task
2021-10-02T14:02:14.960+09:00,HanSeunghun,KeyEvent,110:78:0,Assignment,Editor,D:/University/Java/Assignment/src/Week5/CafeTest.java,CafeTest::FindBeverage,90,56,Default task
2021-10-02T14:02:15.064+09:00,HanSeunghun,KeyEvent,97:65:0,Assignment,Editor,D:/University/Java/Assignment/src/Week5/CafeTest.java,CafeTest::FindBeverage,90,57,Default task
2021-10-02T14:02:15.211+09:00,HanSeunghun,KeyEvent,109:77:0,Assignment,Editor,D:/University/Java/Assignment/src/Week5/CafeTest.java,CafeTest::FindBeverage,90,58,Default task
2021-10-02T14:02:15.303+09:00,HanSeunghun,KeyEvent,101:69:0,Assignment,Editor,D:/University/Java/Assignment/src/Week5/CafeTest.java,CafeTest::FindBeverage,90,59,Default task
2021-10-02T14:02:16.433+09:00,HanSeunghun,KeyEvent,32:32:0,Assignment,Editor,D:/University/Java/Assignment/src/Week5/CafeTest.java,CafeTest::FindBeverage,90,60,Default task
2021-10-02T14:02:16.666+09:00,HanSeunghun,KeyEvent,65535:16:1,Assignment,Editor,D:/University/Java/Assignment/src/Week5/CafeTest.java,CafeTest::FindBeverage,90,61,Default task
2021-10-02T14:02:16.791+09:00,HanSeunghun,KeyEvent,34:222:1,Assignment,Editor,D:/University/Java/Assignment/src/Week5/CafeTest.java,CafeTest::FindBeverage,90,61,Default task
2021-10-02T14:02:17.200+09:00,HanSeunghun,KeyEvent,32:32:0,Assignment,Editor,D:/University/Java/Assignment/src/Week5/CafeTest.java,CafeTest::FindBeverage,90,62,Default task
2021-10-02T14:02:17.720+09:00,HanSeunghun,KeyEvent,65535:16:1,Assignment,Editor,D:/University/Java/Assignment/src/Week5/CafeTest.java,CafeTest::FindBeverage,90,63,Default task
2021-10-02T14:02:17.904+09:00,HanSeunghun,KeyEvent,43:61:1,Assignment,Editor,D:/University/Java/Assignment/src/Week5/CafeTest.java,CafeTest::FindBeverage,90,63,Default task
2021-10-02T14:02:18.192+09:00,HanSeunghun,KeyEvent,32:32:0,Assignment,Editor,D:/University/Java/Assignment/src/Week5/CafeTest.java,CafeTest::FindBeverage,90,64,Default task
2021-10-02T14:02:18.543+09:00,HanSeunghun,KeyEvent,110:78:0,Assignment,Editor,D:/University/Java/Assignment/src/Week5/CafeTest.java,CafeTest::FindBeverage,90,65,Default task
2021-10-02T14:02:18.985+09:00,HanSeunghun,Action,EditorChooseLookupItem,Assignment,Editor,D:/University/Java/Assignment/src/Week5/CafeTest.java,CafeTest::FindBeverage,90,66,Default task
2021-10-02T14:02:18.992+09:00,HanSeunghun,KeyEvent,10:10:0,Assignment,Editor,D:/University/Java/Assignment/src/Week5/CafeTest.java,CafeTest::FindBeverage,90,69,Default task
2021-10-02T14:02:19.832+09:00,HanSeunghun,KeyEvent,32:32:0,Assignment,Editor,D:/University/Java/Assignment/src/Week5/CafeTest.java,CafeTest::FindBeverage,90,69,Default task
2021-10-02T14:02:20.031+09:00,HanSeunghun,KeyEvent,65535:16:1,Assignment,Editor,D:/University/Java/Assignment/src/Week5/CafeTest.java,CafeTest::FindBeverage,90,70,Default task
2021-10-02T14:02:20.184+09:00,HanSeunghun,KeyEvent,43:61:1,Assignment,Editor,D:/University/Java/Assignment/src/Week5/CafeTest.java,CafeTest::FindBeverage,90,70,Default task
2021-10-02T14:02:20.424+09:00,HanSeunghun,KeyEvent,32:32:0,Assignment,Editor,D:/University/Java/Assignment/src/Week5/CafeTest.java,CafeTest::FindBeverage,90,71,Default task
2021-10-02T14:02:20.560+09:00,HanSeunghun,KeyEvent,65535:16:1,Assignment,Editor,D:/University/Java/Assignment/src/Week5/CafeTest.java,CafeTest::FindBeverage,90,72,Default task
2021-10-02T14:02:20.647+09:00,HanSeunghun,KeyEvent,34:222:1,Assignment,Editor,D:/University/Java/Assignment/src/Week5/CafeTest.java,CafeTest::FindBeverage,90,72,Default task
2021-10-02T14:02:22.752+09:00,HanSeunghun,KeyEvent,97:65:0,Assignment,Editor,D:/University/Java/Assignment/src/Week5/CafeTest.java,CafeTest::FindBeverage,90,73,Default task
2021-10-02T14:02:23.568+09:00,HanSeunghun,Action,EditorBackSpace,Assignment,Editor,D:/University/Java/Assignment/src/Week5/CafeTest.java,CafeTest::FindBeverage,90,74,Default task
2021-10-02T14:02:23.569+09:00,HanSeunghun,KeyEvent,8:8:0,Assignment,Editor,D:/University/Java/Assignment/src/Week5/CafeTest.java,CafeTest::FindBeverage,90,73,Default task
2021-10-02T14:02:23.913+09:00,HanSeunghun,KeyEvent,32:32:0,Assignment,Editor,D:/University/Java/Assignment/src/Week5/CafeTest.java,CafeTest::FindBeverage,90,73,Default task
2021-10-02T14:02:24.216+09:00,HanSeunghun,KeyEvent,97:65:0,Assignment,Editor,D:/University/Java/Assignment/src/Week5/CafeTest.java,CafeTest::FindBeverage,90,74,Default task
2021-10-02T14:02:25.095+09:00,HanSeunghun,KeyEvent,110:78:0,Assignment,Editor,D:/University/Java/Assignment/src/Week5/CafeTest.java,CafeTest::FindBeverage,90,75,Default task
2021-10-02T14:02:25.263+09:00,HanSeunghun,KeyEvent,100:68:0,Assignment,Editor,D:/University/Java/Assignment/src/Week5/CafeTest.java,CafeTest::FindBeverage,90,76,Default task
2021-10-02T14:02:25.425+09:00,HanSeunghun,KeyEvent,32:32:0,Assignment,Editor,D:/University/Java/Assignment/src/Week5/CafeTest.java,CafeTest::FindBeverage,90,77,Default task
2021-10-02T14:02:25.583+09:00,HanSeunghun,KeyEvent,116:84:0,Assignment,Editor,D:/University/Java/Assignment/src/Week5/CafeTest.java,CafeTest::FindBeverage,90,78,Default task
2021-10-02T14:02:25.696+09:00,HanSeunghun,KeyEvent,121:89:0,Assignment,Editor,D:/University/Java/Assignment/src/Week5/CafeTest.java,CafeTest::FindBeverage,90,79,Default task
2021-10-02T14:02:25.848+09:00,HanSeunghun,KeyEvent,112:80:0,Assignment,Editor,D:/University/Java/Assignment/src/Week5/CafeTest.java,CafeTest::FindBeverage,90,80,Default task
2021-10-02T14:02:25.961+09:00,HanSeunghun,KeyEvent,101:69:0,Assignment,Editor,D:/University/Java/Assignment/src/Week5/CafeTest.java,CafeTest::FindBeverage,90,81,Default task
2021-10-02T14:02:26.184+09:00,HanSeunghun,KeyEvent,65535:16:1,Assignment,Editor,D:/University/Java/Assignment/src/Week5/CafeTest.java,CafeTest::FindBeverage,90,82,Default task
2021-10-02T14:02:26.640+09:00,HanSeunghun,KeyEvent,34:222:1,Assignment,Editor,D:/University/Java/Assignment/src/Week5/CafeTest.java,CafeTest::FindBeverage,90,82,Default task
2021-10-02T14:02:27.241+09:00,HanSeunghun,Action,EditorLeft,Assignment,Editor,D:/University/Java/Assignment/src/Week5/CafeTest.java,CafeTest::FindBeverage,90,83,Default task
2021-10-02T14:02:27.242+09:00,HanSeunghun,KeyEvent,65535:37:0,Assignment,Editor,D:/University/Java/Assignment/src/Week5/CafeTest.java,CafeTest::FindBeverage,90,82,Default task
2021-10-02T14:02:27.416+09:00,HanSeunghun,KeyEvent,32:32:0,Assignment,Editor,D:/University/Java/Assignment/src/Week5/CafeTest.java,CafeTest::FindBeverage,90,82,Default task
2021-10-02T14:02:27.520+09:00,HanSeunghun,Action,EditorRight,Assignment,Editor,D:/University/Java/Assignment/src/Week5/CafeTest.java,CafeTest::FindBeverage,90,83,Default task
2021-10-02T14:02:27.520+09:00,HanSeunghun,KeyEvent,65535:39:0,Assignment,Editor,D:/University/Java/Assignment/src/Week5/CafeTest.java,CafeTest::FindBeverage,90,84,Default task
2021-10-02T14:02:27.880+09:00,HanSeunghun,KeyEvent,32:32:0,Assignment,Editor,D:/University/Java/Assignment/src/Week5/CafeTest.java,CafeTest::FindBeverage,90,84,Default task
2021-10-02T14:02:28.088+09:00,HanSeunghun,KeyEvent,65535:16:1,Assignment,Editor,D:/University/Java/Assignment/src/Week5/CafeTest.java,CafeTest::FindBeverage,90,85,Default task
2021-10-02T14:02:28.281+09:00,HanSeunghun,KeyEvent,43:61:1,Assignment,Editor,D:/University/Java/Assignment/src/Week5/CafeTest.java,CafeTest::FindBeverage,90,85,Default task
2021-10-02T14:02:28.433+09:00,HanSeunghun,KeyEvent,32:32:0,Assignment,Editor,D:/University/Java/Assignment/src/Week5/CafeTest.java,CafeTest::FindBeverage,90,86,Default task
2021-10-02T14:02:28.648+09:00,HanSeunghun,KeyEvent,116:84:0,Assignment,Editor,D:/University/Java/Assignment/src/Week5/CafeTest.java,CafeTest::FindBeverage,90,87,Default task
2021-10-02T14:02:28.992+09:00,HanSeunghun,Action,EditorChooseLookupItem,Assignment,Editor,D:/University/Java/Assignment/src/Week5/CafeTest.java,CafeTest::FindBeverage,90,88,Default task
2021-10-02T14:02:28.999+09:00,HanSeunghun,KeyEvent,10:10:0,Assignment,Editor,D:/University/Java/Assignment/src/Week5/CafeTest.java,CafeTest::FindBeverage,90,91,Default task
2021-10-02T14:02:29.241+09:00,HanSeunghun,Action,EditorRight,Assignment,Editor,D:/University/Java/Assignment/src/Week5/CafeTest.java,CafeTest::FindBeverage,90,91,Default task
2021-10-02T14:02:29.241+09:00,HanSeunghun,KeyEvent,65535:39:0,Assignment,Editor,D:/University/Java/Assignment/src/Week5/CafeTest.java,CafeTest::FindBeverage,90,92,Default task
2021-10-02T14:02:29.416+09:00,HanSeunghun,Action,EditorRight,Assignment,Editor,D:/University/Java/Assignment/src/Week5/CafeTest.java,CafeTest::FindBeverage,90,92,Default task
2021-10-02T14:02:29.417+09:00,HanSeunghun,KeyEvent,65535:39:0,Assignment,Editor,D:/University/Java/Assignment/src/Week5/CafeTest.java,CafeTest::FindBeverage,90,93,Default task
2021-10-02T14:02:29.680+09:00,HanSeunghun,Action,EditorDown,Assignment,Editor,D:/University/Java/Assignment/src/Week5/CafeTest.java,CafeTest::FindBeverage,90,93,Default task
2021-10-02T14:02:29.680+09:00,HanSeunghun,KeyEvent,65535:40:0,Assignment,Editor,D:/University/Java/Assignment/src/Week5/CafeTest.java,CafeTest::FindBeverage,91,9,Default task
2021-10-02T14:02:29.865+09:00,HanSeunghun,Action,EditorDown,Assignment,Editor,D:/University/Java/Assignment/src/Week5/CafeTest.java,CafeTest::FindBeverage,91,9,Default task
2021-10-02T14:02:29.865+09:00,HanSeunghun,KeyEvent,65535:40:0,Assignment,Editor,D:/University/Java/Assignment/src/Week5/CafeTest.java,,92,5,Default task
2021-10-02T14:02:30.016+09:00,HanSeunghun,Action,EditorDown,Assignment,Editor,D:/University/Java/Assignment/src/Week5/CafeTest.java,,92,5,Default task
2021-10-02T14:02:30.016+09:00,HanSeunghun,KeyEvent,65535:40:0,Assignment,Editor,D:/University/Java/Assignment/src/Week5/CafeTest.java,,93,1,Default task
2021-10-02T14:02:30.168+09:00,HanSeunghun,Action,EditorDown,Assignment,Editor,D:/University/Java/Assignment/src/Week5/CafeTest.java,,93,1,Default task
2021-10-02T14:02:30.168+09:00,HanSeunghun,KeyEvent,65535:40:0,Assignment,Editor,D:/University/Java/Assignment/src/Week5/CafeTest.java,,93,1,Default task
2021-10-02T14:02:31.032+09:00,HanSeunghun,KeyEvent,65535:17:2,Assignment,Editor,D:/University/Java/Assignment/src/Week5/CafeTest.java,,93,1,Default task
2021-10-02T14:02:31.168+09:00,HanSeunghun,Action,SaveAll,Assignment,Editor,D:/University/Java/Assignment/src/Week5/CafeTest.java,,93,1,Default task
2021-10-02T14:02:31.186+09:00,HanSeunghun,KeyEvent,19:83:2,Assignment,Editor,D:/University/Java/Assignment/src/Week5/CafeTest.java,,93,1,Default task
2021-10-02T14:02:48.504+09:00,HanSeunghun,Action,EditorEnter,Assignment,Editor,D:/University/Java/Assignment/src/Week5/CafeTest.java,CafeTest::main,52,26,Default task
2021-10-02T14:02:48.506+09:00,HanSeunghun,KeyEvent,10:10:0,Assignment,Editor,D:/University/Java/Assignment/src/Week5/CafeTest.java,CafeTest::main,53,20,Default task
2021-10-02T14:02:48.672+09:00,HanSeunghun,Action,EditorEnter,Assignment,Editor,D:/University/Java/Assignment/src/Week5/CafeTest.java,CafeTest::main,53,20,Default task
2021-10-02T14:02:48.674+09:00,HanSeunghun,KeyEvent,10:10:0,Assignment,Editor,D:/University/Java/Assignment/src/Week5/CafeTest.java,CafeTest::main,54,20,Default task
2021-10-02T14:02:48.776+09:00,HanSeunghun,KeyEvent,99:67:0,Assignment,Editor,D:/University/Java/Assignment/src/Week5/CafeTest.java,CafeTest::main,54,20,Default task
2021-10-02T14:02:48.877+09:00,HanSeunghun,KeyEvent,97:65:0,Assignment,Editor,D:/University/Java/Assignment/src/Week5/CafeTest.java,CafeTest::main,54,21,Default task
2021-10-02T14:02:48.976+09:00,HanSeunghun,KeyEvent,115:83:0,Assignment,Editor,D:/University/Java/Assignment/src/Week5/CafeTest.java,CafeTest::main,54,22,Default task
2021-10-02T14:02:49.128+09:00,HanSeunghun,KeyEvent,101:69:0,Assignment,Editor,D:/University/Java/Assignment/src/Week5/CafeTest.java,CafeTest::main,54,23,Default task
2021-10-02T14:02:49.224+09:00,HanSeunghun,KeyEvent,32:32:0,Assignment,Editor,D:/University/Java/Assignment/src/Week5/CafeTest.java,CafeTest::main,54,24,Default task
2021-10-02T14:02:49.595+09:00,HanSeunghun,KeyEvent,65535:20:0,Assignment,Editor,D:/University/Java/Assignment/src/Week5/CafeTest.java,CafeTest::main,54,25,Default task
2021-10-02T14:02:49.680+09:00,HanSeunghun,KeyEvent,76:76:0,Assignment,Editor,D:/University/Java/Assignment/src/Week5/CafeTest.java,CafeTest::main,54,25,Default task
2021-10-02T14:02:49.904+09:00,HanSeunghun,KeyEvent,73:73:0,Assignment,Editor,D:/University/Java/Assignment/src/Week5/CafeTest.java,CafeTest::main,54,26,Default task
2021-10-02T14:02:50.160+09:00,HanSeunghun,KeyEvent,65535:20:0,Assignment,Editor,D:/University/Java/Assignment/src/Week5/CafeTest.java,CafeTest::main,54,27,Default task
2021-10-02T14:02:50.328+09:00,HanSeunghun,Action,EditorChooseLookupItem,Assignment,Editor,D:/University/Java/Assignment/src/Week5/CafeTest.java,CafeTest::main,54,27,Default task
2021-10-02T14:02:50.337+09:00,HanSeunghun,KeyEvent,10:10:0,Assignment,Editor,D:/University/Java/Assignment/src/Week5/CafeTest.java,CafeTest::main,54,26,Default task
2021-10-02T14:02:50.824+09:00,HanSeunghun,Action,EditorEnter,Assignment,Editor,D:/University/Java/Assignment/src/Week5/CafeTest.java,CafeTest::main,54,26,Default task
2021-10-02T14:02:50.826+09:00,HanSeunghun,KeyEvent,10:10:0,Assignment,Editor,D:/University/Java/Assignment/src/Week5/CafeTest.java,CafeTest::main,55,20,Default task
2021-10-02T14:02:51.536+09:00,HanSeunghun,KeyEvent,98:66:0,Assignment,Editor,D:/University/Java/Assignment/src/Week5/CafeTest.java,CafeTest::main,55,20,Default task
2021-10-02T14:02:51.728+09:00,HanSeunghun,KeyEvent,114:82:0,Assignment,Editor,D:/University/Java/Assignment/src/Week5/CafeTest.java,CafeTest::main,55,21,Default task
2021-10-02T14:02:51.825+09:00,HanSeunghun,KeyEvent,101:69:0,Assignment,Editor,D:/University/Java/Assignment/src/Week5/CafeTest.java,CafeTest::main,55,22,Default task
2021-10-02T14:02:52.092+09:00,HanSeunghun,Action,EditorChooseLookupItem,Assignment,Editor,D:/University/Java/Assignment/src/Week5/CafeTest.java,CafeTest::main,55,23,Default task
2021-10-02T14:02:52.099+09:00,HanSeunghun,KeyEvent,10:10:0,Assignment,Editor,D:/University/Java/Assignment/src/Week5/CafeTest.java,CafeTest::main,55,26,Default task
2021-10-02T14:02:52.481+09:00,HanSeunghun,Action,EditorUp,Assignment,Editor,D:/University/Java/Assignment/src/Week5/CafeTest.java,CafeTest::main,55,26,Default task
2021-10-02T14:02:52.482+09:00,HanSeunghun,KeyEvent,65535:38:0,Assignment,Editor,D:/University/Java/Assignment/src/Week5/CafeTest.java,CafeTest::main,54,26,Default task
2021-10-02T14:02:52.721+09:00,HanSeunghun,Action,EditorEnter,Assignment,Editor,D:/University/Java/Assignment/src/Week5/CafeTest.java,CafeTest::main,54,26,Default task
2021-10-02T14:02:52.722+09:00,HanSeunghun,KeyEvent,10:10:0,Assignment,Editor,D:/University/Java/Assignment/src/Week5/CafeTest.java,CafeTest::main,55,20,Default task
2021-10-02T14:02:53.568+09:00,HanSeunghun,KeyEvent,65535:17:2,Assignment,Editor,D:/University/Java/Assignment/src/Week5/CafeTest.java,CafeTest::main,55,20,Default task
2021-10-02T14:02:53.680+09:00,HanSeunghun,Action,SaveAll,Assignment,Editor,D:/University/Java/Assignment/src/Week5/CafeTest.java,CafeTest::main,55,20,Default task
2021-10-02T14:02:53.689+09:00,HanSeunghun,KeyEvent,19:83:2,Assignment,Editor,D:/University/Java/Assignment/src/Week5/CafeTest.java,CafeTest::main,55,20,Default task
2021-10-02T14:03:04.545+09:00,HanSeunghun,Action,EditorEnter,Assignment,Editor,D:/University/Java/Assignment/src/Week5/CafeTest.java,,96,5,Default task
2021-10-02T14:03:04.547+09:00,HanSeunghun,KeyEvent,10:10:0,Assignment,Editor,D:/University/Java/Assignment/src/Week5/CafeTest.java,,97,4,Default task
2021-10-02T14:03:04.869+09:00,HanSeunghun,KeyEvent,112:80:0,Assignment,Editor,D:/University/Java/Assignment/src/Week5/CafeTest.java,,97,4,Default task
2021-10-02T14:03:04.977+09:00,HanSeunghun,KeyEvent,114:82:0,Assignment,Editor,D:/University/Java/Assignment/src/Week5/CafeTest.java,,97,5,Default task
2021-10-02T14:03:05.064+09:00,HanSeunghun,KeyEvent,105:73:0,Assignment,Editor,D:/University/Java/Assignment/src/Week5/CafeTest.java,,97,6,Default task
2021-10-02T14:03:05.152+09:00,HanSeunghun,KeyEvent,118:86:0,Assignment,Editor,D:/University/Java/Assignment/src/Week5/CafeTest.java,,97,7,Default task
2021-10-02T14:03:05.232+09:00,HanSeunghun,KeyEvent,97:65:0,Assignment,Editor,D:/University/Java/Assignment/src/Week5/CafeTest.java,,97,8,Default task
2021-10-02T14:03:05.344+09:00,HanSeunghun,KeyEvent,116:84:0,Assignment,Editor,D:/University/Java/Assignment/src/Week5/CafeTest.java,,97,9,Default task
2021-10-02T14:03:05.457+09:00,HanSeunghun,KeyEvent,101:69:0,Assignment,Editor,D:/University/Java/Assignment/src/Week5/CafeTest.java,,97,10,Default task
2021-10-02T14:03:05.576+09:00,HanSeunghun,KeyEvent,32:32:0,Assignment,Editor,D:/University/Java/Assignment/src/Week5/CafeTest.java,,97,11,Default task
2021-10-02T14:03:05.664+09:00,HanSeunghun,KeyEvent,115:83:0,Assignment,Editor,D:/University/Java/Assignment/src/Week5/CafeTest.java,,97,12,Default task
2021-10-02T14:03:05.767+09:00,HanSeunghun,KeyEvent,116:84:0,Assignment,Editor,D:/University/Java/Assignment/src/Week5/CafeTest.java,,97,13,Default task
2021-10-02T14:03:06.112+09:00,HanSeunghun,Action,EditorChooseLookupItem,Assignment,Editor,D:/University/Java/Assignment/src/Week5/CafeTest.java,,97,14,Default task
2021-10-02T14:03:06.119+09:00,HanSeunghun,KeyEvent,10:10:0,Assignment,Editor,D:/University/Java/Assignment/src/Week5/CafeTest.java,,97,19,Default task
2021-10-02T14:03:06.359+09:00,HanSeunghun,KeyEvent,118:86:0,Assignment,Editor,D:/University/Java/Assignment/src/Week5/CafeTest.java,,97,19,Default task
2021-10-02T14:03:06.465+09:00,HanSeunghun,KeyEvent,111:79:0,Assignment,Editor,D:/University/Java/Assignment/src/Week5/CafeTest.java,,97,20,Default task
2021-10-02T14:03:06.615+09:00,HanSeunghun,KeyEvent,105:73:0,Assignment,Editor,D:/University/Java/Assignment/src/Week5/CafeTest.java,,97,21,Default task
2021-10-02T14:03:06.679+09:00,HanSeunghun,KeyEvent,100:68:0,Assignment,Editor,D:/University/Java/Assignment/src/Week5/CafeTest.java,,97,22,Default task
2021-10-02T14:03:06.792+09:00,HanSeunghun,KeyEvent,32:32:0,Assignment,Editor,D:/University/Java/Assignment/src/Week5/CafeTest.java,,97,23,Default task
2021-10-02T14:03:06.889+09:00,HanSeunghun,KeyEvent,65535:20:0,Assignment,Editor,D:/University/Java/Assignment/src/Week5/CafeTest.java,,97,24,Default task
2021-10-02T14:03:06.967+09:00,HanSeunghun,KeyEvent,76:76:0,Assignment,Editor,D:/University/Java/Assignment/src/Week5/CafeTest.java,,97,24,Default task
2021-10-02T14:03:07.080+09:00,HanSeunghun,KeyEvent,65535:20:0,Assignment,Editor,D:/University/Java/Assignment/src/Week5/CafeTest.java,,97,25,Default task
2021-10-02T14:03:07.152+09:00,HanSeunghun,KeyEvent,105:73:0,Assignment,Editor,D:/University/Java/Assignment/src/Week5/CafeTest.java,,97,25,Default task
2021-10-02T14:03:07.255+09:00,HanSeunghun,KeyEvent,115:83:0,Assignment,Editor,D:/University/Java/Assignment/src/Week5/CafeTest.java,,97,26,Default task
2021-10-02T14:03:07.378+09:00,HanSeunghun,KeyEvent,116:84:0,Assignment,Editor,D:/University/Java/Assignment/src/Week5/CafeTest.java,,97,27,Default task
2021-10-02T14:03:07.702+09:00,HanSeunghun,KeyEvent,65535:20:0,Assignment,Editor,D:/University/Java/Assignment/src/Week5/CafeTest.java,,97,28,Default task
2021-10-02T14:03:08.271+09:00,HanSeunghun,KeyEvent,66:66:0,Assignment,Editor,D:/University/Java/Assignment/src/Week5/CafeTest.java,,97,28,Default task
2021-10-02T14:03:08.536+09:00,HanSeunghun,KeyEvent,65535:20:0,Assignment,Editor,D:/University/Java/Assignment/src/Week5/CafeTest.java,,97,29,Default task
2021-10-02T14:03:08.664+09:00,HanSeunghun,KeyEvent,101:69:0,Assignment,Editor,D:/University/Java/Assignment/src/Week5/CafeTest.java,,97,29,Default task
2021-10-02T14:03:08.887+09:00,HanSeunghun,KeyEvent,118:86:0,Assignment,Editor,D:/University/Java/Assignment/src/Week5/CafeTest.java,,97,30,Default task
2021-10-02T14:03:08.975+09:00,HanSeunghun,KeyEvent,101:69:0,Assignment,Editor,D:/University/Java/Assignment/src/Week5/CafeTest.java,,97,31,Default task
2021-10-02T14:03:09.079+09:00,HanSeunghun,KeyEvent,114:82:0,Assignment,Editor,D:/University/Java/Assignment/src/Week5/CafeTest.java,,97,32,Default task
2021-10-02T14:03:09.191+09:00,HanSeunghun,KeyEvent,97:65:0,Assignment,Editor,D:/University/Java/Assignment/src/Week5/CafeTest.java,,97,33,Default task
2021-10-02T14:03:09.313+09:00,HanSeunghun,KeyEvent,103:71:0,Assignment,Editor,D:/University/Java/Assignment/src/Week5/CafeTest.java,,97,34,Default task
2021-10-02T14:03:09.400+09:00,HanSeunghun,KeyEvent,101:69:0,Assignment,Editor,D:/University/Java/Assignment/src/Week5/CafeTest.java,,97,35,Default task
2021-10-02T14:03:09.649+09:00,HanSeunghun,KeyEvent,65535:16:1,Assignment,Editor,D:/University/Java/Assignment/src/Week5/CafeTest.java,,97,36,Default task
2021-10-02T14:03:09.880+09:00,HanSeunghun,KeyEvent,40:57:1,Assignment,Editor,D:/University/Java/Assignment/src/Week5/CafeTest.java,,97,36,Default task
2021-10-02T14:03:10.144+09:00,HanSeunghun,KeyEvent,65535:20:0,Assignment,Editor,D:/University/Java/Assignment/src/Week5/CafeTest.java,CafeTest::ListBeverage,97,37,Default task
2021-10-02T14:03:10.255+09:00,HanSeunghun,KeyEvent,67:67:0,Assignment,Editor,D:/University/Java/Assignment/src/Week5/CafeTest.java,CafeTest::ListBeverage,97,37,Default task
2021-10-02T14:03:10.414+09:00,HanSeunghun,KeyEvent,65535:20:0,Assignment,Editor,D:/University/Java/Assignment/src/Week5/CafeTest.java,CafeTest::ListBeverage,97,38,Default task
2021-10-02T14:03:10.531+09:00,HanSeunghun,KeyEvent,97:65:0,Assignment,Editor,D:/University/Java/Assignment/src/Week5/CafeTest.java,CafeTest::ListBeverage,97,38,Default task
2021-10-02T14:03:11.049+09:00,HanSeunghun,Action,EditorChooseLookupItem,Assignment,Editor,D:/University/Java/Assignment/src/Week5/CafeTest.java,CafeTest::ListBeverage,97,39,Default task
2021-10-02T14:03:11.055+09:00,HanSeunghun,KeyEvent,10:10:0,Assignment,Editor,D:/University/Java/Assignment/src/Week5/CafeTest.java,CafeTest::ListBeverage,97,41,Default task
2021-10-02T14:03:11.200+09:00,HanSeunghun,KeyEvent,32:32:0,Assignment,Editor,D:/University/Java/Assignment/src/Week5/CafeTest.java,CafeTest::ListBeverage,97,41,Default task
2021-10-02T14:03:11.320+09:00,HanSeunghun,KeyEvent,99:67:0,Assignment,Editor,D:/University/Java/Assignment/src/Week5/CafeTest.java,CafeTest::ListBeverage,97,42,Default task
2021-10-02T14:03:11.424+09:00,HanSeunghun,KeyEvent,97:65:0,Assignment,Editor,D:/University/Java/Assignment/src/Week5/CafeTest.java,CafeTest::ListBeverage,97,43,Default task
2021-10-02T14:03:11.529+09:00,HanSeunghun,KeyEvent,102:70:0,Assignment,Editor,D:/University/Java/Assignment/src/Week5/CafeTest.java,CafeTest::ListBeverage,97,44,Default task
2021-10-02T14:03:11.624+09:00,HanSeunghun,KeyEvent,101:69:0,Assignment,Editor,D:/University/Java/Assignment/src/Week5/CafeTest.java,CafeTest::ListBeverage,97,45,Default task
2021-10-02T14:03:11.825+09:00,HanSeunghun,KeyEvent,27:27:0,Assignment,Editor,D:/University/Java/Assignment/src/Week5/CafeTest.java,CafeTest::ListBeverage,97,46,Default task
2021-10-02T14:03:11.952+09:00,HanSeunghun,Action,EditorLineEnd,Assignment,Editor,D:/University/Java/Assignment/src/Week5/CafeTest.java,CafeTest::ListBeverage,97,46,Default task
2021-10-02T14:03:11.952+09:00,HanSeunghun,KeyEvent,65535:35:0,Assignment,Editor,D:/University/Java/Assignment/src/Week5/CafeTest.java,,97,47,Default task
2021-10-02T14:03:12.201+09:00,HanSeunghun,Action,EditorEnter,Assignment,Editor,D:/University/Java/Assignment/src/Week5/CafeTest.java,,97,47,Default task
2021-10-02T14:03:12.203+09:00,HanSeunghun,KeyEvent,10:10:0,Assignment,Editor,D:/University/Java/Assignment/src/Week5/CafeTest.java,,98,8,Default task
2021-10-02T14:03:12.384+09:00,HanSeunghun,KeyEvent,65535:16:1,Assignment,Editor,D:/University/Java/Assignment/src/Week5/CafeTest.java,,98,8,Default task
2021-10-02T14:03:12.472+09:00,HanSeunghun,KeyEvent,123:91:1,Assignment,Editor,D:/University/Java/Assignment/src/Week5/CafeTest.java,,98,8,Default task
2021-10-02T14:03:12.696+09:00,HanSeunghun,Action,EditorEnter,Assignment,Editor,D:/University/Java/Assignment/src/Week5/CafeTest.java,CafeTest::ListBeverage,98,5,Default task
2021-10-02T14:03:12.699+09:00,HanSeunghun,KeyEvent,10:10:0,Assignment,Editor,D:/University/Java/Assignment/src/Week5/CafeTest.java,,99,8,Default task
2021-10-02T14:03:13.088+09:00,HanSeunghun,KeyEvent,99:67:0,Assignment,Editor,D:/University/Java/Assignment/src/Week5/CafeTest.java,CafeTest::ListBeverage,99,8,Default task
2021-10-02T14:03:13.185+09:00,HanSeunghun,KeyEvent,97:65:0,Assignment,Editor,D:/University/Java/Assignment/src/Week5/CafeTest.java,CafeTest::ListBeverage,99,9,Default task
2021-10-02T14:03:13.536+09:00,HanSeunghun,Action,EditorChooseLookupItem,Assignment,Editor,D:/University/Java/Assignment/src/Week5/CafeTest.java,CafeTest::ListBeverage,99,10,Default task
2021-10-02T14:03:13.543+09:00,HanSeunghun,KeyEvent,10:10:0,Assignment,Editor,D:/University/Java/Assignment/src/Week5/CafeTest.java,CafeTest::ListBeverage,99,12,Default task
2021-10-02T14:03:13.728+09:00,HanSeunghun,KeyEvent,46:46:0,Assignment,Editor,D:/University/Java/Assignment/src/Week5/CafeTest.java,CafeTest::ListBeverage,99,12,Default task
2021-10-02T14:03:15.464+09:00,HanSeunghun,KeyEvent,98:66:0,Assignment,Editor,D:/University/Java/Assignment/src/Week5/CafeTest.java,CafeTest::ListBeverage,99,13,Default task
2021-10-02T14:03:15.599+09:00,HanSeunghun,KeyEvent,101:69:0,Assignment,Editor,D:/University/Java/Assignment/src/Week5/CafeTest.java,CafeTest::ListBeverage,99,14,Default task
2021-10-02T14:03:16.720+09:00,HanSeunghun,Action,EditorBackSpace,Assignment,Editor,D:/University/Java/Assignment/src/Week5/CafeTest.java,CafeTest::ListBeverage,99,15,Default task
2021-10-02T14:03:16.723+09:00,HanSeunghun,KeyEvent,8:8:0,Assignment,Editor,D:/University/Java/Assignment/src/Week5/CafeTest.java,CafeTest::ListBeverage,99,14,Default task
2021-10-02T14:03:16.888+09:00,HanSeunghun,Action,EditorBackSpace,Assignment,Editor,D:/University/Java/Assignment/src/Week5/CafeTest.java,CafeTest::ListBeverage,99,14,Default task
2021-10-02T14:03:16.895+09:00,HanSeunghun,KeyEvent,8:8:0,Assignment,Editor,D:/University/Java/Assignment/src/Week5/CafeTest.java,CafeTest::ListBeverage,99,13,Default task
2021-10-02T14:03:17.040+09:00,HanSeunghun,Action,EditorBackSpace,Assignment,Editor,D:/University/Java/Assignment/src/Week5/CafeTest.java,CafeTest::ListBeverage,99,13,Default task
2021-10-02T14:03:17.045+09:00,HanSeunghun,KeyEvent,8:8:0,Assignment,Editor,D:/University/Java/Assignment/src/Week5/CafeTest.java,CafeTest::ListBeverage,99,12,Default task
2021-10-02T14:03:17.247+09:00,HanSeunghun,KeyEvent,46:46:0,Assignment,Editor,D:/University/Java/Assignment/src/Week5/CafeTest.java,CafeTest::ListBeverage,99,12,Default task
2021-10-02T14:03:17.343+09:00,HanSeunghun,KeyEvent,115:83:0,Assignment,Editor,D:/University/Java/Assignment/src/Week5/CafeTest.java,CafeTest::ListBeverage,99,13,Default task
2021-10-02T14:03:17.471+09:00,HanSeunghun,KeyEvent,105:73:0,Assignment,Editor,D:/University/Java/Assignment/src/Week5/CafeTest.java,CafeTest::ListBeverage,99,14,Default task
2021-10-02T14:03:17.608+09:00,HanSeunghun,KeyEvent,122:90:0,Assignment,Editor,D:/University/Java/Assignment/src/Week5/CafeTest.java,CafeTest::ListBeverage,99,15,Default task
2021-10-02T14:03:18.000+09:00,HanSeunghun,Action,EditorBackSpace,Assignment,Editor,D:/University/Java/Assignment/src/Week5/CafeTest.java,CafeTest::ListBeverage,99,16,Default task
2021-10-02T14:03:18.001+09:00,HanSeunghun,KeyEvent,8:8:0,Assignment,Editor,D:/University/Java/Assignment/src/Week5/CafeTest.java,CafeTest::ListBeverage,99,15,Default task
2021-10-02T14:03:18.168+09:00,HanSeunghun,Action,EditorBackSpace,Assignment,Editor,D:/University/Java/Assignment/src/Week5/CafeTest.java,CafeTest::ListBeverage,99,15,Default task
2021-10-02T14:03:18.169+09:00,HanSeunghun,KeyEvent,8:8:0,Assignment,Editor,D:/University/Java/Assignment/src/Week5/CafeTest.java,CafeTest::ListBeverage,99,14,Default task
2021-10-02T14:03:18.328+09:00,HanSeunghun,Action,EditorBackSpace,Assignment,Editor,D:/University/Java/Assignment/src/Week5/CafeTest.java,CafeTest::ListBeverage,99,14,Default task
2021-10-02T14:03:18.329+09:00,HanSeunghun,KeyEvent,8:8:0,Assignment,Editor,D:/University/Java/Assignment/src/Week5/CafeTest.java,CafeTest::ListBeverage,99,13,Default task
2021-10-02T14:03:18.464+09:00,HanSeunghun,Action,EditorBackSpace,Assignment,Editor,D:/University/Java/Assignment/src/Week5/CafeTest.java,CafeTest::ListBeverage,99,13,Default task
2021-10-02T14:03:18.465+09:00,HanSeunghun,KeyEvent,8:8:0,Assignment,Editor,D:/University/Java/Assignment/src/Week5/CafeTest.java,CafeTest::ListBeverage,99,12,Default task
2021-10-02T14:03:18.744+09:00,HanSeunghun,KeyEvent,46:46:0,Assignment,Editor,D:/University/Java/Assignment/src/Week5/CafeTest.java,CafeTest::ListBeverage,99,12,Default task
2021-10-02T14:03:18.879+09:00,HanSeunghun,KeyEvent,99:67:0,Assignment,Editor,D:/University/Java/Assignment/src/Week5/CafeTest.java,CafeTest::ListBeverage,99,13,Default task
2021-10-02T14:03:19.008+09:00,HanSeunghun,KeyEvent,111:79:0,Assignment,Editor,D:/University/Java/Assignment/src/Week5/CafeTest.java,CafeTest::ListBeverage,99,14,Default task
2021-10-02T14:03:19.112+09:00,HanSeunghun,KeyEvent,117:85:0,Assignment,Editor,D:/University/Java/Assignment/src/Week5/CafeTest.java,CafeTest::ListBeverage,99,15,Default task
2021-10-02T14:03:19.552+09:00,HanSeunghun,Action,EditorBackSpace,Assignment,Editor,D:/University/Java/Assignment/src/Week5/CafeTest.java,CafeTest::ListBeverage,99,16,Default task
2021-10-02T14:03:19.553+09:00,HanSeunghun,KeyEvent,8:8:0,Assignment,Editor,D:/University/Java/Assignment/src/Week5/CafeTest.java,CafeTest::ListBeverage,99,15,Default task
2021-10-02T14:03:19.848+09:00,HanSeunghun,Action,EditorBackSpace,Assignment,Editor,D:/University/Java/Assignment/src/Week5/CafeTest.java,CafeTest::ListBeverage,99,15,Default task
2021-10-02T14:03:19.849+09:00,HanSeunghun,KeyEvent,8:8:0,Assignment,Editor,D:/University/Java/Assignment/src/Week5/CafeTest.java,CafeTest::ListBeverage,99,14,Default task
2021-10-02T14:03:19.992+09:00,HanSeunghun,Action,EditorBackSpace,Assignment,Editor,D:/University/Java/Assignment/src/Week5/CafeTest.java,CafeTest::ListBeverage,99,14,Default task
2021-10-02T14:03:19.993+09:00,HanSeunghun,KeyEvent,8:8:0,Assignment,Editor,D:/University/Java/Assignment/src/Week5/CafeTest.java,CafeTest::ListBeverage,99,13,Default task
2021-10-02T14:03:20.144+09:00,HanSeunghun,Action,EditorBackSpace,Assignment,Editor,D:/University/Java/Assignment/src/Week5/CafeTest.java,CafeTest::ListBeverage,99,13,Default task
2021-10-02T14:03:20.145+09:00,HanSeunghun,KeyEvent,8:8:0,Assignment,Editor,D:/University/Java/Assignment/src/Week5/CafeTest.java,CafeTest::ListBeverage,99,12,Default task
2021-10-02T14:03:52.426+09:00,HanSeunghun,Action,EditorTab,Assignment,Editor,D:/University/Java/Assignment/src/Week5/Cafe.java,,14,0,Default task
2021-10-02T14:03:52.428+09:00,HanSeunghun,KeyEvent,9:9:0,Assignment,Editor,D:/University/Java/Assignment/src/Week5/Cafe.java,,14,4,Default task
2021-10-02T14:04:11.087+09:00,HanSeunghun,KeyEvent,65535:17:2,Assignment,Editor,D:/University/Java/Assignment/src/Week5/CafeTest.java,CafeTest::FindBeverage,90,12,Default task
2021-10-02T14:04:11.167+09:00,HanSeunghun,Action,EditorCopy,Assignment,Editor,D:/University/Java/Assignment/src/Week5/CafeTest.java,CafeTest::FindBeverage,90,12,Default task
2021-10-02T14:04:11.171+09:00,HanSeunghun,KeyEvent,3:67:2,Assignment,Editor,D:/University/Java/Assignment/src/Week5/CafeTest.java,CafeTest::FindBeverage,90,12,Default task
2021-10-02T14:04:12.208+09:00,HanSeunghun,KeyEvent,65535:17:2,Assignment,Editor,D:/University/Java/Assignment/src/Week5/CafeTest.java,CafeTest::ListBeverage,99,11,Default task
2021-10-02T14:04:12.296+09:00,HanSeunghun,Action,EditorPaste,Assignment,Editor,D:/University/Java/Assignment/src/Week5/CafeTest.java,CafeTest::ListBeverage,99,11,Default task
2021-10-02T14:04:12.311+09:00,HanSeunghun,KeyEvent,22:86:2,Assignment,Editor,D:/University/Java/Assignment/src/Week5/CafeTest.java,CafeTest::ListBeverage,99,37,Default task
2021-10-02T14:04:13.106+09:00,HanSeunghun,KeyEvent,65535:17:2,Assignment,Editor,D:/University/Java/Assignment/src/Week5/CafeTest.java,CafeTest::ListBeverage,99,37,Default task
2021-10-02T14:04:13.183+09:00,HanSeunghun,Action,$Undo,Assignment,Editor,D:/University/Java/Assignment/src/Week5/CafeTest.java,CafeTest::ListBeverage,99,37,Default task
2021-10-02T14:04:13.185+09:00,HanSeunghun,KeyEvent,26:90:2,Assignment,Editor,D:/University/Java/Assignment/src/Week5/CafeTest.java,CafeTest::ListBeverage,99,11,Default task
2021-10-02T14:04:14.735+09:00,HanSeunghun,KeyEvent,65535:17:2,Assignment,Editor,D:/University/Java/Assignment/src/Week5/CafeTest.java,CafeTest::ListBeverage,99,8,Default task
2021-10-02T14:04:14.799+09:00,HanSeunghun,Action,EditorPaste,Assignment,Editor,D:/University/Java/Assignment/src/Week5/CafeTest.java,CafeTest::ListBeverage,99,8,Default task
2021-10-02T14:04:14.803+09:00,HanSeunghun,KeyEvent,22:86:2,Assignment,Editor,D:/University/Java/Assignment/src/Week5/CafeTest.java,CafeTest::ListBeverage,99,37,Default task
2021-10-02T14:04:15.735+09:00,HanSeunghun,KeyEvent,65535:17:2,Assignment,Editor,D:/University/Java/Assignment/src/Week5/CafeTest.java,CafeTest::ListBeverage,97,46,Default task
2021-10-02T14:04:15.815+09:00,HanSeunghun,Action,EditorCopy,Assignment,Editor,D:/University/Java/Assignment/src/Week5/CafeTest.java,CafeTest::ListBeverage,97,46,Default task
2021-10-02T14:04:15.816+09:00,HanSeunghun,KeyEvent,3:67:2,Assignment,Editor,D:/University/Java/Assignment/src/Week5/CafeTest.java,CafeTest::ListBeverage,97,46,Default task
2021-10-02T14:04:16.287+09:00,HanSeunghun,KeyEvent,65535:17:2,Assignment,Editor,D:/University/Java/Assignment/src/Week5/CafeTest.java,CafeTest::ListBeverage,99,35,Default task
2021-10-02T14:04:16.367+09:00,HanSeunghun,Action,EditorPaste,Assignment,Editor,D:/University/Java/Assignment/src/Week5/CafeTest.java,CafeTest::ListBeverage,99,35,Default task
2021-10-02T14:04:16.370+09:00,HanSeunghun,KeyEvent,22:86:2,Assignment,Editor,D:/University/Java/Assignment/src/Week5/CafeTest.java,CafeTest::ListBeverage,99,31,Default task
2021-10-02T14:04:18.415+09:00,HanSeunghun,KeyEvent,65535:17:2,Assignment,Editor,D:/University/Java/Assignment/src/Week5/CafeTest.java,,101,1,Default task
2021-10-02T14:04:18.544+09:00,HanSeunghun,Action,SaveAll,Assignment,Editor,D:/University/Java/Assignment/src/Week5/CafeTest.java,,101,1,Default task
2021-10-02T14:04:18.562+09:00,HanSeunghun,KeyEvent,19:83:2,Assignment,Editor,D:/University/Java/Assignment/src/Week5/CafeTest.java,CafeTest::ListBeverage,101,1,Default task
2021-10-02T14:04:20.825+09:00,HanSeunghun,Action,EditorTab,Assignment,Editor,D:/University/Java/Assignment/src/Week5/CafeTest.java,CafeTest::main,55,0,Default task
2021-10-02T14:04:20.827+09:00,HanSeunghun,KeyEvent,9:9:0,Assignment,Editor,D:/University/Java/Assignment/src/Week5/CafeTest.java,CafeTest::main,55,4,Default task
2021-10-02T14:04:21.009+09:00,HanSeunghun,Action,EditorTab,Assignment,Editor,D:/University/Java/Assignment/src/Week5/CafeTest.java,CafeTest::main,55,4,Default task
2021-10-02T14:04:21.010+09:00,HanSeunghun,KeyEvent,9:9:0,Assignment,Editor,D:/University/Java/Assignment/src/Week5/CafeTest.java,CafeTest::main,55,8,Default task
2021-10-02T14:04:21.193+09:00,HanSeunghun,Action,EditorTab,Assignment,Editor,D:/University/Java/Assignment/src/Week5/CafeTest.java,CafeTest::main,55,8,Default task
2021-10-02T14:04:21.193+09:00,HanSeunghun,KeyEvent,9:9:0,Assignment,Editor,D:/University/Java/Assignment/src/Week5/CafeTest.java,CafeTest::main,55,12,Default task
2021-10-02T14:04:21.360+09:00,HanSeunghun,Action,EditorTab,Assignment,Editor,D:/University/Java/Assignment/src/Week5/CafeTest.java,CafeTest::main,55,12,Default task
2021-10-02T14:04:21.361+09:00,HanSeunghun,KeyEvent,9:9:0,Assignment,Editor,D:/University/Java/Assignment/src/Week5/CafeTest.java,CafeTest::main,55,16,Default task
2021-10-02T14:04:21.552+09:00,HanSeunghun,Action,EditorTab,Assignment,Editor,D:/University/Java/Assignment/src/Week5/CafeTest.java,CafeTest::main,55,16,Default task
2021-10-02T14:04:21.553+09:00,HanSeunghun,KeyEvent,9:9:0,Assignment,Editor,D:/University/Java/Assignment/src/Week5/CafeTest.java,CafeTest::main,55,20,Default task
2021-10-02T14:04:21.840+09:00,HanSeunghun,KeyEvent,65535:20:0,Assignment,Editor,D:/University/Java/Assignment/src/Week5/CafeTest.java,CafeTest::main,55,20,Default task
2021-10-02T14:04:21.943+09:00,HanSeunghun,KeyEvent,76:76:0,Assignment,Editor,D:/University/Java/Assignment/src/Week5/CafeTest.java,CafeTest::main,55,20,Default task
2021-10-02T14:04:22.032+09:00,HanSeunghun,KeyEvent,65535:20:0,Assignment,Editor,D:/University/Java/Assignment/src/Week5/CafeTest.java,CafeTest::main,55,21,Default task
2021-10-02T14:04:22.137+09:00,HanSeunghun,KeyEvent,105:73:0,Assignment,Editor,D:/University/Java/Assignment/src/Week5/CafeTest.java,CafeTest::main,55,21,Default task
2021-10-02T14:04:22.848+09:00,HanSeunghun,Action,EditorChooseLookupItem,Assignment,Editor,D:/University/Java/Assignment/src/Week5/CafeTest.java,CafeTest::main,55,22,Default task
2021-10-02T14:04:22.856+09:00,HanSeunghun,KeyEvent,10:10:0,Assignment,Editor,D:/University/Java/Assignment/src/Week5/CafeTest.java,CafeTest::main,55,33,Default task
2021-10-02T14:04:23.487+09:00,HanSeunghun,KeyEvent,99:67:0,Assignment,Editor,D:/University/Java/Assignment/src/Week5/CafeTest.java,CafeTest::main,55,33,Default task
2021-10-02T14:04:23.856+09:00,HanSeunghun,Action,EditorChooseLookupItem,Assignment,Editor,D:/University/Java/Assignment/src/Week5/CafeTest.java,CafeTest::main,55,34,Default task
2021-10-02T14:04:23.863+09:00,HanSeunghun,KeyEvent,10:10:0,Assignment,Editor,D:/University/Java/Assignment/src/Week5/CafeTest.java,CafeTest::main,55,36,Default task
2021-10-02T14:04:24.177+09:00,HanSeunghun,Action,EditorLineEnd,Assignment,Editor,D:/University/Java/Assignment/src/Week5/CafeTest.java,CafeTest::main,55,36,Default task
2021-10-02T14:04:24.177+09:00,HanSeunghun,KeyEvent,65535:35:0,Assignment,Editor,D:/University/Java/Assignment/src/Week5/CafeTest.java,CafeTest::main,55,38,Default task
2021-10-02T14:04:24.671+09:00,HanSeunghun,Action,EditorLeft,Assignment,Editor,D:/University/Java/Assignment/src/Week5/CafeTest.java,CafeTest::main,55,38,Default task
2021-10-02T14:04:24.672+09:00,HanSeunghun,KeyEvent,65535:37:0,Assignment,Editor,D:/University/Java/Assignment/src/Week5/CafeTest.java,CafeTest::main,55,37,Default task
2021-10-02T14:04:24.832+09:00,HanSeunghun,Action,EditorLeft,Assignment,Editor,D:/University/Java/Assignment/src/Week5/CafeTest.java,CafeTest::main,55,37,Default task
2021-10-02T14:04:24.833+09:00,HanSeunghun,KeyEvent,65535:37:0,Assignment,Editor,D:/University/Java/Assignment/src/Week5/CafeTest.java,CafeTest::main,55,36,Default task
2021-10-02T14:04:25.104+09:00,HanSeunghun,Action,EditorBackSpace,Assignment,Editor,D:/University/Java/Assignment/src/Week5/CafeTest.java,CafeTest::main,55,36,Default task
2021-10-02T14:04:25.105+09:00,HanSeunghun,KeyEvent,8:8:0,Assignment,Editor,D:/University/Java/Assignment/src/Week5/CafeTest.java,CafeTest::main,55,35,Default task
2021-10-02T14:04:25.264+09:00,HanSeunghun,Action,EditorBackSpace,Assignment,Editor,D:/University/Java/Assignment/src/Week5/CafeTest.java,CafeTest::main,55,35,Default task
2021-10-02T14:04:25.265+09:00,HanSeunghun,KeyEvent,8:8:0,Assignment,Editor,D:/University/Java/Assignment/src/Week5/CafeTest.java,CafeTest::main,55,34,Default task
2021-10-02T14:04:25.423+09:00,HanSeunghun,Action,EditorBackSpace,Assignment,Editor,D:/University/Java/Assignment/src/Week5/CafeTest.java,CafeTest::main,55,34,Default task
2021-10-02T14:04:25.424+09:00,HanSeunghun,KeyEvent,8:8:0,Assignment,Editor,D:/University/Java/Assignment/src/Week5/CafeTest.java,CafeTest::main,55,33,Default task
2021-10-02T14:04:25.511+09:00,HanSeunghun,KeyEvent,99:67:0,Assignment,Editor,D:/University/Java/Assignment/src/Week5/CafeTest.java,CafeTest::main,55,33,Default task
2021-10-02T14:04:25.616+09:00,HanSeunghun,KeyEvent,97:65:0,Assignment,Editor,D:/University/Java/Assignment/src/Week5/CafeTest.java,CafeTest::main,55,34,Default task
2021-10-02T14:04:25.767+09:00,HanSeunghun,KeyEvent,102:70:0,Assignment,Editor,D:/University/Java/Assignment/src/Week5/CafeTest.java,CafeTest::main,55,35,Default task
2021-10-02T14:04:26.136+09:00,HanSeunghun,Action,EditorEnter,Assignment,Editor,D:/University/Java/Assignment/src/Week5/CafeTest.java,CafeTest::main,55,36,Default task
2021-10-02T14:04:26.139+09:00,HanSeunghun,KeyEvent,10:10:0,Assignment,Editor,D:/University/Java/Assignment/src/Week5/CafeTest.java,CafeTest::main,56,20,Default task
2021-10-02T14:04:26.595+09:00,HanSeunghun,KeyEvent,65535:17:2,Assignment,Editor,D:/University/Java/Assignment/src/Week5/CafeTest.java,CafeTest::main,56,20,Default task
2021-10-02T14:04:26.688+09:00,HanSeunghun,Action,$Undo,Assignment,Editor,D:/University/Java/Assignment/src/Week5/CafeTest.java,CafeTest::main,56,20,Default task
2021-10-02T14:04:26.689+09:00,HanSeunghun,KeyEvent,26:90:2,Assignment,Editor,D:/University/Java/Assignment/src/Week5/CafeTest.java,CafeTest::main,55,36,Default task
2021-10-02T14:04:27.535+09:00,HanSeunghun,KeyEvent,101:69:0,Assignment,Editor,D:/University/Java/Assignment/src/Week5/CafeTest.java,CafeTest::main,55,36,Default task
2021-10-02T14:04:27.975+09:00,HanSeunghun,Action,EditorEscape,Assignment,Editor,D:/University/Java/Assignment/src/Week5/CafeTest.java,CafeTest::main,55,37,Default task
2021-10-02T14:04:27.976+09:00,HanSeunghun,KeyEvent,27:27:0,Assignment,Editor,D:/University/Java/Assignment/src/Week5/CafeTest.java,CafeTest::main,55,37,Default task
2021-10-02T14:04:28.575+09:00,HanSeunghun,Action,EditorBackSpace,Assignment,Editor,D:/University/Java/Assignment/src/Week5/CafeTest.java,CafeTest::main,55,37,Default task
2021-10-02T14:04:28.576+09:00,HanSeunghun,KeyEvent,8:8:0,Assignment,Editor,D:/University/Java/Assignment/src/Week5/CafeTest.java,CafeTest::main,55,36,Default task
2021-10-02T14:04:28.770+09:00,HanSeunghun,Action,EditorBackSpace,Assignment,Editor,D:/University/Java/Assignment/src/Week5/CafeTest.java,CafeTest::main,55,36,Default task
2021-10-02T14:04:28.773+09:00,HanSeunghun,KeyEvent,8:8:0,Assignment,Editor,D:/University/Java/Assignment/src/Week5/CafeTest.java,CafeTest::main,55,35,Default task
2021-10-02T14:04:28.928+09:00,HanSeunghun,Action,EditorBackSpace,Assignment,Editor,D:/University/Java/Assignment/src/Week5/CafeTest.java,CafeTest::main,55,35,Default task
2021-10-02T14:04:28.929+09:00,HanSeunghun,KeyEvent,8:8:0,Assignment,Editor,D:/University/Java/Assignment/src/Week5/CafeTest.java,CafeTest::main,55,34,Default task
2021-10-02T14:04:29.075+09:00,HanSeunghun,Action,EditorBackSpace,Assignment,Editor,D:/University/Java/Assignment/src/Week5/CafeTest.java,CafeTest::main,55,34,Default task
2021-10-02T14:04:29.078+09:00,HanSeunghun,KeyEvent,8:8:0,Assignment,Editor,D:/University/Java/Assignment/src/Week5/CafeTest.java,CafeTest::main,55,33,Default task
2021-10-02T14:04:29.152+09:00,HanSeunghun,KeyEvent,115:83:0,Assignment,Editor,D:/University/Java/Assignment/src/Week5/CafeTest.java,CafeTest::main,55,33,Default task
2021-10-02T14:04:29.255+09:00,HanSeunghun,KeyEvent,116:84:0,Assignment,Editor,D:/University/Java/Assignment/src/Week5/CafeTest.java,CafeTest::main,55,34,Default task
2021-10-02T14:04:29.688+09:00,HanSeunghun,Action,EditorChooseLookupItem,Assignment,Editor,D:/University/Java/Assignment/src/Week5/CafeTest.java,CafeTest::main,55,35,Default task
2021-10-02T14:04:29.695+09:00,HanSeunghun,KeyEvent,10:10:0,Assignment,Editor,D:/University/Java/Assignment/src/Week5/CafeTest.java,CafeTest::main,55,42,Default task
2021-10-02T14:04:30.007+09:00,HanSeunghun,Action,EditorLineEnd,Assignment,Editor,D:/University/Java/Assignment/src/Week5/CafeTest.java,CafeTest::main,55,42,Default task
2021-10-02T14:04:30.008+09:00,HanSeunghun,KeyEvent,65535:35:0,Assignment,Editor,D:/University/Java/Assignment/src/Week5/CafeTest.java,CafeTest::main,55,44,Default task
2021-10-02T14:04:30.377+09:00,HanSeunghun,Action,EditorDown,Assignment,Editor,D:/University/Java/Assignment/src/Week5/CafeTest.java,CafeTest::main,55,44,Default task
2021-10-02T14:04:30.377+09:00,HanSeunghun,KeyEvent,65535:40:0,Assignment,Editor,D:/University/Java/Assignment/src/Week5/CafeTest.java,CafeTest::main,56,26,Default task
2021-10-02T14:04:30.584+09:00,HanSeunghun,Action,EditorDown,Assignment,Editor,D:/University/Java/Assignment/src/Week5/CafeTest.java,CafeTest::main,56,26,Default task
2021-10-02T14:04:30.585+09:00,HanSeunghun,KeyEvent,65535:40:0,Assignment,Editor,D:/University/Java/Assignment/src/Week5/CafeTest.java,CafeTest::main,57,13,Default task
2021-10-02T14:04:30.807+09:00,HanSeunghun,Action,EditorDown,Assignment,Editor,D:/University/Java/Assignment/src/Week5/CafeTest.java,CafeTest::main,57,13,Default task
2021-10-02T14:04:30.808+09:00,HanSeunghun,KeyEvent,65535:40:0,Assignment,Editor,D:/University/Java/Assignment/src/Week5/CafeTest.java,CafeTest::main,58,9,Default task
2021-10-02T14:04:31.024+09:00,HanSeunghun,Action,EditorDown,Assignment,Editor,D:/University/Java/Assignment/src/Week5/CafeTest.java,CafeTest::main,58,9,Default task
2021-10-02T14:04:31.025+09:00,HanSeunghun,KeyEvent,65535:40:0,Assignment,Editor,D:/University/Java/Assignment/src/Week5/CafeTest.java,CafeTest::main,59,0,Default task
2021-10-02T14:04:31.248+09:00,HanSeunghun,Action,EditorDown,Assignment,Editor,D:/University/Java/Assignment/src/Week5/CafeTest.java,CafeTest::main,59,0,Default task
2021-10-02T14:04:31.249+09:00,HanSeunghun,KeyEvent,65535:40:0,Assignment,Editor,D:/University/Java/Assignment/src/Week5/CafeTest.java,CafeTest::main,60,24,Default task
2021-10-02T14:04:31.520+09:00,HanSeunghun,Action,EditorDown,Assignment,Editor,D:/University/Java/Assignment/src/Week5/CafeTest.java,CafeTest::main,60,24,Default task
2021-10-02T14:04:31.521+09:00,HanSeunghun,KeyEvent,65535:40:0,Assignment,Editor,D:/University/Java/Assignment/src/Week5/CafeTest.java,,61,5,Default task
2021-10-02T14:04:32.872+09:00,HanSeunghun,KeyEvent,65535:17:2,Assignment,Editor,D:/University/Java/Assignment/src/Week5/CafeTest.java,CafeTest::main,44,26,Default task
2021-10-02T14:04:33.025+09:00,HanSeunghun,Action,SaveAll,Assignment,Editor,D:/University/Java/Assignment/src/Week5/CafeTest.java,CafeTest::main,44,26,Default task
2021-10-02T14:04:33.034+09:00,HanSeunghun,KeyEvent,19:83:2,Assignment,Editor,D:/University/Java/Assignment/src/Week5/CafeTest.java,CafeTest::main,44,26,Default task
2021-10-02T14:04:35.619+09:00,HanSeunghun,Action,RunClass,Assignment,Editor,D:/University/Java/Assignment/src/Week5/CafeTest.java,CafeTest::main,47,44,Default task
2021-10-02T14:04:42.681+09:00,HanSeunghun,Action,Stop,Assignment,Editor,D:/University/Java/Assignment/src/Week5/CafeTest.java,CafeTest::main,47,44,Default task
2021-10-02T14:04:54.657+09:00,HanSeunghun,Action,EditorEnter,Assignment,Editor,D:/University/Java/Assignment/src/Week5/CafeTest.java,CafeTest::main,25,9,Default task
2021-10-02T14:04:54.659+09:00,HanSeunghun,KeyEvent,10:10:0,Assignment,Editor,D:/University/Java/Assignment/src/Week5/CafeTest.java,CafeTest::main,26,12,Default task
2021-10-02T14:04:55.544+09:00,HanSeunghun,KeyEvent,65535:20:0,Assignment,Editor,D:/University/Java/Assignment/src/Week5/CafeTest.java,CafeTest::main,26,12,Default task
2021-10-02T14:04:55.664+09:00,HanSeunghun,KeyEvent,83:83:0,Assignment,Editor,D:/University/Java/Assignment/src/Week5/CafeTest.java,CafeTest::main,26,12,Default task
2021-10-02T14:04:55.814+09:00,HanSeunghun,KeyEvent,65535:20:0,Assignment,Editor,D:/University/Java/Assignment/src/Week5/CafeTest.java,CafeTest::main,26,13,Default task
2021-10-02T14:04:55.959+09:00,HanSeunghun,KeyEvent,121:89:0,Assignment,Editor,D:/University/Java/Assignment/src/Week5/CafeTest.java,CafeTest::main,26,13,Default task
2021-10-02T14:04:56.055+09:00,HanSeunghun,KeyEvent,115:83:0,Assignment,Editor,D:/University/Java/Assignment/src/Week5/CafeTest.java,CafeTest::main,26,14,Default task
2021-10-02T14:04:56.175+09:00,HanSeunghun,KeyEvent,116:84:0,Assignment,Editor,D:/University/Java/Assignment/src/Week5/CafeTest.java,CafeTest::main,26,15,Default task
2021-10-02T14:04:56.272+09:00,HanSeunghun,KeyEvent,101:69:0,Assignment,Editor,D:/University/Java/Assignment/src/Week5/CafeTest.java,CafeTest::main,26,16,Default task
2021-10-02T14:04:56.399+09:00,HanSeunghun,KeyEvent,109:77:0,Assignment,Editor,D:/University/Java/Assignment/src/Week5/CafeTest.java,CafeTest::main,26,17,Default task
2021-10-02T14:04:56.640+09:00,HanSeunghun,KeyEvent,46:46:0,Assignment,Editor,D:/University/Java/Assignment/src/Week5/CafeTest.java,CafeTest::main,26,18,Default task
2021-10-02T14:04:57.111+09:00,HanSeunghun,KeyEvent,111:79:0,Assignment,Editor,D:/University/Java/Assignment/src/Week5/CafeTest.java,CafeTest::main,26,19,Default task
2021-10-02T14:04:57.232+09:00,HanSeunghun,KeyEvent,117:85:0,Assignment,Editor,D:/University/Java/Assignment/src/Week5/CafeTest.java,CafeTest::main,26,20,Default task
2021-10-02T14:04:57.584+09:00,HanSeunghun,Action,EditorChooseLookupItem,Assignment,Editor,D:/University/Java/Assignment/src/Week5/CafeTest.java,CafeTest::main,26,21,Default task
2021-10-02T14:04:57.594+09:00,HanSeunghun,KeyEvent,10:10:0,Assignment,Editor,D:/University/Java/Assignment/src/Week5/CafeTest.java,CafeTest::main,26,22,Default task
2021-10-02T14:04:58.151+09:00,HanSeunghun,KeyEvent,46:46:0,Assignment,Editor,D:/University/Java/Assignment/src/Week5/CafeTest.java,CafeTest::main,26,22,Default task
2021-10-02T14:04:58.431+09:00,HanSeunghun,KeyEvent,112:80:0,Assignment,Editor,D:/University/Java/Assignment/src/Week5/CafeTest.java,CafeTest::main,26,23,Default task
2021-10-02T14:04:59.504+09:00,HanSeunghun,Action,EditorChooseLookupItem,Assignment,Editor,D:/University/Java/Assignment/src/Week5/CafeTest.java,CafeTest::main,26,24,Default task
2021-10-02T14:04:59.514+09:00,HanSeunghun,KeyEvent,10:10:0,Assignment,Editor,D:/University/Java/Assignment/src/Week5/CafeTest.java,CafeTest::main,26,31,Default task
2021-10-02T14:05:00.760+09:00,HanSeunghun,KeyEvent,65535:16:1,Assignment,Editor,D:/University/Java/Assignment/src/Week5/CafeTest.java,CafeTest::main,26,31,Default task
2021-10-02T14:05:01.111+09:00,HanSeunghun,KeyEvent,34:222:1,Assignment,Editor,D:/University/Java/Assignment/src/Week5/CafeTest.java,CafeTest::main,26,31,Default task
2021-10-02T14:05:02.489+09:00,HanSeunghun,Action,EditorRight,Assignment,Editor,D:/University/Java/Assignment/src/Week5/CafeTest.java,CafeTest::main,26,32,Default task
2021-10-02T14:05:02.490+09:00,HanSeunghun,KeyEvent,65535:39:0,Assignment,Editor,D:/University/Java/Assignment/src/Week5/CafeTest.java,CafeTest::main,26,33,Default task
2021-10-02T14:05:02.680+09:00,HanSeunghun,Action,EditorRight,Assignment,Editor,D:/University/Java/Assignment/src/Week5/CafeTest.java,CafeTest::main,26,33,Default task
2021-10-02T14:05:02.680+09:00,HanSeunghun,KeyEvent,65535:39:0,Assignment,Editor,D:/University/Java/Assignment/src/Week5/CafeTest.java,CafeTest::main,26,34,Default task
2021-10-02T14:05:03.784+09:00,HanSeunghun,Action,EditorRight,Assignment,Editor,D:/University/Java/Assignment/src/Week5/CafeTest.java,CafeTest::main,26,34,Default task
2021-10-02T14:05:03.784+09:00,HanSeunghun,KeyEvent,65535:39:0,Assignment,Editor,D:/University/Java/Assignment/src/Week5/CafeTest.java,CafeTest::main,26,35,Default task
2021-10-02T14:05:04.209+09:00,HanSeunghun,KeyEvent,65535:16:1,Assignment,Editor,D:/University/Java/Assignment/src/Week5/CafeTest.java,CafeTest::main,26,35,Default task
2021-10-02T14:05:04.424+09:00,HanSeunghun,Action,EditorLineStartWithSelection,Assignment,Editor,D:/University/Java/Assignment/src/Week5/CafeTest.java,CafeTest::main,26,35,Default task
2021-10-02T14:05:04.425+09:00,HanSeunghun,KeyEvent,65535:36:1,Assignment,Editor,D:/University/Java/Assignment/src/Week5/CafeTest.java,CafeTest::main,26,12,Default task
2021-10-02T14:05:04.599+09:00,HanSeunghun,KeyEvent,65535:17:2,Assignment,Editor,D:/University/Java/Assignment/src/Week5/CafeTest.java,CafeTest::main,26,12,Default task
2021-10-02T14:05:04.656+09:00,HanSeunghun,Action,EditorCut,Assignment,Editor,D:/University/Java/Assignment/src/Week5/CafeTest.java,CafeTest::main,26,12,Default task
2021-10-02T14:05:04.659+09:00,HanSeunghun,KeyEvent,24:88:2,Assignment,Editor,D:/University/Java/Assignment/src/Week5/CafeTest.java,CafeTest::main,26,12,Default task
2021-10-02T14:05:04.889+09:00,HanSeunghun,Action,EditorBackSpace,Assignment,Editor,D:/University/Java/Assignment/src/Week5/CafeTest.java,CafeTest::main,26,12,Default task
2021-10-02T14:05:04.890+09:00,HanSeunghun,KeyEvent,8:8:0,Assignment,Editor,D:/University/Java/Assignment/src/Week5/CafeTest.java,CafeTest::main,25,9,Default task
2021-10-02T14:05:05.480+09:00,HanSeunghun,KeyEvent,65535:17:2,Assignment,Editor,D:/University/Java/Assignment/src/Week5/CafeTest.java,CafeTest::main,25,9,Default task
2021-10-02T14:05:05.608+09:00,HanSeunghun,Action,SaveAll,Assignment,Editor,D:/University/Java/Assignment/src/Week5/CafeTest.java,CafeTest::main,25,9,Default task
2021-10-02T14:05:05.609+09:00,HanSeunghun,KeyEvent,19:83:2,Assignment,Editor,D:/University/Java/Assignment/src/Week5/CafeTest.java,CafeTest::main,25,9,Default task
2021-10-02T14:05:11.644+09:00,HanSeunghun,Action,EditorEnter,Assignment,Editor,D:/University/Java/Assignment/src/Week5/CafeTest.java,CafeTest::getCommand,66,9,Default task
2021-10-02T14:05:11.647+09:00,HanSeunghun,KeyEvent,10:10:0,Assignment,Editor,D:/University/Java/Assignment/src/Week5/CafeTest.java,CafeTest::getCommand,67,12,Default task
2021-10-02T14:05:11.952+09:00,HanSeunghun,KeyEvent,65535:17:2,Assignment,Editor,D:/University/Java/Assignment/src/Week5/CafeTest.java,CafeTest::getCommand,67,12,Default task
2021-10-02T14:05:12.056+09:00,HanSeunghun,Action,EditorPaste,Assignment,Editor,D:/University/Java/Assignment/src/Week5/CafeTest.java,CafeTest::getCommand,67,12,Default task
2021-10-02T14:05:12.061+09:00,HanSeunghun,KeyEvent,22:86:2,Assignment,Editor,D:/University/Java/Assignment/src/Week5/CafeTest.java,CafeTest::getCommand,67,35,Default task
2021-10-02T14:05:12.927+09:00,HanSeunghun,Action,EditorLeft,Assignment,Editor,D:/University/Java/Assignment/src/Week5/CafeTest.java,CafeTest::getCommand,67,35,Default task
2021-10-02T14:05:12.928+09:00,HanSeunghun,KeyEvent,65535:37:0,Assignment,Editor,D:/University/Java/Assignment/src/Week5/CafeTest.java,CafeTest::getCommand,67,34,Default task
2021-10-02T14:05:13.137+09:00,HanSeunghun,Action,EditorLeft,Assignment,Editor,D:/University/Java/Assignment/src/Week5/CafeTest.java,CafeTest::getCommand,67,34,Default task
2021-10-02T14:05:13.137+09:00,HanSeunghun,KeyEvent,65535:37:0,Assignment,Editor,D:/University/Java/Assignment/src/Week5/CafeTest.java,CafeTest::getCommand,67,33,Default task
2021-10-02T14:05:13.320+09:00,HanSeunghun,Action,EditorLeft,Assignment,Editor,D:/University/Java/Assignment/src/Week5/CafeTest.java,CafeTest::getCommand,67,33,Default task
2021-10-02T14:05:13.320+09:00,HanSeunghun,KeyEvent,65535:37:0,Assignment,Editor,D:/University/Java/Assignment/src/Week5/CafeTest.java,CafeTest::getCommand,67,32,Default task
2021-10-02T14:05:13.551+09:00,HanSeunghun,KeyEvent,65535:20:0,Assignment,Editor,D:/University/Java/Assignment/src/Week5/CafeTest.java,CafeTest::getCommand,67,32,Default task
2021-10-02T14:05:13.626+09:00,HanSeunghun,KeyEvent,69:69:0,Assignment,Editor,D:/University/Java/Assignment/src/Week5/CafeTest.java,CafeTest::getCommand,67,32,Default task
2021-10-02T14:05:13.752+09:00,HanSeunghun,KeyEvent,65535:20:0,Assignment,Editor,D:/University/Java/Assignment/src/Week5/CafeTest.java,CafeTest::getCommand,67,33,Default task
2021-10-02T14:05:13.919+09:00,HanSeunghun,KeyEvent,110:78:0,Assignment,Editor,D:/University/Java/Assignment/src/Week5/CafeTest.java,CafeTest::getCommand,67,33,Default task
2021-10-02T14:05:14.048+09:00,HanSeunghun,KeyEvent,116:84:0,Assignment,Editor,D:/University/Java/Assignment/src/Week5/CafeTest.java,CafeTest::getCommand,67,34,Default task
2021-10-02T14:05:14.161+09:00,HanSeunghun,KeyEvent,101:69:0,Assignment,Editor,D:/University/Java/Assignment/src/Week5/CafeTest.java,CafeTest::getCommand,67,35,Default task
2021-10-02T14:05:14.264+09:00,HanSeunghun,KeyEvent,114:82:0,Assignment,Editor,D:/University/Java/Assignment/src/Week5/CafeTest.java,CafeTest::getCommand,67,36,Default task
2021-10-02T14:05:14.440+09:00,HanSeunghun,KeyEvent,32:32:0,Assignment,Editor,D:/University/Java/Assignment/src/Week5/CafeTest.java,CafeTest::getCommand,67,37,Default task
2021-10-02T14:05:14.648+09:00,HanSeunghun,KeyEvent,65535:20:0,Assignment,Editor,D:/University/Java/Assignment/src/Week5/CafeTest.java,CafeTest::getCommand,67,38,Default task
2021-10-02T14:05:14.750+09:00,HanSeunghun,KeyEvent,67:67:0,Assignment,Editor,D:/University/Java/Assignment/src/Week5/CafeTest.java,CafeTest::getCommand,67,38,Default task
2021-10-02T14:05:14.864+09:00,HanSeunghun,KeyEvent,65535:20:0,Assignment,Editor,D:/University/Java/Assignment/src/Week5/CafeTest.java,CafeTest::getCommand,67,39,Default task
2021-10-02T14:05:14.975+09:00,HanSeunghun,KeyEvent,111:79:0,Assignment,Editor,D:/University/Java/Assignment/src/Week5/CafeTest.java,CafeTest::getCommand,67,39,Default task
2021-10-02T14:05:15.184+09:00,HanSeunghun,KeyEvent,109:77:0,Assignment,Editor,D:/University/Java/Assignment/src/Week5/CafeTest.java,CafeTest::getCommand,67,40,Default task
2021-10-02T14:05:15.327+09:00,HanSeunghun,KeyEvent,109:77:0,Assignment,Editor,D:/University/Java/Assignment/src/Week5/CafeTest.java,CafeTest::getCommand,67,41,Default task
2021-10-02T14:05:15.367+09:00,HanSeunghun,KeyEvent,97:65:0,Assignment,Editor,D:/University/Java/Assignment/src/Week5/CafeTest.java,CafeTest::getCommand,67,42,Default task
2021-10-02T14:05:15.512+09:00,HanSeunghun,KeyEvent,110:78:0,Assignment,Editor,D:/University/Java/Assignment/src/Week5/CafeTest.java,CafeTest::getCommand,67,43,Default task
2021-10-02T14:05:15.616+09:00,HanSeunghun,KeyEvent,100:68:0,Assignment,Editor,D:/University/Java/Assignment/src/Week5/CafeTest.java,CafeTest::getCommand,67,44,Default task
2021-10-02T14:05:15.768+09:00,HanSeunghun,KeyEvent,32:32:0,Assignment,Editor,D:/University/Java/Assignment/src/Week5/CafeTest.java,CafeTest::getCommand,67,45,Default task
2021-10-02T14:05:15.848+09:00,HanSeunghun,KeyEvent,65535:20:0,Assignment,Editor,D:/University/Java/Assignment/src/Week5/CafeTest.java,CafeTest::getCommand,67,46,Default task
2021-10-02T14:05:15.944+09:00,HanSeunghun,KeyEvent,83:83:0,Assignment,Editor,D:/University/Java/Assignment/src/Week5/CafeTest.java,CafeTest::getCommand,67,46,Default task
2021-10-02T14:05:16.087+09:00,HanSeunghun,KeyEvent,65535:20:0,Assignment,Editor,D:/University/Java/Assignment/src/Week5/CafeTest.java,CafeTest::getCommand,67,47,Default task
2021-10-02T14:05:16.208+09:00,HanSeunghun,KeyEvent,116:84:0,Assignment,Editor,D:/University/Java/Assignment/src/Week5/CafeTest.java,CafeTest::getCommand,67,47,Default task
2021-10-02T14:05:16.335+09:00,HanSeunghun,KeyEvent,114:82:0,Assignment,Editor,D:/University/Java/Assignment/src/Week5/CafeTest.java,CafeTest::getCommand,67,48,Default task
2021-10-02T14:05:16.407+09:00,HanSeunghun,KeyEvent,105:73:0,Assignment,Editor,D:/University/Java/Assignment/src/Week5/CafeTest.java,CafeTest::getCommand,67,49,Default task
2021-10-02T14:05:16.552+09:00,HanSeunghun,KeyEvent,110:78:0,Assignment,Editor,D:/University/Java/Assignment/src/Week5/CafeTest.java,CafeTest::getCommand,67,50,Default task
2021-10-02T14:05:16.640+09:00,HanSeunghun,KeyEvent,103:71:0,Assignment,Editor,D:/University/Java/Assignment/src/Week5/CafeTest.java,CafeTest::getCommand,67,51,Default task
2021-10-02T14:05:16.976+09:00,HanSeunghun,KeyEvent,65535:16:1,Assignment,Editor,D:/University/Java/Assignment/src/Week5/CafeTest.java,CafeTest::getCommand,67,52,Default task
2021-10-02T14:05:17.183+09:00,HanSeunghun,KeyEvent,33:49:1,Assignment,Editor,D:/University/Java/Assignment/src/Week5/CafeTest.java,CafeTest::getCommand,67,52,Default task
2021-10-02T14:05:17.568+09:00,HanSeunghun,KeyEvent,32:32:0,Assignment,Editor,D:/University/Java/Assignment/src/Week5/CafeTest.java,CafeTest::getCommand,67,53,Default task
2021-10-02T14:05:18.201+09:00,HanSeunghun,Action,EditorBackSpace,Assignment,Editor,D:/University/Java/Assignment/src/Week5/CafeTest.java,CafeTest::getCommand,67,55,Default task
2021-10-02T14:05:18.202+09:00,HanSeunghun,KeyEvent,8:8:0,Assignment,Editor,D:/University/Java/Assignment/src/Week5/CafeTest.java,CafeTest::getCommand,67,54,Default task
2021-10-02T14:05:18.279+09:00,HanSeunghun,KeyEvent,100:68:0,Assignment,Editor,D:/University/Java/Assignment/src/Week5/CafeTest.java,CafeTest::getCommand,67,54,Default task
2021-10-02T14:05:18.343+09:00,HanSeunghun,KeyEvent,102:70:0,Assignment,Editor,D:/University/Java/Assignment/src/Week5/CafeTest.java,CafeTest::getCommand,67,55,Default task
2021-10-02T14:05:18.399+09:00,HanSeunghun,Action,EditorBackSpace,Assignment,Editor,D:/University/Java/Assignment/src/Week5/CafeTest.java,CafeTest::getCommand,67,56,Default task
2021-10-02T14:05:18.401+09:00,HanSeunghun,KeyEvent,8:8:0,Assignment,Editor,D:/University/Java/Assignment/src/Week5/CafeTest.java,CafeTest::getCommand,67,55,Default task
2021-10-02T14:05:18.536+09:00,HanSeunghun,Action,EditorBackSpace,Assignment,Editor,D:/University/Java/Assignment/src/Week5/CafeTest.java,CafeTest::getCommand,67,55,Default task
2021-10-02T14:05:18.537+09:00,HanSeunghun,KeyEvent,8:8:0,Assignment,Editor,D:/University/Java/Assignment/src/Week5/CafeTest.java,CafeTest::getCommand,67,54,Default task
2021-10-02T14:05:18.841+09:00,HanSeunghun,KeyEvent,27:27:0,Assignment,Editor,D:/University/Java/Assignment/src/Week5/CafeTest.java,CafeTest::getCommand,67,54,Default task
2021-10-02T14:05:19.016+09:00,HanSeunghun,Action,EditorLineEnd,Assignment,Editor,D:/University/Java/Assignment/src/Week5/CafeTest.java,CafeTest::getCommand,67,54,Default task
2021-10-02T14:05:19.016+09:00,HanSeunghun,KeyEvent,65535:35:0,Assignment,Editor,D:/University/Java/Assignment/src/Week5/CafeTest.java,CafeTest::getCommand,67,57,Default task
2021-10-02T14:05:19.416+09:00,HanSeunghun,Action,EditorDown,Assignment,Editor,D:/University/Java/Assignment/src/Week5/CafeTest.java,CafeTest::getCommand,67,57,Default task
2021-10-02T14:05:19.416+09:00,HanSeunghun,KeyEvent,65535:40:0,Assignment,Editor,D:/University/Java/Assignment/src/Week5/CafeTest.java,CafeTest::getCommand,68,43,Default task
2021-10-02T14:05:19.672+09:00,HanSeunghun,Action,EditorDown,Assignment,Editor,D:/University/Java/Assignment/src/Week5/CafeTest.java,CafeTest::getCommand,68,43,Default task
2021-10-02T14:05:19.673+09:00,HanSeunghun,KeyEvent,65535:40:0,Assignment,Editor,D:/University/Java/Assignment/src/Week5/CafeTest.java,CafeTest::getCommand,69,57,Default task
2021-10-02T14:05:19.960+09:00,HanSeunghun,Action,EditorUp,Assignment,Editor,D:/University/Java/Assignment/src/Week5/CafeTest.java,CafeTest::getCommand,69,57,Default task
2021-10-02T14:05:19.961+09:00,HanSeunghun,KeyEvent,65535:38:0,Assignment,Editor,D:/University/Java/Assignment/src/Week5/CafeTest.java,CafeTest::getCommand,68,43,Default task
2021-10-02T14:05:20.120+09:00,HanSeunghun,Action,EditorUp,Assignment,Editor,D:/University/Java/Assignment/src/Week5/CafeTest.java,CafeTest::getCommand,68,43,Default task
2021-10-02T14:05:20.120+09:00,HanSeunghun,KeyEvent,65535:38:0,Assignment,Editor,D:/University/Java/Assignment/src/Week5/CafeTest.java,CafeTest::getCommand,67,57,Default task
2021-10-02T14:05:20.216+09:00,HanSeunghun,KeyEvent,65535:17:2,Assignment,Editor,D:/University/Java/Assignment/src/Week5/CafeTest.java,CafeTest::getCommand,67,57,Default task
2021-10-02T14:05:20.359+09:00,HanSeunghun,Action,SaveAll,Assignment,Editor,D:/University/Java/Assignment/src/Week5/CafeTest.java,CafeTest::getCommand,67,57,Default task
2021-10-02T14:05:20.368+09:00,HanSeunghun,KeyEvent,19:83:2,Assignment,Editor,D:/University/Java/Assignment/src/Week5/CafeTest.java,CafeTest::getCommand,67,57,Default task
2021-10-02T14:05:22.048+09:00,HanSeunghun,Action,RunClass,Assignment,Editor,D:/University/Java/Assignment/src/Week5/CafeTest.java,CafeTest::getCommand,68,43,Default task
2021-10-02T14:05:27.729+09:00,HanSeunghun,Action,Stop,Assignment,Editor,D:/University/Java/Assignment/src/Week5/CafeTest.java,CafeTest::CreateBeverage,78,5,Default task
2021-10-02T14:05:30.752+09:00,HanSeunghun,Action,EditorBackSpace,Assignment,Editor,D:/University/Java/Assignment/src/Week5/CafeTest.java,CafeTest::getCommand,67,30,Default task
2021-10-02T14:05:30.754+09:00,HanSeunghun,KeyEvent,8:8:0,Assignment,Editor,D:/University/Java/Assignment/src/Week5/CafeTest.java,CafeTest::getCommand,67,23,Default task
2021-10-02T14:05:30.904+09:00,HanSeunghun,Action,EditorBackSpace,Assignment,Editor,D:/University/Java/Assignment/src/Week5/CafeTest.java,CafeTest::getCommand,67,23,Default task
2021-10-02T14:05:30.905+09:00,HanSeunghun,KeyEvent,8:8:0,Assignment,Editor,D:/University/Java/Assignment/src/Week5/CafeTest.java,CafeTest::getCommand,67,22,Default task
2021-10-02T14:05:31.152+09:00,HanSeunghun,KeyEvent,46:46:0,Assignment,Editor,D:/University/Java/Assignment/src/Week5/CafeTest.java,CafeTest::getCommand,67,22,Default task
2021-10-02T14:05:31.375+09:00,HanSeunghun,KeyEvent,112:80:0,Assignment,Editor,D:/University/Java/Assignment/src/Week5/CafeTest.java,CafeTest::getCommand,67,23,Default task
2021-10-02T14:05:31.503+09:00,HanSeunghun,KeyEvent,114:82:0,Assignment,Editor,D:/University/Java/Assignment/src/Week5/CafeTest.java,CafeTest::getCommand,67,24,Default task
2021-10-02T14:05:31.575+09:00,HanSeunghun,KeyEvent,105:73:0,Assignment,Editor,D:/University/Java/Assignment/src/Week5/CafeTest.java,CafeTest::getCommand,67,25,Default task
2021-10-02T14:05:31.777+09:00,HanSeunghun,KeyEvent,110:78:0,Assignment,Editor,D:/University/Java/Assignment/src/Week5/CafeTest.java,CafeTest::getCommand,67,26,Default task
2021-10-02T14:05:31.927+09:00,HanSeunghun,KeyEvent,116:84:0,Assignment,Editor,D:/University/Java/Assignment/src/Week5/CafeTest.java,CafeTest::getCommand,67,27,Default task
2021-10-02T14:05:32.767+09:00,HanSeunghun,Action,EditorEscape,Assignment,Editor,D:/University/Java/Assignment/src/Week5/CafeTest.java,CafeTest::getCommand,67,28,Default task
2021-10-02T14:05:32.770+09:00,HanSeunghun,KeyEvent,27:27:0,Assignment,Editor,D:/University/Java/Assignment/src/Week5/CafeTest.java,CafeTest::getCommand,67,28,Default task
2021-10-02T14:05:33.159+09:00,HanSeunghun,Action,EditorLineEnd,Assignment,Editor,D:/University/Java/Assignment/src/Week5/CafeTest.java,CafeTest::getCommand,67,28,Default task
2021-10-02T14:05:33.160+09:00,HanSeunghun,KeyEvent,65535:35:0,Assignment,Editor,D:/University/Java/Assignment/src/Week5/CafeTest.java,CafeTest::getCommand,67,55,Default task
2021-10-02T14:05:33.439+09:00,HanSeunghun,KeyEvent,65535:17:2,Assignment,Editor,D:/University/Java/Assignment/src/Week5/CafeTest.java,CafeTest::getCommand,67,55,Default task
2021-10-02T14:05:33.599+09:00,HanSeunghun,Action,SaveAll,Assignment,Editor,D:/University/Java/Assignment/src/Week5/CafeTest.java,CafeTest::getCommand,67,55,Default task
2021-10-02T14:05:33.608+09:00,HanSeunghun,KeyEvent,19:83:2,Assignment,Editor,D:/University/Java/Assignment/src/Week5/CafeTest.java,CafeTest::getCommand,67,55,Default task
2021-10-02T14:05:35.196+09:00,HanSeunghun,Action,RunClass,Assignment,Editor,D:/University/Java/Assignment/src/Week5/CafeTest.java,CafeTest::getCommand,72,9,Default task
2021-10-02T14:05:37.863+09:00,HanSeunghun,KeyEvent,97:65:0,Assignment,Editor,D:/University/Java/Assignment/src/Week5/CafeTest.java,CafeTest::getCommand,72,9,Default task
2021-10-02T14:05:38.143+09:00,HanSeunghun,KeyEvent,100:68:0,Assignment,Editor,D:/University/Java/Assignment/src/Week5/CafeTest.java,CafeTest::getCommand,72,9,Default task
2021-10-02T14:05:38.311+09:00,HanSeunghun,KeyEvent,100:68:0,Assignment,Editor,D:/University/Java/Assignment/src/Week5/CafeTest.java,CafeTest::getCommand,72,9,Default task
2021-10-02T14:05:38.799+09:00,HanSeunghun,KeyEvent,32:32:0,Assignment,Editor,D:/University/Java/Assignment/src/Week5/CafeTest.java,CafeTest::getCommand,72,9,Default task
2021-10-02T14:05:39.337+09:00,HanSeunghun,KeyEvent,97:65:0,Assignment,Editor,D:/University/Java/Assignment/src/Week5/CafeTest.java,CafeTest::getCommand,72,9,Default task
2021-10-02T14:05:39.599+09:00,HanSeunghun,KeyEvent,109:77:0,Assignment,Editor,D:/University/Java/Assignment/src/Week5/CafeTest.java,CafeTest::getCommand,72,9,Default task
2021-10-02T14:05:39.695+09:00,HanSeunghun,KeyEvent,101:69:0,Assignment,Editor,D:/University/Java/Assignment/src/Week5/CafeTest.java,CafeTest::getCommand,72,9,Default task
2021-10-02T14:05:39.831+09:00,HanSeunghun,KeyEvent,114:82:0,Assignment,Editor,D:/University/Java/Assignment/src/Week5/CafeTest.java,CafeTest::getCommand,72,9,Default task
2021-10-02T14:05:40.625+09:00,HanSeunghun,KeyEvent,105:73:0,Assignment,Editor,D:/University/Java/Assignment/src/Week5/CafeTest.java,CafeTest::getCommand,72,9,Default task
2021-10-02T14:05:40.798+09:00,HanSeunghun,KeyEvent,99:67:0,Assignment,Editor,D:/University/Java/Assignment/src/Week5/CafeTest.java,CafeTest::getCommand,72,9,Default task
2021-10-02T14:05:40.959+09:00,HanSeunghun,KeyEvent,97:65:0,Assignment,Editor,D:/University/Java/Assignment/src/Week5/CafeTest.java,CafeTest::getCommand,72,9,Default task
2021-10-02T14:05:41.601+09:00,HanSeunghun,KeyEvent,110:78:0,Assignment,Editor,D:/University/Java/Assignment/src/Week5/CafeTest.java,CafeTest::getCommand,72,9,Default task
2021-10-02T14:05:41.864+09:00,HanSeunghun,KeyEvent,111:79:0,Assignment,Editor,D:/University/Java/Assignment/src/Week5/CafeTest.java,CafeTest::getCommand,72,9,Default task
2021-10-02T14:05:42.312+09:00,HanSeunghun,KeyEvent,32:32:0,Assignment,Editor,D:/University/Java/Assignment/src/Week5/CafeTest.java,CafeTest::getCommand,72,9,Default task
2021-10-02T14:05:42.567+09:00,HanSeunghun,KeyEvent,104:72:0,Assignment,Editor,D:/University/Java/Assignment/src/Week5/CafeTest.java,CafeTest::getCommand,72,9,Default task
2021-10-02T14:05:43.636+09:00,HanSeunghun,KeyEvent,8:8:0,Assignment,Editor,D:/University/Java/Assignment/src/Week5/CafeTest.java,CafeTest::getCommand,72,9,Default task
2021-10-02T14:05:44.133+09:00,HanSeunghun,KeyEvent,8:8:0,Assignment,Editor,D:/University/Java/Assignment/src/Week5/CafeTest.java,CafeTest::getCommand,72,9,Default task
2021-10-02T14:05:44.167+09:00,HanSeunghun,KeyEvent,8:8:0,Assignment,Editor,D:/University/Java/Assignment/src/Week5/CafeTest.java,CafeTest::getCommand,72,9,Default task
2021-10-02T14:05:44.199+09:00,HanSeunghun,KeyEvent,8:8:0,Assignment,Editor,D:/University/Java/Assignment/src/Week5/CafeTest.java,CafeTest::getCommand,72,9,Default task
2021-10-02T14:05:44.232+09:00,HanSeunghun,KeyEvent,8:8:0,Assignment,Editor,D:/University/Java/Assignment/src/Week5/CafeTest.java,CafeTest::getCommand,72,9,Default task
2021-10-02T14:05:44.265+09:00,HanSeunghun,KeyEvent,8:8:0,Assignment,Editor,D:/University/Java/Assignment/src/Week5/CafeTest.java,CafeTest::getCommand,72,9,Default task
2021-10-02T14:05:44.298+09:00,HanSeunghun,KeyEvent,8:8:0,Assignment,Editor,D:/University/Java/Assignment/src/Week5/CafeTest.java,CafeTest::getCommand,72,9,Default task
2021-10-02T14:05:44.331+09:00,HanSeunghun,KeyEvent,8:8:0,Assignment,Editor,D:/University/Java/Assignment/src/Week5/CafeTest.java,CafeTest::getCommand,72,9,Default task
2021-10-02T14:05:44.496+09:00,HanSeunghun,KeyEvent,8:8:0,Assignment,Editor,D:/University/Java/Assignment/src/Week5/CafeTest.java,CafeTest::getCommand,72,9,Default task
2021-10-02T14:05:44.680+09:00,HanSeunghun,KeyEvent,8:8:0,Assignment,Editor,D:/University/Java/Assignment/src/Week5/CafeTest.java,CafeTest::getCommand,72,9,Default task
2021-10-02T14:05:44.824+09:00,HanSeunghun,KeyEvent,8:8:0,Assignment,Editor,D:/University/Java/Assignment/src/Week5/CafeTest.java,CafeTest::getCommand,72,9,Default task
2021-10-02T14:05:44.920+09:00,HanSeunghun,KeyEvent,65535:20:0,Assignment,Editor,D:/University/Java/Assignment/src/Week5/CafeTest.java,CafeTest::getCommand,72,9,Default task
2021-10-02T14:05:45.032+09:00,HanSeunghun,KeyEvent,65:65:0,Assignment,Editor,D:/University/Java/Assignment/src/Week5/CafeTest.java,CafeTest::getCommand,72,9,Default task
2021-10-02T14:05:45.168+09:00,HanSeunghun,KeyEvent,65535:20:0,Assignment,Editor,D:/University/Java/Assignment/src/Week5/CafeTest.java,CafeTest::getCommand,72,9,Default task
2021-10-02T14:05:45.303+09:00,HanSeunghun,KeyEvent,109:77:0,Assignment,Editor,D:/University/Java/Assignment/src/Week5/CafeTest.java,CafeTest::getCommand,72,9,Default task
2021-10-02T14:05:45.383+09:00,HanSeunghun,KeyEvent,101:69:0,Assignment,Editor,D:/University/Java/Assignment/src/Week5/CafeTest.java,CafeTest::getCommand,72,9,Default task
2021-10-02T14:05:45.511+09:00,HanSeunghun,KeyEvent,114:82:0,Assignment,Editor,D:/University/Java/Assignment/src/Week5/CafeTest.java,CafeTest::getCommand,72,9,Default task
2021-10-02T14:05:45.776+09:00,HanSeunghun,KeyEvent,105:73:0,Assignment,Editor,D:/University/Java/Assignment/src/Week5/CafeTest.java,CafeTest::getCommand,72,9,Default task
2021-10-02T14:05:46.008+09:00,HanSeunghun,KeyEvent,99:67:0,Assignment,Editor,D:/University/Java/Assignment/src/Week5/CafeTest.java,CafeTest::getCommand,72,9,Default task
2021-10-02T14:05:46.112+09:00,HanSeunghun,KeyEvent,97:65:0,Assignment,Editor,D:/University/Java/Assignment/src/Week5/CafeTest.java,CafeTest::getCommand,72,9,Default task
2021-10-02T14:05:46.415+09:00,HanSeunghun,KeyEvent,110:78:0,Assignment,Editor,D:/University/Java/Assignment/src/Week5/CafeTest.java,CafeTest::getCommand,72,9,Default task
2021-10-02T14:05:46.527+09:00,HanSeunghun,KeyEvent,111:79:0,Assignment,Editor,D:/University/Java/Assignment/src/Week5/CafeTest.java,CafeTest::getCommand,72,9,Default task
2021-10-02T14:05:47.168+09:00,HanSeunghun,KeyEvent,32:32:0,Assignment,Editor,D:/University/Java/Assignment/src/Week5/CafeTest.java,CafeTest::getCommand,72,9,Default task
2021-10-02T14:05:47.319+09:00,HanSeunghun,KeyEvent,65535:20:0,Assignment,Editor,D:/University/Java/Assignment/src/Week5/CafeTest.java,CafeTest::getCommand,72,9,Default task
2021-10-02T14:05:47.439+09:00,HanSeunghun,KeyEvent,72:72:0,Assignment,Editor,D:/University/Java/Assignment/src/Week5/CafeTest.java,CafeTest::getCommand,72,9,Default task
2021-10-02T14:05:47.528+09:00,HanSeunghun,KeyEvent,65535:20:0,Assignment,Editor,D:/University/Java/Assignment/src/Week5/CafeTest.java,CafeTest::getCommand,72,9,Default task
2021-10-02T14:05:47.615+09:00,HanSeunghun,KeyEvent,111:79:0,Assignment,Editor,D:/University/Java/Assignment/src/Week5/CafeTest.java,CafeTest::getCommand,72,9,Default task
2021-10-02T14:05:47.735+09:00,HanSeunghun,KeyEvent,116:84:0,Assignment,Editor,D:/University/Java/Assignment/src/Week5/CafeTest.java,CafeTest::getCommand,72,9,Default task
2021-10-02T14:05:48.018+09:00,HanSeunghun,KeyEvent,10:10:0,Assignment,Editor,D:/University/Java/Assignment/src/Week5/CafeTest.java,CafeTest::getCommand,72,9,Default task
2021-10-02T14:05:49.727+09:00,HanSeunghun,KeyEvent,97:65:0,Assignment,Editor,D:/University/Java/Assignment/src/Week5/CafeTest.java,CafeTest::getCommand,72,9,Default task
2021-10-02T14:05:49.935+09:00,HanSeunghun,KeyEvent,100:68:0,Assignment,Editor,D:/University/Java/Assignment/src/Week5/CafeTest.java,CafeTest::getCommand,72,9,Default task
2021-10-02T14:05:50.105+09:00,HanSeunghun,KeyEvent,100:68:0,Assignment,Editor,D:/University/Java/Assignment/src/Week5/CafeTest.java,CafeTest::getCommand,72,9,Default task
2021-10-02T14:05:50.200+09:00,HanSeunghun,KeyEvent,32:32:0,Assignment,Editor,D:/University/Java/Assignment/src/Week5/CafeTest.java,CafeTest::getCommand,72,9,Default task
2021-10-02T14:05:50.289+09:00,HanSeunghun,KeyEvent,65535:20:0,Assignment,Editor,D:/University/Java/Assignment/src/Week5/CafeTest.java,CafeTest::getCommand,72,9,Default task
2021-10-02T14:05:50.375+09:00,HanSeunghun,KeyEvent,69:69:0,Assignment,Editor,D:/University/Java/Assignment/src/Week5/CafeTest.java,CafeTest::getCommand,72,9,Default task
2021-10-02T14:05:50.512+09:00,HanSeunghun,KeyEvent,65535:20:0,Assignment,Editor,D:/University/Java/Assignment/src/Week5/CafeTest.java,CafeTest::getCommand,72,9,Default task
2021-10-02T14:05:50.664+09:00,HanSeunghun,KeyEvent,115:83:0,Assignment,Editor,D:/University/Java/Assignment/src/Week5/CafeTest.java,CafeTest::getCommand,72,9,Default task
2021-10-02T14:05:51.720+09:00,HanSeunghun,KeyEvent,112:80:0,Assignment,Editor,D:/University/Java/Assignment/src/Week5/CafeTest.java,CafeTest::getCommand,72,9,Default task
2021-10-02T14:05:52.008+09:00,HanSeunghun,KeyEvent,114:82:0,Assignment,Editor,D:/University/Java/Assignment/src/Week5/CafeTest.java,CafeTest::getCommand,72,9,Default task
2021-10-02T14:05:52.207+09:00,HanSeunghun,KeyEvent,101:69:0,Assignment,Editor,D:/University/Java/Assignment/src/Week5/CafeTest.java,CafeTest::getCommand,72,9,Default task
2021-10-02T14:05:52.519+09:00,HanSeunghun,KeyEvent,115:83:0,Assignment,Editor,D:/University/Java/Assignment/src/Week5/CafeTest.java,CafeTest::getCommand,72,9,Default task
2021-10-02T14:05:52.728+09:00,HanSeunghun,KeyEvent,115:83:0,Assignment,Editor,D:/University/Java/Assignment/src/Week5/CafeTest.java,CafeTest::getCommand,72,9,Default task
2021-10-02T14:05:53.175+09:00,HanSeunghun,KeyEvent,111:79:0,Assignment,Editor,D:/University/Java/Assignment/src/Week5/CafeTest.java,CafeTest::getCommand,72,9,Default task
2021-10-02T14:05:53.441+09:00,HanSeunghun,KeyEvent,32:32:0,Assignment,Editor,D:/University/Java/Assignment/src/Week5/CafeTest.java,CafeTest::getCommand,72,9,Default task
2021-10-02T14:05:53.609+09:00,HanSeunghun,KeyEvent,65535:20:0,Assignment,Editor,D:/University/Java/Assignment/src/Week5/CafeTest.java,CafeTest::getCommand,72,9,Default task
2021-10-02T14:05:53.808+09:00,HanSeunghun,KeyEvent,69:69:0,Assignment,Editor,D:/University/Java/Assignment/src/Week5/CafeTest.java,CafeTest::getCommand,72,9,Default task
2021-10-02T14:05:54.224+09:00,HanSeunghun,KeyEvent,83:83:0,Assignment,Editor,D:/University/Java/Assignment/src/Week5/CafeTest.java,CafeTest::getCommand,72,9,Default task
2021-10-02T14:05:54.803+09:00,HanSeunghun,KeyEvent,80:80:0,Assignment,Editor,D:/University/Java/Assignment/src/Week5/CafeTest.java,CafeTest::getCommand,72,9,Default task
2021-10-02T14:05:55.263+09:00,HanSeunghun,KeyEvent,82:82:0,Assignment,Editor,D:/University/Java/Assignment/src/Week5/CafeTest.java,CafeTest::getCommand,72,9,Default task
2021-10-02T14:05:55.665+09:00,HanSeunghun,KeyEvent,69:69:0,Assignment,Editor,D:/University/Java/Assignment/src/Week5/CafeTest.java,CafeTest::getCommand,72,9,Default task
2021-10-02T14:05:55.919+09:00,HanSeunghun,KeyEvent,83:83:0,Assignment,Editor,D:/University/Java/Assignment/src/Week5/CafeTest.java,CafeTest::getCommand,72,9,Default task
2021-10-02T14:05:56.071+09:00,HanSeunghun,KeyEvent,83:83:0,Assignment,Editor,D:/University/Java/Assignment/src/Week5/CafeTest.java,CafeTest::getCommand,72,9,Default task
2021-10-02T14:05:56.208+09:00,HanSeunghun,KeyEvent,79:79:0,Assignment,Editor,D:/University/Java/Assignment/src/Week5/CafeTest.java,CafeTest::getCommand,72,9,Default task
2021-10-02T14:05:56.383+09:00,HanSeunghun,KeyEvent,65535:20:0,Assignment,Editor,D:/University/Java/Assignment/src/Week5/CafeTest.java,CafeTest::getCommand,72,9,Default task
2021-10-02T14:05:56.705+09:00,HanSeunghun,KeyEvent,10:10:0,Assignment,Editor,D:/University/Java/Assignment/src/Week5/CafeTest.java,CafeTest::getCommand,72,9,Default task
2021-10-02T14:05:58.007+09:00,HanSeunghun,KeyEvent,97:65:0,Assignment,Editor,D:/University/Java/Assignment/src/Week5/CafeTest.java,CafeTest::getCommand,72,9,Default task
2021-10-02T14:05:58.207+09:00,HanSeunghun,KeyEvent,100:68:0,Assignment,Editor,D:/University/Java/Assignment/src/Week5/CafeTest.java,CafeTest::getCommand,72,9,Default task
2021-10-02T14:05:58.383+09:00,HanSeunghun,KeyEvent,100:68:0,Assignment,Editor,D:/University/Java/Assignment/src/Week5/CafeTest.java,CafeTest::getCommand,72,9,Default task
2021-10-02T14:05:58.480+09:00,HanSeunghun,KeyEvent,32:32:0,Assignment,Editor,D:/University/Java/Assignment/src/Week5/CafeTest.java,CafeTest::getCommand,72,9,Default task
2021-10-02T14:05:58.687+09:00,HanSeunghun,KeyEvent,65535:20:0,Assignment,Editor,D:/University/Java/Assignment/src/Week5/CafeTest.java,CafeTest::getCommand,72,9,Default task
2021-10-02T14:05:58.783+09:00,HanSeunghun,KeyEvent,70:70:0,Assignment,Editor,D:/University/Java/Assignment/src/Week5/CafeTest.java,CafeTest::getCommand,72,9,Default task
2021-10-02T14:05:58.896+09:00,HanSeunghun,KeyEvent,65535:20:0,Assignment,Editor,D:/University/Java/Assignment/src/Week5/CafeTest.java,CafeTest::getCommand,72,9,Default task
2021-10-02T14:05:59.072+09:00,HanSeunghun,KeyEvent,108:76:0,Assignment,Editor,D:/University/Java/Assignment/src/Week5/CafeTest.java,CafeTest::getCommand,72,9,Default task
2021-10-02T14:05:59.215+09:00,HanSeunghun,KeyEvent,97:65:0,Assignment,Editor,D:/University/Java/Assignment/src/Week5/CafeTest.java,CafeTest::getCommand,72,9,Default task
2021-10-02T14:05:59.472+09:00,HanSeunghun,KeyEvent,116:84:0,Assignment,Editor,D:/University/Java/Assignment/src/Week5/CafeTest.java,CafeTest::getCommand,72,9,Default task
2021-10-02T14:06:00.880+09:00,HanSeunghun,KeyEvent,65535:20:0,Assignment,Editor,D:/University/Java/Assignment/src/Week5/CafeTest.java,CafeTest::getCommand,72,9,Default task
2021-10-02T14:06:00.975+09:00,HanSeunghun,KeyEvent,87:87:0,Assignment,Editor,D:/University/Java/Assignment/src/Week5/CafeTest.java,CafeTest::getCommand,72,9,Default task
2021-10-02T14:06:01.096+09:00,HanSeunghun,KeyEvent,65535:20:0,Assignment,Editor,D:/University/Java/Assignment/src/Week5/CafeTest.java,CafeTest::getCommand,72,9,Default task
2021-10-02T14:06:01.207+09:00,HanSeunghun,KeyEvent,104:72:0,Assignment,Editor,D:/University/Java/Assignment/src/Week5/CafeTest.java,CafeTest::getCommand,72,9,Default task
2021-10-02T14:06:01.383+09:00,HanSeunghun,KeyEvent,105:73:0,Assignment,Editor,D:/University/Java/Assignment/src/Week5/CafeTest.java,CafeTest::getCommand,72,9,Default task
2021-10-02T14:06:01.615+09:00,HanSeunghun,KeyEvent,116:84:0,Assignment,Editor,D:/University/Java/Assignment/src/Week5/CafeTest.java,CafeTest::getCommand,72,9,Default task
2021-10-02T14:06:02.000+09:00,HanSeunghun,KeyEvent,101:69:0,Assignment,Editor,D:/University/Java/Assignment/src/Week5/CafeTest.java,CafeTest::getCommand,72,9,Default task
2021-10-02T14:06:02.168+09:00,HanSeunghun,KeyEvent,32:32:0,Assignment,Editor,D:/University/Java/Assignment/src/Week5/CafeTest.java,CafeTest::getCommand,72,9,Default task
2021-10-02T14:06:02.304+09:00,HanSeunghun,KeyEvent,65535:20:0,Assignment,Editor,D:/University/Java/Assignment/src/Week5/CafeTest.java,CafeTest::getCommand,72,9,Default task
2021-10-02T14:06:02.384+09:00,HanSeunghun,KeyEvent,70:70:0,Assignment,Editor,D:/University/Java/Assignment/src/Week5/CafeTest.java,CafeTest::getCommand,72,9,Default task
2021-10-02T14:06:02.983+09:00,HanSeunghun,KeyEvent,76:76:0,Assignment,Editor,D:/University/Java/Assignment/src/Week5/CafeTest.java,CafeTest::getCommand,72,9,Default task
2021-10-02T14:06:03.863+09:00,HanSeunghun,KeyEvent,65:65:0,Assignment,Editor,D:/University/Java/Assignment/src/Week5/CafeTest.java,CafeTest::getCommand,72,9,Default task
2021-10-02T14:06:04.239+09:00,HanSeunghun,KeyEvent,84:84:0,Assignment,Editor,D:/University/Java/Assignment/src/Week5/CafeTest.java,CafeTest::getCommand,72,9,Default task
2021-10-02T14:06:04.569+09:00,HanSeunghun,KeyEvent,10:10:0,Assignment,Editor,D:/University/Java/Assignment/src/Week5/CafeTest.java,CafeTest::getCommand,72,9,Default task
2021-10-02T14:06:05.184+09:00,HanSeunghun,KeyEvent,76:76:0,Assignment,Editor,D:/University/Java/Assignment/src/Week5/CafeTest.java,CafeTest::getCommand,72,9,Default task
2021-10-02T14:06:05.752+09:00,HanSeunghun,KeyEvent,65535:20:0,Assignment,Editor,D:/University/Java/Assignment/src/Week5/CafeTest.java,CafeTest::getCommand,72,9,Default task
2021-10-02T14:06:05.975+09:00,HanSeunghun,KeyEvent,105:73:0,Assignment,Editor,D:/University/Java/Assignment/src/Week5/CafeTest.java,CafeTest::getCommand,72,9,Default task
2021-10-02T14:06:06.359+09:00,HanSeunghun,KeyEvent,115:83:0,Assignment,Editor,D:/University/Java/Assignment/src/Week5/CafeTest.java,CafeTest::getCommand,72,9,Default task
2021-10-02T14:06:06.744+09:00,HanSeunghun,KeyEvent,116:84:0,Assignment,Editor,D:/University/Java/Assignment/src/Week5/CafeTest.java,CafeTest::getCommand,72,9,Default task
2021-10-02T14:06:08.049+09:00,HanSeunghun,KeyEvent,10:10:0,Assignment,Editor,D:/University/Java/Assignment/src/Week5/CafeTest.java,CafeTest::getCommand,72,9,Default task
2021-10-02T14:06:19.911+09:00,HanSeunghun,KeyEvent,102:70:0,Assignment,Editor,D:/University/Java/Assignment/src/Week5/CafeTest.java,CafeTest::getCommand,72,9,Default task
2021-10-02T14:06:20.111+09:00,HanSeunghun,KeyEvent,105:73:0,Assignment,Editor,D:/University/Java/Assignment/src/Week5/CafeTest.java,CafeTest::getCommand,72,9,Default task
2021-10-02T14:06:20.303+09:00,HanSeunghun,KeyEvent,110:78:0,Assignment,Editor,D:/University/Java/Assignment/src/Week5/CafeTest.java,CafeTest::getCommand,72,9,Default task
2021-10-02T14:06:20.376+09:00,HanSeunghun,KeyEvent,100:68:0,Assignment,Editor,D:/University/Java/Assignment/src/Week5/CafeTest.java,CafeTest::getCommand,72,9,Default task
2021-10-02T14:06:20.799+09:00,HanSeunghun,KeyEvent,32:32:0,Assignment,Editor,D:/University/Java/Assignment/src/Week5/CafeTest.java,CafeTest::getCommand,72,9,Default task
2021-10-02T14:06:20.984+09:00,HanSeunghun,KeyEvent,65535:20:0,Assignment,Editor,D:/University/Java/Assignment/src/Week5/CafeTest.java,CafeTest::getCommand,72,9,Default task
2021-10-02T14:06:21.119+09:00,HanSeunghun,KeyEvent,65:65:0,Assignment,Editor,D:/University/Java/Assignment/src/Week5/CafeTest.java,CafeTest::getCommand,72,9,Default task
2021-10-02T14:06:21.271+09:00,HanSeunghun,KeyEvent,65535:20:0,Assignment,Editor,D:/University/Java/Assignment/src/Week5/CafeTest.java,CafeTest::getCommand,72,9,Default task
2021-10-02T14:06:21.511+09:00,HanSeunghun,KeyEvent,109:77:0,Assignment,Editor,D:/University/Java/Assignment/src/Week5/CafeTest.java,CafeTest::getCommand,72,9,Default task
2021-10-02T14:06:21.607+09:00,HanSeunghun,KeyEvent,101:69:0,Assignment,Editor,D:/University/Java/Assignment/src/Week5/CafeTest.java,CafeTest::getCommand,72,9,Default task
2021-10-02T14:06:21.840+09:00,HanSeunghun,KeyEvent,114:82:0,Assignment,Editor,D:/University/Java/Assignment/src/Week5/CafeTest.java,CafeTest::getCommand,72,9,Default task
2021-10-02T14:06:22.186+09:00,HanSeunghun,KeyEvent,105:73:0,Assignment,Editor,D:/University/Java/Assignment/src/Week5/CafeTest.java,CafeTest::getCommand,72,9,Default task
2021-10-02T14:06:22.335+09:00,HanSeunghun,KeyEvent,99:67:0,Assignment,Editor,D:/University/Java/Assignment/src/Week5/CafeTest.java,CafeTest::getCommand,72,9,Default task
2021-10-02T14:06:22.479+09:00,HanSeunghun,KeyEvent,97:65:0,Assignment,Editor,D:/University/Java/Assignment/src/Week5/CafeTest.java,CafeTest::getCommand,72,9,Default task
2021-10-02T14:06:22.800+09:00,HanSeunghun,KeyEvent,110:78:0,Assignment,Editor,D:/University/Java/Assignment/src/Week5/CafeTest.java,CafeTest::getCommand,72,9,Default task
2021-10-02T14:06:22.919+09:00,HanSeunghun,KeyEvent,111:79:0,Assignment,Editor,D:/University/Java/Assignment/src/Week5/CafeTest.java,CafeTest::getCommand,72,9,Default task
2021-10-02T14:06:23.313+09:00,HanSeunghun,KeyEvent,32:32:0,Assignment,Editor,D:/University/Java/Assignment/src/Week5/CafeTest.java,CafeTest::getCommand,72,9,Default task
2021-10-02T14:06:23.416+09:00,HanSeunghun,KeyEvent,65535:20:0,Assignment,Editor,D:/University/Java/Assignment/src/Week5/CafeTest.java,CafeTest::getCommand,72,9,Default task
2021-10-02T14:06:23.553+09:00,HanSeunghun,KeyEvent,72:72:0,Assignment,Editor,D:/University/Java/Assignment/src/Week5/CafeTest.java,CafeTest::getCommand,72,9,Default task
2021-10-02T14:06:23.736+09:00,HanSeunghun,KeyEvent,79:79:0,Assignment,Editor,D:/University/Java/Assignment/src/Week5/CafeTest.java,CafeTest::getCommand,72,9,Default task
2021-10-02T14:06:23.879+09:00,HanSeunghun,KeyEvent,84:84:0,Assignment,Editor,D:/University/Java/Assignment/src/Week5/CafeTest.java,CafeTest::getCommand,72,9,Default task
2021-10-02T14:06:24.207+09:00,HanSeunghun,KeyEvent,65535:20:0,Assignment,Editor,D:/University/Java/Assignment/src/Week5/CafeTest.java,CafeTest::getCommand,72,9,Default task
2021-10-02T14:06:25.577+09:00,HanSeunghun,KeyEvent,10:10:0,Assignment,Editor,D:/University/Java/Assignment/src/Week5/CafeTest.java,CafeTest::getCommand,72,9,Default task
2021-10-02T14:06:40.488+09:00,HanSeunghun,Action,EditorUp,Assignment,Editor,D:/University/Java/Assignment/src/Week5/CafeTest.java,CafeTest::getCommand,72,9,Default task
2021-10-02T14:06:40.488+09:00,HanSeunghun,KeyEvent,65535:38:0,Assignment,Editor,D:/University/Java/Assignment/src/Week5/CafeTest.java,CafeTest::getCommand,72,9,Default task
2021-10-02T14:06:40.952+09:00,HanSeunghun,Action,EditorDown,Assignment,Editor,D:/University/Java/Assignment/src/Week5/CafeTest.java,CafeTest::getCommand,72,9,Default task
2021-10-02T14:06:40.953+09:00,HanSeunghun,KeyEvent,65535:40:0,Assignment,Editor,D:/University/Java/Assignment/src/Week5/CafeTest.java,CafeTest::getCommand,72,9,Default task
2021-10-02T14:06:52.647+09:00,HanSeunghun,KeyEvent,99:67:0,Assignment,Editor,D:/University/Java/Assignment/src/Week5/CafeTest.java,CafeTest::getCommand,72,9,Default task
2021-10-02T14:06:52.791+09:00,HanSeunghun,KeyEvent,108:76:0,Assignment,Editor,D:/University/Java/Assignment/src/Week5/CafeTest.java,CafeTest::getCommand,72,9,Default task
2021-10-02T14:06:52.894+09:00,HanSeunghun,KeyEvent,101:69:0,Assignment,Editor,D:/University/Java/Assignment/src/Week5/CafeTest.java,CafeTest::getCommand,72,9,Default task
2021-10-02T14:06:53.047+09:00,HanSeunghun,KeyEvent,97:65:0,Assignment,Editor,D:/University/Java/Assignment/src/Week5/CafeTest.java,CafeTest::getCommand,72,9,Default task
2021-10-02T14:06:53.167+09:00,HanSeunghun,KeyEvent,114:82:0,Assignment,Editor,D:/University/Java/Assignment/src/Week5/CafeTest.java,CafeTest::getCommand,72,9,Default task
2021-10-02T14:06:53.304+09:00,HanSeunghun,KeyEvent,10:10:0,Assignment,Editor,D:/University/Java/Assignment/src/Week5/CafeTest.java,CafeTest::getCommand,72,9,Default task
2021-10-02T14:06:55.096+09:00,HanSeunghun,KeyEvent,97:65:0,Assignment,Editor,D:/University/Java/Assignment/src/Week5/CafeTest.java,CafeTest::getCommand,72,9,Default task
2021-10-02T14:06:55.295+09:00,HanSeunghun,KeyEvent,100:68:0,Assignment,Editor,D:/University/Java/Assignment/src/Week5/CafeTest.java,CafeTest::getCommand,72,9,Default task
2021-10-02T14:06:55.494+09:00,HanSeunghun,KeyEvent,100:68:0,Assignment,Editor,D:/University/Java/Assignment/src/Week5/CafeTest.java,CafeTest::getCommand,72,9,Default task
2021-10-02T14:06:55.625+09:00,HanSeunghun,KeyEvent,32:32:0,Assignment,Editor,D:/University/Java/Assignment/src/Week5/CafeTest.java,CafeTest::getCommand,72,9,Default task
2021-10-02T14:06:56.323+09:00,HanSeunghun,KeyEvent,65535:20:0,Assignment,Editor,D:/University/Java/Assignment/src/Week5/CafeTest.java,CafeTest::getCommand,72,9,Default task
2021-10-02T14:06:56.448+09:00,HanSeunghun,KeyEvent,68:68:0,Assignment,Editor,D:/University/Java/Assignment/src/Week5/CafeTest.java,CafeTest::getCommand,72,9,Default task
2021-10-02T14:06:56.528+09:00,HanSeunghun,KeyEvent,65535:20:0,Assignment,Editor,D:/University/Java/Assignment/src/Week5/CafeTest.java,CafeTest::getCommand,72,9,Default task
2021-10-02T14:06:56.695+09:00,HanSeunghun,KeyEvent,111:79:0,Assignment,Editor,D:/University/Java/Assignment/src/Week5/CafeTest.java,CafeTest::getCommand,72,9,Default task
2021-10-02T14:06:56.967+09:00,HanSeunghun,KeyEvent,108:76:0,Assignment,Editor,D:/University/Java/Assignment/src/Week5/CafeTest.java,CafeTest::getCommand,72,9,Default task
2021-10-02T14:06:57.479+09:00,HanSeunghun,KeyEvent,32:32:0,Assignment,Editor,D:/University/Java/Assignment/src/Week5/CafeTest.java,CafeTest::getCommand,72,9,Default task
2021-10-02T14:06:57.793+09:00,HanSeunghun,KeyEvent,65535:20:0,Assignment,Editor,D:/University/Java/Assignment/src/Week5/CafeTest.java,CafeTest::getCommand,72,9,Default task
2021-10-02T14:06:57.911+09:00,HanSeunghun,KeyEvent,76:76:0,Assignment,Editor,D:/University/Java/Assignment/src/Week5/CafeTest.java,CafeTest::getCommand,72,9,Default task
2021-10-02T14:06:58.040+09:00,HanSeunghun,KeyEvent,65:65:0,Assignment,Editor,D:/University/Java/Assignment/src/Week5/CafeTest.java,CafeTest::getCommand,72,9,Default task
2021-10-02T14:06:58.247+09:00,HanSeunghun,KeyEvent,84:84:0,Assignment,Editor,D:/University/Java/Assignment/src/Week5/CafeTest.java,CafeTest::getCommand,72,9,Default task
2021-10-02T14:06:58.376+09:00,HanSeunghun,KeyEvent,84:84:0,Assignment,Editor,D:/University/Java/Assignment/src/Week5/CafeTest.java,CafeTest::getCommand,72,9,Default task
2021-10-02T14:06:58.536+09:00,HanSeunghun,KeyEvent,69:69:0,Assignment,Editor,D:/University/Java/Assignment/src/Week5/CafeTest.java,CafeTest::getCommand,72,9,Default task
2021-10-02T14:06:58.752+09:00,HanSeunghun,KeyEvent,10:10:0,Assignment,Editor,D:/University/Java/Assignment/src/Week5/CafeTest.java,CafeTest::getCommand,72,9,Default task
2021-10-02T14:06:59.995+09:00,HanSeunghun,KeyEvent,65535:20:0,Assignment,Editor,D:/University/Java/Assignment/src/Week5/CafeTest.java,CafeTest::getCommand,72,9,Default task
2021-10-02T14:07:00.231+09:00,HanSeunghun,KeyEvent,108:76:0,Assignment,Editor,D:/University/Java/Assignment/src/Week5/CafeTest.java,CafeTest::getCommand,72,9,Default task
2021-10-02T14:07:00.423+09:00,HanSeunghun,KeyEvent,105:73:0,Assignment,Editor,D:/University/Java/Assignment/src/Week5/CafeTest.java,CafeTest::getCommand,72,9,Default task
2021-10-02T14:07:00.777+09:00,HanSeunghun,KeyEvent,8:8:0,Assignment,Editor,D:/University/Java/Assignment/src/Week5/CafeTest.java,CafeTest::getCommand,72,9,Default task
2021-10-02T14:07:00.944+09:00,HanSeunghun,KeyEvent,8:8:0,Assignment,Editor,D:/University/Java/Assignment/src/Week5/CafeTest.java,CafeTest::getCommand,72,9,Default task
2021-10-02T14:07:01.151+09:00,HanSeunghun,KeyEvent,108:76:0,Assignment,Editor,D:/University/Java/Assignment/src/Week5/CafeTest.java,CafeTest::getCommand,72,9,Default task
2021-10-02T14:07:01.279+09:00,HanSeunghun,KeyEvent,105:73:0,Assignment,Editor,D:/University/Java/Assignment/src/Week5/CafeTest.java,CafeTest::getCommand,72,9,Default task
2021-10-02T14:07:01.352+09:00,HanSeunghun,KeyEvent,115:83:0,Assignment,Editor,D:/University/Java/Assignment/src/Week5/CafeTest.java,CafeTest::getCommand,72,9,Default task
2021-10-02T14:07:01.455+09:00,HanSeunghun,KeyEvent,116:84:0,Assignment,Editor,D:/University/Java/Assignment/src/Week5/CafeTest.java,CafeTest::getCommand,72,9,Default task
2021-10-02T14:07:01.560+09:00,HanSeunghun,KeyEvent,10:10:0,Assignment,Editor,D:/University/Java/Assignment/src/Week5/CafeTest.java,CafeTest::getCommand,72,9,Default task
2021-10-02T14:07:03.951+09:00,HanSeunghun,KeyEvent,113:81:0,Assignment,Editor,D:/University/Java/Assignment/src/Week5/CafeTest.java,CafeTest::getCommand,72,9,Default task
2021-10-02T14:07:04.183+09:00,HanSeunghun,KeyEvent,117:85:0,Assignment,Editor,D:/University/Java/Assignment/src/Week5/CafeTest.java,CafeTest::getCommand,72,9,Default task
2021-10-02T14:07:04.392+09:00,HanSeunghun,KeyEvent,105:73:0,Assignment,Editor,D:/University/Java/Assignment/src/Week5/CafeTest.java,CafeTest::getCommand,72,9,Default task
2021-10-02T14:07:04.519+09:00,HanSeunghun,KeyEvent,116:84:0,Assignment,Editor,D:/University/Java/Assignment/src/Week5/CafeTest.java,CafeTest::getCommand,72,9,Default task
2021-10-02T14:07:04.921+09:00,HanSeunghun,KeyEvent,10:10:0,Assignment,Editor,D:/University/Java/Assignment/src/Week5/CafeTest.java,CafeTest::getCommand,72,9,Default task
2021-10-02T14:07:43.695+09:00,HanSeunghun,KeyEvent,65535:17:2,Assignment,Editor,D:/University/Java/Assignment/src/Week5/Cafe.java,Cafe::findBeverage,22,44,Default task
2021-10-02T14:07:43.784+09:00,HanSeunghun,Action,EditorCopy,Assignment,Editor,D:/University/Java/Assignment/src/Week5/Cafe.java,Cafe::findBeverage,22,44,Default task
2021-10-02T14:07:43.784+09:00,HanSeunghun,KeyEvent,3:67:2,Assignment,Editor,D:/University/Java/Assignment/src/Week5/Cafe.java,Cafe::findBeverage,22,44,Default task
2021-10-02T14:07:44.792+09:00,HanSeunghun,Action,EditorEnter,Assignment,Editor,D:/University/Java/Assignment/src/Week5/Cafe.java,Cafe::findBeverage,23,5,Default task
2021-10-02T14:07:44.794+09:00,HanSeunghun,KeyEvent,10:10:0,Assignment,Editor,D:/University/Java/Assignment/src/Week5/Cafe.java,Cafe::findBeverage,24,8,Default task
2021-10-02T14:07:45.023+09:00,HanSeunghun,KeyEvent,46:46:0,Assignment,Editor,D:/University/Java/Assignment/src/Week5/Cafe.java,Cafe::findBeverage,24,8,Default task
2021-10-02T14:07:45.511+09:00,HanSeunghun,Action,EditorBackSpace,Assignment,Editor,D:/University/Java/Assignment/src/Week5/Cafe.java,Cafe::findBeverage,24,9,Default task
2021-10-02T14:07:45.512+09:00,HanSeunghun,KeyEvent,8:8:0,Assignment,Editor,D:/University/Java/Assignment/src/Week5/Cafe.java,Cafe::findBeverage,24,8,Default task
2021-10-02T14:07:45.600+09:00,HanSeunghun,KeyEvent,65535:17:2,Assignment,Editor,D:/University/Java/Assignment/src/Week5/Cafe.java,Cafe::findBeverage,24,8,Default task
2021-10-02T14:07:45.663+09:00,HanSeunghun,Action,EditorPaste,Assignment,Editor,D:/University/Java/Assignment/src/Week5/Cafe.java,Cafe::findBeverage,24,8,Default task
2021-10-02T14:07:45.666+09:00,HanSeunghun,KeyEvent,22:86:2,Assignment,Editor,D:/University/Java/Assignment/src/Week5/Cafe.java,Cafe::findBeverage,24,12,Default task
2021-10-02T14:07:45.814+09:00,HanSeunghun,KeyEvent,46:46:0,Assignment,Editor,D:/University/Java/Assignment/src/Week5/Cafe.java,Cafe::findBeverage,24,12,Default task
2021-10-02T14:07:46.071+09:00,HanSeunghun,KeyEvent,108:76:0,Assignment,Editor,D:/University/Java/Assignment/src/Week5/Cafe.java,Cafe::findBeverage,24,13,Default task
2021-10-02T14:07:46.271+09:00,HanSeunghun,KeyEvent,111:79:0,Assignment,Editor,D:/University/Java/Assignment/src/Week5/Cafe.java,Cafe::findBeverage,24,14,Default task
2021-10-02T14:07:46.391+09:00,HanSeunghun,KeyEvent,119:87:0,Assignment,Editor,D:/University/Java/Assignment/src/Week5/Cafe.java,Cafe::findBeverage,24,15,Default task
2021-10-02T14:07:47.312+09:00,HanSeunghun,Action,EditorChooseLookupItem,Assignment,Editor,D:/University/Java/Assignment/src/Week5/Cafe.java,Cafe::findBeverage,24,16,Default task
2021-10-02T14:07:47.331+09:00,HanSeunghun,KeyEvent,10:10:0,Assignment,Editor,D:/University/Java/Assignment/src/Week5/Cafe.java,Cafe::findBeverage,25,37,Default task
2021-10-02T14:07:48.247+09:00,HanSeunghun,KeyEvent,32:32:0,Assignment,Editor,D:/University/Java/Assignment/src/Week5/Cafe.java,Cafe::findBeverage,25,37,Default task
2021-10-02T14:07:48.441+09:00,HanSeunghun,KeyEvent,65535:16:1,Assignment,Editor,D:/University/Java/Assignment/src/Week5/Cafe.java,Cafe::findBeverage,25,38,Default task
2021-10-02T14:07:48.609+09:00,HanSeunghun,KeyEvent,43:61:1,Assignment,Editor,D:/University/Java/Assignment/src/Week5/Cafe.java,Cafe::findBeverage,25,38,Default task
2021-10-02T14:07:48.759+09:00,HanSeunghun,KeyEvent,32:32:0,Assignment,Editor,D:/University/Java/Assignment/src/Week5/Cafe.java,Cafe::findBeverage,25,39,Default task
2021-10-02T14:07:48.959+09:00,HanSeunghun,KeyEvent,116:84:0,Assignment,Editor,D:/University/Java/Assignment/src/Week5/Cafe.java,Cafe::findBeverage,25,40,Default task
2021-10-02T14:07:49.383+09:00,HanSeunghun,Action,EditorChooseLookupItem,Assignment,Editor,D:/University/Java/Assignment/src/Week5/Cafe.java,Cafe::findBeverage,25,41,Default task
2021-10-02T14:07:49.390+09:00,HanSeunghun,KeyEvent,10:10:0,Assignment,Editor,D:/University/Java/Assignment/src/Week5/Cafe.java,Cafe::findBeverage,25,44,Default task
2021-10-02T14:07:49.610+09:00,HanSeunghun,KeyEvent,46:46:0,Assignment,Editor,D:/University/Java/Assignment/src/Week5/Cafe.java,Cafe::findBeverage,25,44,Default task
2021-10-02T14:07:50.632+09:00,HanSeunghun,Action,EditorChooseLookupItem,Assignment,Editor,D:/University/Java/Assignment/src/Week5/Cafe.java,Cafe::findBeverage,25,45,Default task
2021-10-02T14:07:50.647+09:00,HanSeunghun,KeyEvent,10:10:0,Assignment,Editor,D:/University/Java/Assignment/src/Week5/Cafe.java,Cafe::findBeverage,25,69,Default task
2021-10-02T14:07:50.991+09:00,HanSeunghun,KeyEvent,59:59:0,Assignment,Editor,D:/University/Java/Assignment/src/Week5/Cafe.java,Cafe::findBeverage,25,69,Default task
2021-10-02T14:07:51.448+09:00,HanSeunghun,Action,EditorLineStart,Assignment,Editor,D:/University/Java/Assignment/src/Week5/Cafe.java,Cafe::findBeverage,25,70,Default task
2021-10-02T14:07:51.448+09:00,HanSeunghun,KeyEvent,65535:36:0,Assignment,Editor,D:/University/Java/Assignment/src/Week5/Cafe.java,Cafe::findBeverage,25,8,Default task
2021-10-02T14:07:51.910+09:00,HanSeunghun,KeyEvent,115:83:0,Assignment,Editor,D:/University/Java/Assignment/src/Week5/Cafe.java,Cafe::findBeverage,25,8,Default task
2021-10-02T14:07:52.087+09:00,HanSeunghun,KeyEvent,116:84:0,Assignment,Editor,D:/University/Java/Assignment/src/Week5/Cafe.java,Cafe::findBeverage,25,9,Default task
2021-10-02T14:07:52.240+09:00,HanSeunghun,KeyEvent,114:82:0,Assignment,Editor,D:/University/Java/Assignment/src/Week5/Cafe.java,Cafe::findBeverage,25,10,Default task
2021-10-02T14:07:52.319+09:00,HanSeunghun,KeyEvent,105:73:0,Assignment,Editor,D:/University/Java/Assignment/src/Week5/Cafe.java,Cafe::findBeverage,25,11,Default task
2021-10-02T14:07:52.672+09:00,HanSeunghun,Action,EditorBackSpace,Assignment,Editor,D:/University/Java/Assignment/src/Week5/Cafe.java,Cafe::findBeverage,25,12,Default task
2021-10-02T14:07:52.676+09:00,HanSeunghun,KeyEvent,8:8:0,Assignment,Editor,D:/University/Java/Assignment/src/Week5/Cafe.java,Cafe::findBeverage,25,11,Default task
2021-10-02T14:07:52.823+09:00,HanSeunghun,Action,EditorBackSpace,Assignment,Editor,D:/University/Java/Assignment/src/Week5/Cafe.java,Cafe::findBeverage,25,11,Default task
2021-10-02T14:07:52.826+09:00,HanSeunghun,KeyEvent,8:8:0,Assignment,Editor,D:/University/Java/Assignment/src/Week5/Cafe.java,Cafe::findBeverage,25,10,Default task
2021-10-02T14:07:52.983+09:00,HanSeunghun,Action,EditorBackSpace,Assignment,Editor,D:/University/Java/Assignment/src/Week5/Cafe.java,Cafe::findBeverage,25,10,Default task
2021-10-02T14:07:52.986+09:00,HanSeunghun,KeyEvent,8:8:0,Assignment,Editor,D:/University/Java/Assignment/src/Week5/Cafe.java,Cafe::findBeverage,25,9,Default task
2021-10-02T14:07:53.119+09:00,HanSeunghun,Action,EditorBackSpace,Assignment,Editor,D:/University/Java/Assignment/src/Week5/Cafe.java,Cafe::findBeverage,25,9,Default task
2021-10-02T14:07:53.133+09:00,HanSeunghun,KeyEvent,8:8:0,Assignment,Editor,D:/University/Java/Assignment/src/Week5/Cafe.java,Cafe::findBeverage,25,8,Default task
2021-10-02T14:07:53.152+09:00,HanSeunghun,KeyEvent,65535:20:0,Assignment,Editor,D:/University/Java/Assignment/src/Week5/Cafe.java,Cafe::findBeverage,25,8,Default task
2021-10-02T14:07:53.231+09:00,HanSeunghun,KeyEvent,83:83:0,Assignment,Editor,D:/University/Java/Assignment/src/Week5/Cafe.java,Cafe::findBeverage,25,8,Default task
2021-10-02T14:07:53.383+09:00,HanSeunghun,KeyEvent,65535:20:0,Assignment,Editor,D:/University/Java/Assignment/src/Week5/Cafe.java,Cafe::findBeverage,25,9,Default task
2021-10-02T14:07:53.487+09:00,HanSeunghun,KeyEvent,116:84:0,Assignment,Editor,D:/University/Java/Assignment/src/Week5/Cafe.java,Cafe::findBeverage,25,9,Default task
2021-10-02T14:07:53.641+09:00,HanSeunghun,KeyEvent,114:82:0,Assignment,Editor,D:/University/Java/Assignment/src/Week5/Cafe.java,Cafe::findBeverage,25,10,Default task
2021-10-02T14:07:53.679+09:00,HanSeunghun,KeyEvent,105:73:0,Assignment,Editor,D:/University/Java/Assignment/src/Week5/Cafe.java,Cafe::findBeverage,25,11,Default task
2021-10-02T14:07:53.830+09:00,HanSeunghun,KeyEvent,110:78:0,Assignment,Editor,D:/University/Java/Assignment/src/Week5/Cafe.java,Cafe::findBeverage,25,12,Default task
2021-10-02T14:07:53.879+09:00,HanSeunghun,KeyEvent,103:71:0,Assignment,Editor,D:/University/Java/Assignment/src/Week5/Cafe.java,Cafe::findBeverage,25,13,Default task
2021-10-02T14:07:53.960+09:00,HanSeunghun,KeyEvent,32:32:0,Assignment,Editor,D:/University/Java/Assignment/src/Week5/Cafe.java,Cafe::findBeverage,25,14,Default task
2021-10-02T14:07:54.063+09:00,HanSeunghun,KeyEvent,107:75:0,Assignment,Editor,D:/University/Java/Assignment/src/Week5/Cafe.java,Cafe::findBeverage,25,15,Default task
2021-10-02T14:07:54.175+09:00,HanSeunghun,KeyEvent,101:69:0,Assignment,Editor,D:/University/Java/Assignment/src/Week5/Cafe.java,Cafe::findBeverage,25,16,Default task
2021-10-02T14:07:54.263+09:00,HanSeunghun,KeyEvent,121:89:0,Assignment,Editor,D:/University/Java/Assignment/src/Week5/Cafe.java,Cafe::findBeverage,25,17,Default task
2021-10-02T14:07:54.375+09:00,HanSeunghun,KeyEvent,32:32:0,Assignment,Editor,D:/University/Java/Assignment/src/Week5/Cafe.java,Cafe::findBeverage,25,18,Default task
2021-10-02T14:07:54.520+09:00,HanSeunghun,KeyEvent,61:61:0,Assignment,Editor,D:/University/Java/Assignment/src/Week5/Cafe.java,Cafe::findBeverage,25,19,Default task
2021-10-02T14:07:54.600+09:00,HanSeunghun,KeyEvent,32:32:0,Assignment,Editor,D:/University/Java/Assignment/src/Week5/Cafe.java,Cafe::findBeverage,25,20,Default task
2021-10-02T14:07:54.800+09:00,HanSeunghun,KeyEvent,27:27:0,Assignment,Editor,D:/University/Java/Assignment/src/Week5/Cafe.java,Cafe::findBeverage,25,21,Default task
2021-10-02T14:07:54.984+09:00,HanSeunghun,Action,EditorEscape,Assignment,Editor,D:/University/Java/Assignment/src/Week5/Cafe.java,Cafe::findBeverage,25,21,Default task
2021-10-02T14:07:54.985+09:00,HanSeunghun,KeyEvent,27:27:0,Assignment,Editor,D:/University/Java/Assignment/src/Week5/Cafe.java,Cafe::findBeverage,25,21,Default task
2021-10-02T14:07:56.199+09:00,HanSeunghun,KeyEvent,65535:17:2,Assignment,Editor,D:/University/Java/Assignment/src/Week5/Cafe.java,Cafe::findBeverage,25,18,Default task
2021-10-02T14:07:56.294+09:00,HanSeunghun,Action,EditorCopy,Assignment,Editor,D:/University/Java/Assignment/src/Week5/Cafe.java,Cafe::findBeverage,25,18,Default task
2021-10-02T14:07:56.296+09:00,HanSeunghun,KeyEvent,3:67:2,Assignment,Editor,D:/University/Java/Assignment/src/Week5/Cafe.java,Cafe::findBeverage,25,18,Default task
2021-10-02T14:07:57.559+09:00,HanSeunghun,KeyEvent,65535:17:2,Assignment,Editor,D:/University/Java/Assignment/src/Week5/Cafe.java,Cafe::findBeverage,26,39,Default task
2021-10-02T14:07:57.633+09:00,HanSeunghun,Action,EditorPaste,Assignment,Editor,D:/University/Java/Assignment/src/Week5/Cafe.java,Cafe::findBeverage,26,39,Default task
2021-10-02T14:07:57.646+09:00,HanSeunghun,KeyEvent,22:86:2,Assignment,Editor,D:/University/Java/Assignment/src/Week5/Cafe.java,Cafe::findBeverage,26,33,Default task
2021-10-02T14:07:58.711+09:00,HanSeunghun,KeyEvent,65535:17:2,Assignment,Editor,D:/University/Java/Assignment/src/Week5/Cafe.java,,27,5,Default task
2021-10-02T14:07:59.211+09:00,HanSeunghun,KeyEvent,65535:17:2,Assignment,Editor,D:/University/Java/Assignment/src/Week5/Cafe.java,,27,5,Default task
2021-10-02T14:07:59.245+09:00,HanSeunghun,KeyEvent,65535:17:2,Assignment,Editor,D:/University/Java/Assignment/src/Week5/Cafe.java,,27,5,Default task
2021-10-02T14:07:59.276+09:00,HanSeunghun,KeyEvent,65535:17:2,Assignment,Editor,D:/University/Java/Assignment/src/Week5/Cafe.java,,27,5,Default task
2021-10-02T14:07:59.313+09:00,HanSeunghun,KeyEvent,65535:17:2,Assignment,Editor,D:/University/Java/Assignment/src/Week5/Cafe.java,,27,5,Default task
2021-10-02T14:07:59.346+09:00,HanSeunghun,KeyEvent,65535:17:2,Assignment,Editor,D:/University/Java/Assignment/src/Week5/Cafe.java,,27,5,Default task
2021-10-02T14:07:59.377+09:00,HanSeunghun,KeyEvent,65535:17:2,Assignment,Editor,D:/University/Java/Assignment/src/Week5/Cafe.java,,27,5,Default task
2021-10-02T14:07:59.409+09:00,HanSeunghun,KeyEvent,65535:17:2,Assignment,Editor,D:/University/Java/Assignment/src/Week5/Cafe.java,,27,5,Default task
2021-10-02T14:07:59.443+09:00,HanSeunghun,KeyEvent,65535:17:2,Assignment,Editor,D:/University/Java/Assignment/src/Week5/Cafe.java,,27,5,Default task
2021-10-02T14:07:59.476+09:00,HanSeunghun,KeyEvent,65535:17:2,Assignment,Editor,D:/University/Java/Assignment/src/Week5/Cafe.java,,27,5,Default task
2021-10-02T14:07:59.487+09:00,HanSeunghun,Action,SaveAll,Assignment,Editor,D:/University/Java/Assignment/src/Week5/Cafe.java,,27,5,Default task
2021-10-02T14:07:59.506+09:00,HanSeunghun,KeyEvent,19:83:2,Assignment,Editor,D:/University/Java/Assignment/src/Week5/Cafe.java,,27,5,Default task
2021-10-02T14:08:09.943+09:00,HanSeunghun,KeyEvent,65535:17:2,Assignment,Editor,D:/University/Java/Assignment/src/Week5/Cafe.java,Cafe::addBeverage,21,76,Default task
2021-10-02T14:08:10.095+09:00,HanSeunghun,Action,EditorCut,Assignment,Editor,D:/University/Java/Assignment/src/Week5/Cafe.java,Cafe::addBeverage,21,76,Default task
2021-10-02T14:08:10.108+09:00,HanSeunghun,KeyEvent,24:88:2,Assignment,Editor,D:/University/Java/Assignment/src/Week5/Cafe.java,Cafe::addBeverage,21,23,Default task
2021-10-02T14:08:12.288+09:00,HanSeunghun,Action,EditorEnter,Assignment,Editor,D:/University/Java/Assignment/src/Week5/Cafe.java,Cafe::addBeverage,17,5,Default task
2021-10-02T14:08:12.290+09:00,HanSeunghun,KeyEvent,10:10:0,Assignment,Editor,D:/University/Java/Assignment/src/Week5/Cafe.java,Cafe::addBeverage,18,8,Default task
2021-10-02T14:08:12.480+09:00,HanSeunghun,Action,EditorEnter,Assignment,Editor,D:/University/Java/Assignment/src/Week5/Cafe.java,Cafe::addBeverage,18,8,Default task
2021-10-02T14:08:12.481+09:00,HanSeunghun,KeyEvent,10:10:0,Assignment,Editor,D:/University/Java/Assignment/src/Week5/Cafe.java,Cafe::addBeverage,19,8,Default task
2021-10-02T14:08:12.728+09:00,HanSeunghun,Action,EditorUp,Assignment,Editor,D:/University/Java/Assignment/src/Week5/Cafe.java,Cafe::addBeverage,19,8,Default task
2021-10-02T14:08:12.728+09:00,HanSeunghun,KeyEvent,65535:38:0,Assignment,Editor,D:/University/Java/Assignment/src/Week5/Cafe.java,Cafe::addBeverage,18,8,Default task
2021-10-02T14:08:12.887+09:00,HanSeunghun,KeyEvent,65535:17:2,Assignment,Editor,D:/University/Java/Assignment/src/Week5/Cafe.java,Cafe::addBeverage,18,8,Default task
2021-10-02T14:08:12.983+09:00,HanSeunghun,Action,EditorPaste,Assignment,Editor,D:/University/Java/Assignment/src/Week5/Cafe.java,Cafe::addBeverage,18,8,Default task
2021-10-02T14:08:12.985+09:00,HanSeunghun,KeyEvent,22:86:2,Assignment,Editor,D:/University/Java/Assignment/src/Week5/Cafe.java,Cafe::addBeverage,18,61,Default task
2021-10-02T14:08:13.375+09:00,HanSeunghun,KeyEvent,59:59:0,Assignment,Editor,D:/University/Java/Assignment/src/Week5/Cafe.java,Cafe::addBeverage,18,61,Default task
2021-10-02T14:08:14.520+09:00,HanSeunghun,Action,EditorLineStart,Assignment,Editor,D:/University/Java/Assignment/src/Week5/Cafe.java,Cafe::addBeverage,18,62,Default task
2021-10-02T14:08:14.521+09:00,HanSeunghun,KeyEvent,65535:36:0,Assignment,Editor,D:/University/Java/Assignment/src/Week5/Cafe.java,Cafe::addBeverage,18,8,Default task
2021-10-02T14:08:17.014+09:00,HanSeunghun,KeyEvent,46:46:0,Assignment,Editor,D:/University/Java/Assignment/src/Week5/Cafe.java,Cafe::addBeverage,18,34,Default task
2021-10-02T14:08:17.143+09:00,HanSeunghun,KeyEvent,116:84:0,Assignment,Editor,D:/University/Java/Assignment/src/Week5/Cafe.java,Cafe::addBeverage,18,35,Default task
2021-10-02T14:08:17.294+09:00,HanSeunghun,KeyEvent,111:79:0,Assignment,Editor,D:/University/Java/Assignment/src/Week5/Cafe.java,Cafe::addBeverage,18,36,Default task
2021-10-02T14:08:17.543+09:00,HanSeunghun,KeyEvent,108:76:0,Assignment,Editor,D:/University/Java/Assignment/src/Week5/Cafe.java,Cafe::addBeverage,18,37,Default task
2021-10-02T14:08:17.919+09:00,HanSeunghun,Action,EditorChooseLookupItem,Assignment,Editor,D:/University/Java/Assignment/src/Week5/Cafe.java,Cafe::addBeverage,18,38,Default task
2021-10-02T14:08:17.936+09:00,HanSeunghun,KeyEvent,10:10:0,Assignment,Editor,D:/University/Java/Assignment/src/Week5/Cafe.java,Cafe::addBeverage,18,59,Default task
2021-10-02T14:08:18.840+09:00,HanSeunghun,KeyEvent,32:32:0,Assignment,Editor,D:/University/Java/Assignment/src/Week5/Cafe.java,Cafe::addBeverage,18,59,Default task
2021-10-02T14:08:19.135+09:00,HanSeunghun,Action,EditorRight,Assignment,Editor,D:/University/Java/Assignment/src/Week5/Cafe.java,Cafe::addBeverage,18,60,Default task
2021-10-02T14:08:19.136+09:00,HanSeunghun,KeyEvent,65535:39:0,Assignment,Editor,D:/University/Java/Assignment/src/Week5/Cafe.java,Cafe::addBeverage,18,61,Default task
2021-10-02T14:08:19.288+09:00,HanSeunghun,KeyEvent,32:32:0,Assignment,Editor,D:/University/Java/Assignment/src/Week5/Cafe.java,Cafe::addBeverage,18,61,Default task
2021-10-02T14:08:19.631+09:00,HanSeunghun,Action,EditorLineEnd,Assignment,Editor,D:/University/Java/Assignment/src/Week5/Cafe.java,Cafe::addBeverage,18,62,Default task
2021-10-02T14:08:19.631+09:00,HanSeunghun,KeyEvent,65535:35:0,Assignment,Editor,D:/University/Java/Assignment/src/Week5/Cafe.java,Cafe::addBeverage,18,89,Default task
2021-10-02T14:08:19.887+09:00,HanSeunghun,Action,EditorLeft,Assignment,Editor,D:/University/Java/Assignment/src/Week5/Cafe.java,Cafe::addBeverage,18,89,Default task
2021-10-02T14:08:19.888+09:00,HanSeunghun,KeyEvent,65535:37:0,Assignment,Editor,D:/University/Java/Assignment/src/Week5/Cafe.java,Cafe::addBeverage,18,88,Default task
2021-10-02T14:08:20.808+09:00,HanSeunghun,KeyEvent,46:46:0,Assignment,Editor,D:/University/Java/Assignment/src/Week5/Cafe.java,Cafe::addBeverage,18,88,Default task
2021-10-02T14:08:20.943+09:00,HanSeunghun,KeyEvent,116:84:0,Assignment,Editor,D:/University/Java/Assignment/src/Week5/Cafe.java,Cafe::addBeverage,18,89,Default task
2021-10-02T14:08:21.079+09:00,HanSeunghun,KeyEvent,111:79:0,Assignment,Editor,D:/University/Java/Assignment/src/Week5/Cafe.java,Cafe::addBeverage,18,90,Default task
2021-10-02T14:08:21.271+09:00,HanSeunghun,KeyEvent,119:87:0,Assignment,Editor,D:/University/Java/Assignment/src/Week5/Cafe.java,Cafe::addBeverage,18,91,Default task
2021-10-02T14:08:21.695+09:00,HanSeunghun,Action,EditorBackSpace,Assignment,Editor,D:/University/Java/Assignment/src/Week5/Cafe.java,Cafe::addBeverage,18,92,Default task
2021-10-02T14:08:21.697+09:00,HanSeunghun,KeyEvent,8:8:0,Assignment,Editor,D:/University/Java/Assignment/src/Week5/Cafe.java,Cafe::addBeverage,18,91,Default task
2021-10-02T14:08:21.955+09:00,HanSeunghun,KeyEvent,108:76:0,Assignment,Editor,D:/University/Java/Assignment/src/Week5/Cafe.java,Cafe::addBeverage,18,91,Default task
2021-10-02T14:08:22.063+09:00,HanSeunghun,KeyEvent,119:87:0,Assignment,Editor,D:/University/Java/Assignment/src/Week5/Cafe.java,Cafe::addBeverage,18,92,Default task
2021-10-02T14:08:22.695+09:00,HanSeunghun,Action,EditorBackSpace,Assignment,Editor,D:/University/Java/Assignment/src/Week5/Cafe.java,Cafe::addBeverage,18,93,Default task
2021-10-02T14:08:22.696+09:00,HanSeunghun,KeyEvent,8:8:0,Assignment,Editor,D:/University/Java/Assignment/src/Week5/Cafe.java,Cafe::addBeverage,18,92,Default task
2021-10-02T14:08:23.087+09:00,HanSeunghun,Action,EditorBackSpace,Assignment,Editor,D:/University/Java/Assignment/src/Week5/Cafe.java,Cafe::addBeverage,18,92,Default task
2021-10-02T14:08:23.088+09:00,HanSeunghun,KeyEvent,8:8:0,Assignment,Editor,D:/University/Java/Assignment/src/Week5/Cafe.java,Cafe::addBeverage,18,91,Default task
2021-10-02T14:08:23.410+09:00,HanSeunghun,KeyEvent,108:76:0,Assignment,Editor,D:/University/Java/Assignment/src/Week5/Cafe.java,Cafe::addBeverage,18,91,Default task
2021-10-02T14:08:23.687+09:00,HanSeunghun,KeyEvent,111:79:0,Assignment,Editor,D:/University/Java/Assignment/src/Week5/Cafe.java,Cafe::addBeverage,18,92,Default task
2021-10-02T14:08:24.031+09:00,HanSeunghun,Action,EditorChooseLookupItem,Assignment,Editor,D:/University/Java/Assignment/src/Week5/Cafe.java,Cafe::addBeverage,18,93,Default task
2021-10-02T14:08:24.047+09:00,HanSeunghun,KeyEvent,10:10:0,Assignment,Editor,D:/University/Java/Assignment/src/Week5/Cafe.java,Cafe::addBeverage,18,113,Default task
2021-10-02T14:08:24.615+09:00,HanSeunghun,Action,EditorLineStart,Assignment,Editor,D:/University/Java/Assignment/src/Week5/Cafe.java,Cafe::addBeverage,18,113,Default task
2021-10-02T14:08:24.615+09:00,HanSeunghun,KeyEvent,65535:36:0,Assignment,Editor,D:/University/Java/Assignment/src/Week5/Cafe.java,Cafe::addBeverage,18,8,Default task
2021-10-02T14:08:25.263+09:00,HanSeunghun,KeyEvent,65535:20:0,Assignment,Editor,D:/University/Java/Assignment/src/Week5/Cafe.java,Cafe::addBeverage,18,8,Default task
2021-10-02T14:08:25.343+09:00,HanSeunghun,KeyEvent,83:83:0,Assignment,Editor,D:/University/Java/Assignment/src/Week5/Cafe.java,Cafe::addBeverage,18,8,Default task
2021-10-02T14:08:25.481+09:00,HanSeunghun,KeyEvent,65535:20:0,Assignment,Editor,D:/University/Java/Assignment/src/Week5/Cafe.java,Cafe::addBeverage,18,9,Default task
2021-10-02T14:08:25.576+09:00,HanSeunghun,KeyEvent,116:84:0,Assignment,Editor,D:/University/Java/Assignment/src/Week5/Cafe.java,Cafe::addBeverage,18,9,Default task
2021-10-02T14:08:25.726+09:00,HanSeunghun,KeyEvent,114:82:0,Assignment,Editor,D:/University/Java/Assignment/src/Week5/Cafe.java,Cafe::addBeverage,18,10,Default task
2021-10-02T14:08:25.943+09:00,HanSeunghun,KeyEvent,110:78:0,Assignment,Editor,D:/University/Java/Assignment/src/Week5/Cafe.java,Cafe::addBeverage,18,11,Default task
2021-10-02T14:08:26.328+09:00,HanSeunghun,Action,EditorBackSpace,Assignment,Editor,D:/University/Java/Assignment/src/Week5/Cafe.java,Cafe::addBeverage,18,12,Default task
2021-10-02T14:08:26.330+09:00,HanSeunghun,KeyEvent,8:8:0,Assignment,Editor,D:/University/Java/Assignment/src/Week5/Cafe.java,Cafe::addBeverage,18,11,Default task
2021-10-02T14:08:26.575+09:00,HanSeunghun,KeyEvent,105:73:0,Assignment,Editor,D:/University/Java/Assignment/src/Week5/Cafe.java,Cafe::addBeverage,18,11,Default task
2021-10-02T14:08:26.727+09:00,HanSeunghun,KeyEvent,110:78:0,Assignment,Editor,D:/University/Java/Assignment/src/Week5/Cafe.java,Cafe::addBeverage,18,12,Default task
2021-10-02T14:08:26.799+09:00,HanSeunghun,KeyEvent,103:71:0,Assignment,Editor,D:/University/Java/Assignment/src/Week5/Cafe.java,Cafe::addBeverage,18,13,Default task
2021-10-02T14:08:26.855+09:00,HanSeunghun,KeyEvent,32:32:0,Assignment,Editor,D:/University/Java/Assignment/src/Week5/Cafe.java,Cafe::addBeverage,18,14,Default task
2021-10-02T14:08:26.953+09:00,HanSeunghun,KeyEvent,107:75:0,Assignment,Editor,D:/University/Java/Assignment/src/Week5/Cafe.java,Cafe::addBeverage,18,15,Default task
2021-10-02T14:08:27.055+09:00,HanSeunghun,KeyEvent,101:69:0,Assignment,Editor,D:/University/Java/Assignment/src/Week5/Cafe.java,Cafe::addBeverage,18,16,Default task
2021-10-02T14:08:27.143+09:00,HanSeunghun,KeyEvent,121:89:0,Assignment,Editor,D:/University/Java/Assignment/src/Week5/Cafe.java,Cafe::addBeverage,18,17,Default task
2021-10-02T14:08:27.255+09:00,HanSeunghun,KeyEvent,32:32:0,Assignment,Editor,D:/University/Java/Assignment/src/Week5/Cafe.java,Cafe::addBeverage,18,18,Default task
2021-10-02T14:08:27.391+09:00,HanSeunghun,KeyEvent,61:61:0,Assignment,Editor,D:/University/Java/Assignment/src/Week5/Cafe.java,Cafe::addBeverage,18,19,Default task
2021-10-02T14:08:27.496+09:00,HanSeunghun,KeyEvent,32:32:0,Assignment,Editor,D:/University/Java/Assignment/src/Week5/Cafe.java,Cafe::addBeverage,18,20,Default task
2021-10-02T14:08:27.720+09:00,HanSeunghun,KeyEvent,27:27:0,Assignment,Editor,D:/University/Java/Assignment/src/Week5/Cafe.java,Cafe::addBeverage,18,21,Default task
2021-10-02T14:08:27.927+09:00,HanSeunghun,Action,EditorEscape,Assignment,Editor,D:/University/Java/Assignment/src/Week5/Cafe.java,Cafe::addBeverage,18,21,Default task
2021-10-02T14:08:27.928+09:00,HanSeunghun,KeyEvent,27:27:0,Assignment,Editor,D:/University/Java/Assignment/src/Week5/Cafe.java,Cafe::addBeverage,18,21,Default task
2021-10-02T14:08:29.166+09:00,HanSeunghun,KeyEvent,65535:17:2,Assignment,Editor,D:/University/Java/Assignment/src/Week5/Cafe.java,Cafe::addBeverage,18,18,Default task
2021-10-02T14:08:29.319+09:00,HanSeunghun,Action,EditorCopy,Assignment,Editor,D:/University/Java/Assignment/src/Week5/Cafe.java,Cafe::addBeverage,18,18,Default task
2021-10-02T14:08:29.320+09:00,HanSeunghun,KeyEvent,3:67:2,Assignment,Editor,D:/University/Java/Assignment/src/Week5/Cafe.java,Cafe::addBeverage,18,18,Default task
2021-10-02T14:08:31.367+09:00,HanSeunghun,KeyEvent,65535:17:2,Assignment,Editor,D:/University/Java/Assignment/src/Week5/Cafe.java,Cafe::addBeverage,20,61,Default task
2021-10-02T14:08:31.454+09:00,HanSeunghun,Action,EditorPaste,Assignment,Editor,D:/University/Java/Assignment/src/Week5/Cafe.java,Cafe::addBeverage,20,61,Default task
2021-10-02T14:08:31.467+09:00,HanSeunghun,KeyEvent,22:86:2,Assignment,Editor,D:/University/Java/Assignment/src/Week5/Cafe.java,Cafe::addBeverage,20,38,Default task
2021-10-02T14:08:32.968+09:00,HanSeunghun,KeyEvent,65535:17:2,Assignment,Editor,D:/University/Java/Assignment/src/Week5/Cafe.java,Cafe::addBeverage,23,23,Default task
2021-10-02T14:08:33.072+09:00,HanSeunghun,Action,EditorPaste,Assignment,Editor,D:/University/Java/Assignment/src/Week5/Cafe.java,Cafe::addBeverage,23,23,Default task
2021-10-02T14:08:33.084+09:00,HanSeunghun,KeyEvent,22:86:2,Assignment,Editor,D:/University/Java/Assignment/src/Week5/Cafe.java,Cafe::addBeverage,23,26,Default task
2021-10-02T14:08:33.999+09:00,HanSeunghun,KeyEvent,65535:17:2,Assignment,Editor,D:/University/Java/Assignment/src/Week5/Cafe.java,,24,5,Default task
2021-10-02T14:08:34.499+09:00,HanSeunghun,KeyEvent,65535:17:2,Assignment,Editor,D:/University/Java/Assignment/src/Week5/Cafe.java,,24,5,Default task
2021-10-02T14:08:34.532+09:00,HanSeunghun,KeyEvent,65535:17:2,Assignment,Editor,D:/University/Java/Assignment/src/Week5/Cafe.java,,24,5,Default task
2021-10-02T14:08:34.565+09:00,HanSeunghun,KeyEvent,65535:17:2,Assignment,Editor,D:/University/Java/Assignment/src/Week5/Cafe.java,,24,5,Default task
2021-10-02T14:08:34.599+09:00,HanSeunghun,KeyEvent,65535:17:2,Assignment,Editor,D:/University/Java/Assignment/src/Week5/Cafe.java,,24,5,Default task
2021-10-02T14:08:34.632+09:00,HanSeunghun,KeyEvent,65535:17:2,Assignment,Editor,D:/University/Java/Assignment/src/Week5/Cafe.java,,24,5,Default task
2021-10-02T14:08:34.664+09:00,HanSeunghun,KeyEvent,65535:17:2,Assignment,Editor,D:/University/Java/Assignment/src/Week5/Cafe.java,,24,5,Default task
2021-10-02T14:08:34.697+09:00,HanSeunghun,KeyEvent,65535:17:2,Assignment,Editor,D:/University/Java/Assignment/src/Week5/Cafe.java,,24,5,Default task
2021-10-02T14:08:34.730+09:00,HanSeunghun,KeyEvent,65535:17:2,Assignment,Editor,D:/University/Java/Assignment/src/Week5/Cafe.java,,24,5,Default task
2021-10-02T14:08:34.763+09:00,HanSeunghun,KeyEvent,65535:17:2,Assignment,Editor,D:/University/Java/Assignment/src/Week5/Cafe.java,,24,5,Default task
2021-10-02T14:08:34.797+09:00,HanSeunghun,KeyEvent,65535:17:2,Assignment,Editor,D:/University/Java/Assignment/src/Week5/Cafe.java,,24,5,Default task
2021-10-02T14:08:34.830+09:00,HanSeunghun,KeyEvent,65535:17:2,Assignment,Editor,D:/University/Java/Assignment/src/Week5/Cafe.java,,24,5,Default task
2021-10-02T14:08:34.862+09:00,HanSeunghun,KeyEvent,65535:17:2,Assignment,Editor,D:/University/Java/Assignment/src/Week5/Cafe.java,,24,5,Default task
2021-10-02T14:08:34.896+09:00,HanSeunghun,KeyEvent,65535:17:2,Assignment,Editor,D:/University/Java/Assignment/src/Week5/Cafe.java,,24,5,Default task
2021-10-02T14:08:34.928+09:00,HanSeunghun,KeyEvent,65535:17:2,Assignment,Editor,D:/University/Java/Assignment/src/Week5/Cafe.java,,24,5,Default task
2021-10-02T14:08:34.960+09:00,HanSeunghun,KeyEvent,65535:17:2,Assignment,Editor,D:/University/Java/Assignment/src/Week5/Cafe.java,,24,5,Default task
2021-10-02T14:08:34.993+09:00,HanSeunghun,KeyEvent,65535:17:2,Assignment,Editor,D:/University/Java/Assignment/src/Week5/Cafe.java,,24,5,Default task
2021-10-02T14:08:35.026+09:00,HanSeunghun,KeyEvent,65535:17:2,Assignment,Editor,D:/University/Java/Assignment/src/Week5/Cafe.java,,24,5,Default task
2021-10-02T14:08:35.060+09:00,HanSeunghun,KeyEvent,65535:17:2,Assignment,Editor,D:/University/Java/Assignment/src/Week5/Cafe.java,,24,5,Default task
2021-10-02T14:08:35.094+09:00,HanSeunghun,KeyEvent,65535:17:2,Assignment,Editor,D:/University/Java/Assignment/src/Week5/Cafe.java,,24,5,Default task
2021-10-02T14:08:35.126+09:00,HanSeunghun,KeyEvent,65535:17:2,Assignment,Editor,D:/University/Java/Assignment/src/Week5/Cafe.java,,24,5,Default task
2021-10-02T14:08:35.160+09:00,HanSeunghun,KeyEvent,65535:17:2,Assignment,Editor,D:/University/Java/Assignment/src/Week5/Cafe.java,,24,5,Default task
2021-10-02T14:08:35.192+09:00,HanSeunghun,KeyEvent,65535:17:2,Assignment,Editor,D:/University/Java/Assignment/src/Week5/Cafe.java,,24,5,Default task
2021-10-02T14:08:35.224+09:00,HanSeunghun,KeyEvent,65535:17:2,Assignment,Editor,D:/University/Java/Assignment/src/Week5/Cafe.java,,24,5,Default task
2021-10-02T14:08:35.258+09:00,HanSeunghun,KeyEvent,65535:17:2,Assignment,Editor,D:/University/Java/Assignment/src/Week5/Cafe.java,,24,5,Default task
2021-10-02T14:08:35.291+09:00,HanSeunghun,KeyEvent,65535:17:2,Assignment,Editor,D:/University/Java/Assignment/src/Week5/Cafe.java,,24,5,Default task
2021-10-02T14:08:35.324+09:00,HanSeunghun,KeyEvent,65535:17:2,Assignment,Editor,D:/University/Java/Assignment/src/Week5/Cafe.java,,24,5,Default task
2021-10-02T14:08:35.358+09:00,HanSeunghun,KeyEvent,65535:17:2,Assignment,Editor,D:/University/Java/Assignment/src/Week5/Cafe.java,,24,5,Default task
2021-10-02T14:08:35.390+09:00,HanSeunghun,KeyEvent,65535:17:2,Assignment,Editor,D:/University/Java/Assignment/src/Week5/Cafe.java,,24,5,Default task
2021-10-02T14:08:35.427+09:00,HanSeunghun,KeyEvent,65535:17:2,Assignment,Editor,D:/University/Java/Assignment/src/Week5/Cafe.java,,24,5,Default task
2021-10-02T14:08:35.458+09:00,HanSeunghun,KeyEvent,65535:17:2,Assignment,Editor,D:/University/Java/Assignment/src/Week5/Cafe.java,,24,5,Default task
2021-10-02T14:08:35.489+09:00,HanSeunghun,KeyEvent,65535:17:2,Assignment,Editor,D:/University/Java/Assignment/src/Week5/Cafe.java,,24,5,Default task
2021-10-02T14:08:35.522+09:00,HanSeunghun,KeyEvent,65535:17:2,Assignment,Editor,D:/University/Java/Assignment/src/Week5/Cafe.java,,24,5,Default task
2021-10-02T14:08:35.555+09:00,HanSeunghun,KeyEvent,65535:17:2,Assignment,Editor,D:/University/Java/Assignment/src/Week5/Cafe.java,,24,5,Default task
2021-10-02T14:08:35.589+09:00,HanSeunghun,KeyEvent,65535:17:2,Assignment,Editor,D:/University/Java/Assignment/src/Week5/Cafe.java,,24,5,Default task
2021-10-02T14:08:35.622+09:00,HanSeunghun,KeyEvent,65535:17:2,Assignment,Editor,D:/University/Java/Assignment/src/Week5/Cafe.java,,24,5,Default task
2021-10-02T14:08:35.654+09:00,HanSeunghun,KeyEvent,65535:17:2,Assignment,Editor,D:/University/Java/Assignment/src/Week5/Cafe.java,,24,5,Default task
2021-10-02T14:08:35.687+09:00,HanSeunghun,KeyEvent,65535:17:2,Assignment,Editor,D:/University/Java/Assignment/src/Week5/Cafe.java,,24,5,Default task
2021-10-02T14:08:35.720+09:00,HanSeunghun,KeyEvent,65535:17:2,Assignment,Editor,D:/University/Java/Assignment/src/Week5/Cafe.java,,24,5,Default task
2021-10-02T14:08:35.754+09:00,HanSeunghun,KeyEvent,65535:17:2,Assignment,Editor,D:/University/Java/Assignment/src/Week5/Cafe.java,,24,5,Default task
2021-10-02T14:08:35.786+09:00,HanSeunghun,KeyEvent,65535:17:2,Assignment,Editor,D:/University/Java/Assignment/src/Week5/Cafe.java,,24,5,Default task
2021-10-02T14:08:35.819+09:00,HanSeunghun,KeyEvent,65535:17:2,Assignment,Editor,D:/University/Java/Assignment/src/Week5/Cafe.java,,24,5,Default task
2021-10-02T14:08:35.852+09:00,HanSeunghun,KeyEvent,65535:17:2,Assignment,Editor,D:/University/Java/Assignment/src/Week5/Cafe.java,,24,5,Default task
2021-10-02T14:08:35.885+09:00,HanSeunghun,KeyEvent,65535:17:2,Assignment,Editor,D:/University/Java/Assignment/src/Week5/Cafe.java,,24,5,Default task
2021-10-02T14:08:35.919+09:00,HanSeunghun,KeyEvent,65535:17:2,Assignment,Editor,D:/University/Java/Assignment/src/Week5/Cafe.java,,24,5,Default task
2021-10-02T14:08:35.951+09:00,HanSeunghun,KeyEvent,65535:17:2,Assignment,Editor,D:/University/Java/Assignment/src/Week5/Cafe.java,,24,5,Default task
2021-10-02T14:08:35.984+09:00,HanSeunghun,KeyEvent,65535:17:2,Assignment,Editor,D:/University/Java/Assignment/src/Week5/Cafe.java,,24,5,Default task
2021-10-02T14:08:36.017+09:00,HanSeunghun,KeyEvent,65535:17:2,Assignment,Editor,D:/University/Java/Assignment/src/Week5/Cafe.java,,24,5,Default task
2021-10-02T14:08:36.051+09:00,HanSeunghun,KeyEvent,65535:17:2,Assignment,Editor,D:/University/Java/Assignment/src/Week5/Cafe.java,,24,5,Default task
2021-10-02T14:08:36.083+09:00,HanSeunghun,KeyEvent,65535:17:2,Assignment,Editor,D:/University/Java/Assignment/src/Week5/Cafe.java,,24,5,Default task
2021-10-02T14:08:36.115+09:00,HanSeunghun,KeyEvent,65535:17:2,Assignment,Editor,D:/University/Java/Assignment/src/Week5/Cafe.java,,24,5,Default task
2021-10-02T14:08:36.150+09:00,HanSeunghun,KeyEvent,65535:17:2,Assignment,Editor,D:/University/Java/Assignment/src/Week5/Cafe.java,,24,5,Default task
2021-10-02T14:08:36.182+09:00,HanSeunghun,KeyEvent,65535:17:2,Assignment,Editor,D:/University/Java/Assignment/src/Week5/Cafe.java,,24,5,Default task
2021-10-02T14:08:36.214+09:00,HanSeunghun,KeyEvent,65535:17:2,Assignment,Editor,D:/University/Java/Assignment/src/Week5/Cafe.java,,24,5,Default task
2021-10-02T14:08:36.247+09:00,HanSeunghun,KeyEvent,65535:17:2,Assignment,Editor,D:/University/Java/Assignment/src/Week5/Cafe.java,,24,5,Default task
2021-10-02T14:08:36.281+09:00,HanSeunghun,KeyEvent,65535:17:2,Assignment,Editor,D:/University/Java/Assignment/src/Week5/Cafe.java,,24,5,Default task
2021-10-02T14:08:36.316+09:00,HanSeunghun,KeyEvent,65535:17:2,Assignment,Editor,D:/University/Java/Assignment/src/Week5/Cafe.java,,24,5,Default task
2021-10-02T14:08:36.347+09:00,HanSeunghun,KeyEvent,65535:17:2,Assignment,Editor,D:/University/Java/Assignment/src/Week5/Cafe.java,,24,5,Default task
2021-10-02T14:08:36.383+09:00,HanSeunghun,KeyEvent,65535:17:2,Assignment,Editor,D:/University/Java/Assignment/src/Week5/Cafe.java,,24,5,Default task
2021-10-02T14:08:36.413+09:00,HanSeunghun,KeyEvent,65535:17:2,Assignment,Editor,D:/University/Java/Assignment/src/Week5/Cafe.java,,24,5,Default task
2021-10-02T14:08:36.446+09:00,HanSeunghun,KeyEvent,65535:17:2,Assignment,Editor,D:/University/Java/Assignment/src/Week5/Cafe.java,,24,5,Default task
2021-10-02T14:08:36.480+09:00,HanSeunghun,KeyEvent,65535:17:2,Assignment,Editor,D:/University/Java/Assignment/src/Week5/Cafe.java,,24,5,Default task
2021-10-02T14:08:36.513+09:00,HanSeunghun,KeyEvent,65535:17:2,Assignment,Editor,D:/University/Java/Assignment/src/Week5/Cafe.java,,24,5,Default task
2021-10-02T14:08:36.546+09:00,HanSeunghun,KeyEvent,65535:17:2,Assignment,Editor,D:/University/Java/Assignment/src/Week5/Cafe.java,,24,5,Default task
2021-10-02T14:08:36.578+09:00,HanSeunghun,KeyEvent,65535:17:2,Assignment,Editor,D:/University/Java/Assignment/src/Week5/Cafe.java,,24,5,Default task
2021-10-02T14:08:36.611+09:00,HanSeunghun,KeyEvent,65535:17:2,Assignment,Editor,D:/University/Java/Assignment/src/Week5/Cafe.java,,24,5,Default task
2021-10-02T14:08:36.644+09:00,HanSeunghun,KeyEvent,65535:17:2,Assignment,Editor,D:/University/Java/Assignment/src/Week5/Cafe.java,,24,5,Default task
2021-10-02T14:08:36.678+09:00,HanSeunghun,KeyEvent,65535:17:2,Assignment,Editor,D:/University/Java/Assignment/src/Week5/Cafe.java,,24,5,Default task
2021-10-02T14:08:36.710+09:00,HanSeunghun,KeyEvent,65535:17:2,Assignment,Editor,D:/University/Java/Assignment/src/Week5/Cafe.java,,24,5,Default task
2021-10-02T14:08:36.745+09:00,HanSeunghun,KeyEvent,65535:17:2,Assignment,Editor,D:/University/Java/Assignment/src/Week5/Cafe.java,,24,5,Default task
2021-10-02T14:08:36.777+09:00,HanSeunghun,KeyEvent,65535:17:2,Assignment,Editor,D:/University/Java/Assignment/src/Week5/Cafe.java,,24,5,Default task
2021-10-02T14:08:36.809+09:00,HanSeunghun,KeyEvent,65535:17:2,Assignment,Editor,D:/University/Java/Assignment/src/Week5/Cafe.java,,24,5,Default task
2021-10-02T14:08:36.842+09:00,HanSeunghun,KeyEvent,65535:17:2,Assignment,Editor,D:/University/Java/Assignment/src/Week5/Cafe.java,,24,5,Default task
2021-10-02T14:08:36.875+09:00,HanSeunghun,KeyEvent,65535:17:2,Assignment,Editor,D:/University/Java/Assignment/src/Week5/Cafe.java,,24,5,Default task
2021-10-02T14:08:36.909+09:00,HanSeunghun,KeyEvent,65535:17:2,Assignment,Editor,D:/University/Java/Assignment/src/Week5/Cafe.java,,24,5,Default task
2021-10-02T14:08:36.945+09:00,HanSeunghun,KeyEvent,65535:17:2,Assignment,Editor,D:/University/Java/Assignment/src/Week5/Cafe.java,,24,5,Default task
2021-10-02T14:08:36.983+09:00,HanSeunghun,KeyEvent,65535:17:2,Assignment,Editor,D:/University/Java/Assignment/src/Week5/Cafe.java,,24,5,Default task
2021-10-02T14:08:37.010+09:00,HanSeunghun,KeyEvent,65535:17:2,Assignment,Editor,D:/University/Java/Assignment/src/Week5/Cafe.java,,24,5,Default task
2021-10-02T14:08:37.040+09:00,HanSeunghun,KeyEvent,65535:17:2,Assignment,Editor,D:/University/Java/Assignment/src/Week5/Cafe.java,,24,5,Default task
2021-10-02T14:08:37.073+09:00,HanSeunghun,KeyEvent,65535:17:2,Assignment,Editor,D:/University/Java/Assignment/src/Week5/Cafe.java,,24,5,Default task
2021-10-02T14:08:37.107+09:00,HanSeunghun,KeyEvent,65535:17:2,Assignment,Editor,D:/University/Java/Assignment/src/Week5/Cafe.java,,24,5,Default task
2021-10-02T14:08:37.141+09:00,HanSeunghun,KeyEvent,65535:17:2,Assignment,Editor,D:/University/Java/Assignment/src/Week5/Cafe.java,,24,5,Default task
2021-10-02T14:08:37.178+09:00,HanSeunghun,KeyEvent,65535:17:2,Assignment,Editor,D:/University/Java/Assignment/src/Week5/Cafe.java,,24,5,Default task
2021-10-02T14:08:37.205+09:00,HanSeunghun,KeyEvent,65535:17:2,Assignment,Editor,D:/University/Java/Assignment/src/Week5/Cafe.java,,24,5,Default task
2021-10-02T14:08:37.238+09:00,HanSeunghun,KeyEvent,65535:17:2,Assignment,Editor,D:/University/Java/Assignment/src/Week5/Cafe.java,,24,5,Default task
2021-10-02T14:08:37.271+09:00,HanSeunghun,KeyEvent,65535:17:2,Assignment,Editor,D:/University/Java/Assignment/src/Week5/Cafe.java,,24,5,Default task
2021-10-02T14:08:37.297+09:00,HanSeunghun,Action,SaveAll,Assignment,Editor,D:/University/Java/Assignment/src/Week5/Cafe.java,,24,5,Default task
2021-10-02T14:08:37.313+09:00,HanSeunghun,KeyEvent,19:83:2,Assignment,Editor,D:/University/Java/Assignment/src/Week5/Cafe.java,Cafe::addBeverage,24,5,Default task
2021-10-02T14:08:47.496+09:00,HanSeunghun,KeyEvent,65535:17:2,Assignment,Editor,D:/University/Java/Assignment/src/Week5/Cafe.java,Cafe::Cafe,11,28,Default task
2021-10-02T14:08:47.996+09:00,HanSeunghun,KeyEvent,65535:17:2,Assignment,Editor,D:/University/Java/Assignment/src/Week5/Cafe.java,Cafe::Cafe,11,28,Default task
2021-10-02T14:08:48.030+09:00,HanSeunghun,KeyEvent,65535:17:2,Assignment,Editor,D:/University/Java/Assignment/src/Week5/Cafe.java,Cafe::Cafe,11,28,Default task
2021-10-02T14:08:48.061+09:00,HanSeunghun,KeyEvent,65535:17:2,Assignment,Editor,D:/University/Java/Assignment/src/Week5/Cafe.java,Cafe::Cafe,11,28,Default task
2021-10-02T14:08:48.094+09:00,HanSeunghun,KeyEvent,65535:17:2,Assignment,Editor,D:/University/Java/Assignment/src/Week5/Cafe.java,Cafe::Cafe,11,28,Default task
2021-10-02T14:08:48.128+09:00,HanSeunghun,KeyEvent,65535:17:2,Assignment,Editor,D:/University/Java/Assignment/src/Week5/Cafe.java,Cafe::Cafe,11,28,Default task
2021-10-02T14:08:48.160+09:00,HanSeunghun,KeyEvent,65535:17:2,Assignment,Editor,D:/University/Java/Assignment/src/Week5/Cafe.java,Cafe::Cafe,11,28,Default task
2021-10-02T14:08:48.193+09:00,HanSeunghun,KeyEvent,65535:17:2,Assignment,Editor,D:/University/Java/Assignment/src/Week5/Cafe.java,Cafe::Cafe,11,28,Default task
2021-10-02T14:08:48.226+09:00,HanSeunghun,KeyEvent,65535:17:2,Assignment,Editor,D:/University/Java/Assignment/src/Week5/Cafe.java,Cafe::Cafe,11,28,Default task
2021-10-02T14:08:48.259+09:00,HanSeunghun,KeyEvent,65535:17:2,Assignment,Editor,D:/University/Java/Assignment/src/Week5/Cafe.java,Cafe::Cafe,11,28,Default task
2021-10-02T14:08:48.292+09:00,HanSeunghun,KeyEvent,65535:17:2,Assignment,Editor,D:/University/Java/Assignment/src/Week5/Cafe.java,Cafe::Cafe,11,28,Default task
2021-10-02T14:08:48.325+09:00,HanSeunghun,KeyEvent,65535:17:2,Assignment,Editor,D:/University/Java/Assignment/src/Week5/Cafe.java,Cafe::Cafe,11,28,Default task
2021-10-02T14:08:48.358+09:00,HanSeunghun,KeyEvent,65535:17:2,Assignment,Editor,D:/University/Java/Assignment/src/Week5/Cafe.java,Cafe::Cafe,11,28,Default task
2021-10-02T14:08:48.392+09:00,HanSeunghun,KeyEvent,65535:17:2,Assignment,Editor,D:/University/Java/Assignment/src/Week5/Cafe.java,Cafe::Cafe,11,28,Default task
2021-10-02T14:08:48.425+09:00,HanSeunghun,KeyEvent,65535:17:2,Assignment,Editor,D:/University/Java/Assignment/src/Week5/Cafe.java,Cafe::Cafe,11,28,Default task
2021-10-02T14:08:48.458+09:00,HanSeunghun,KeyEvent,65535:17:2,Assignment,Editor,D:/University/Java/Assignment/src/Week5/Cafe.java,Cafe::Cafe,11,28,Default task
2021-10-02T14:08:48.489+09:00,HanSeunghun,KeyEvent,65535:17:2,Assignment,Editor,D:/University/Java/Assignment/src/Week5/Cafe.java,Cafe::Cafe,11,28,Default task
2021-10-02T14:08:48.524+09:00,HanSeunghun,KeyEvent,65535:17:2,Assignment,Editor,D:/University/Java/Assignment/src/Week5/Cafe.java,Cafe::Cafe,11,28,Default task
2021-10-02T14:08:48.557+09:00,HanSeunghun,KeyEvent,65535:17:2,Assignment,Editor,D:/University/Java/Assignment/src/Week5/Cafe.java,Cafe::Cafe,11,28,Default task
2021-10-02T14:08:48.589+09:00,HanSeunghun,KeyEvent,65535:17:2,Assignment,Editor,D:/University/Java/Assignment/src/Week5/Cafe.java,Cafe::Cafe,11,28,Default task
2021-10-02T14:08:48.622+09:00,HanSeunghun,KeyEvent,65535:17:2,Assignment,Editor,D:/University/Java/Assignment/src/Week5/Cafe.java,Cafe::Cafe,11,28,Default task
2021-10-02T14:08:48.648+09:00,HanSeunghun,Action,SaveAll,Assignment,Editor,D:/University/Java/Assignment/src/Week5/Cafe.java,Cafe::Cafe,11,28,Default task
2021-10-02T14:08:48.648+09:00,HanSeunghun,KeyEvent,19:83:2,Assignment,Editor,D:/University/Java/Assignment/src/Week5/Cafe.java,Cafe::Cafe,11,28,Default task
2021-10-02T14:08:55.974+09:00,HanSeunghun,Action,RunClass,Assignment,Editor,D:/University/Java/Assignment/src/Week5/CafeTest.java,CafeTest::main,46,26,Default task
2021-10-02T14:08:58.687+09:00,HanSeunghun,KeyEvent,97:65:0,Assignment,Editor,D:/University/Java/Assignment/src/Week5/CafeTest.java,CafeTest::main,46,26,Default task
2021-10-02T14:08:58.870+09:00,HanSeunghun,KeyEvent,100:68:0,Assignment,Editor,D:/University/Java/Assignment/src/Week5/CafeTest.java,CafeTest::main,46,26,Default task
2021-10-02T14:08:59.041+09:00,HanSeunghun,KeyEvent,100:68:0,Assignment,Editor,D:/University/Java/Assignment/src/Week5/CafeTest.java,CafeTest::main,46,26,Default task
2021-10-02T14:08:59.160+09:00,HanSeunghun,KeyEvent,32:32:0,Assignment,Editor,D:/University/Java/Assignment/src/Week5/CafeTest.java,CafeTest::main,46,26,Default task
2021-10-02T14:08:59.511+09:00,HanSeunghun,KeyEvent,65535:20:0,Assignment,Editor,D:/University/Java/Assignment/src/Week5/CafeTest.java,CafeTest::main,46,26,Default task
2021-10-02T14:08:59.665+09:00,HanSeunghun,KeyEvent,65:65:0,Assignment,Editor,D:/University/Java/Assignment/src/Week5/CafeTest.java,CafeTest::main,46,26,Default task
2021-10-02T14:08:59.816+09:00,HanSeunghun,KeyEvent,65535:20:0,Assignment,Editor,D:/University/Java/Assignment/src/Week5/CafeTest.java,CafeTest::main,46,26,Default task
2021-10-02T14:09:00.119+09:00,HanSeunghun,KeyEvent,109:77:0,Assignment,Editor,D:/University/Java/Assignment/src/Week5/CafeTest.java,CafeTest::main,46,26,Default task
2021-10-02T14:09:00.240+09:00,HanSeunghun,KeyEvent,101:69:0,Assignment,Editor,D:/University/Java/Assignment/src/Week5/CafeTest.java,CafeTest::main,46,26,Default task
2021-10-02T14:09:00.607+09:00,HanSeunghun,KeyEvent,114:82:0,Assignment,Editor,D:/University/Java/Assignment/src/Week5/CafeTest.java,CafeTest::main,46,26,Default task
2021-10-02T14:09:00.734+09:00,HanSeunghun,KeyEvent,105:73:0,Assignment,Editor,D:/University/Java/Assignment/src/Week5/CafeTest.java,CafeTest::main,46,26,Default task
2021-10-02T14:09:01.096+09:00,HanSeunghun,KeyEvent,99:67:0,Assignment,Editor,D:/University/Java/Assignment/src/Week5/CafeTest.java,CafeTest::main,46,26,Default task
2021-10-02T14:09:01.278+09:00,HanSeunghun,KeyEvent,97:65:0,Assignment,Editor,D:/University/Java/Assignment/src/Week5/CafeTest.java,CafeTest::main,46,26,Default task
2021-10-02T14:09:01.975+09:00,HanSeunghun,KeyEvent,110:78:0,Assignment,Editor,D:/University/Java/Assignment/src/Week5/CafeTest.java,CafeTest::main,46,26,Default task
2021-10-02T14:09:02.119+09:00,HanSeunghun,KeyEvent,111:79:0,Assignment,Editor,D:/University/Java/Assignment/src/Week5/CafeTest.java,CafeTest::main,46,26,Default task
2021-10-02T14:09:02.335+09:00,HanSeunghun,KeyEvent,32:32:0,Assignment,Editor,D:/University/Java/Assignment/src/Week5/CafeTest.java,CafeTest::main,46,26,Default task
2021-10-02T14:09:02.520+09:00,HanSeunghun,KeyEvent,65535:20:0,Assignment,Editor,D:/University/Java/Assignment/src/Week5/CafeTest.java,CafeTest::main,46,26,Default task
2021-10-02T14:09:02.630+09:00,HanSeunghun,KeyEvent,72:72:0,Assignment,Editor,D:/University/Java/Assignment/src/Week5/CafeTest.java,CafeTest::main,46,26,Default task
2021-10-02T14:09:02.847+09:00,HanSeunghun,KeyEvent,79:79:0,Assignment,Editor,D:/University/Java/Assignment/src/Week5/CafeTest.java,CafeTest::main,46,26,Default task
2021-10-02T14:09:02.966+09:00,HanSeunghun,KeyEvent,84:84:0,Assignment,Editor,D:/University/Java/Assignment/src/Week5/CafeTest.java,CafeTest::main,46,26,Default task
2021-10-02T14:09:03.225+09:00,HanSeunghun,KeyEvent,10:10:0,Assignment,Editor,D:/University/Java/Assignment/src/Week5/CafeTest.java,CafeTest::main,46,26,Default task
2021-10-02T14:09:04.064+09:00,HanSeunghun,KeyEvent,65535:20:0,Assignment,Editor,D:/University/Java/Assignment/src/Week5/CafeTest.java,CafeTest::main,46,26,Default task
2021-10-02T14:09:04.240+09:00,HanSeunghun,KeyEvent,97:65:0,Assignment,Editor,D:/University/Java/Assignment/src/Week5/CafeTest.java,CafeTest::main,46,26,Default task
2021-10-02T14:09:05.086+09:00,HanSeunghun,KeyEvent,100:68:0,Assignment,Editor,D:/University/Java/Assignment/src/Week5/CafeTest.java,CafeTest::main,46,26,Default task
2021-10-02T14:09:05.255+09:00,HanSeunghun,KeyEvent,100:68:0,Assignment,Editor,D:/University/Java/Assignment/src/Week5/CafeTest.java,CafeTest::main,46,26,Default task
2021-10-02T14:09:05.370+09:00,HanSeunghun,KeyEvent,32:32:0,Assignment,Editor,D:/University/Java/Assignment/src/Week5/CafeTest.java,CafeTest::main,46,26,Default task
2021-10-02T14:09:05.455+09:00,HanSeunghun,KeyEvent,65535:20:0,Assignment,Editor,D:/University/Java/Assignment/src/Week5/CafeTest.java,CafeTest::main,46,26,Default task
2021-10-02T14:09:05.559+09:00,HanSeunghun,KeyEvent,69:69:0,Assignment,Editor,D:/University/Java/Assignment/src/Week5/CafeTest.java,CafeTest::main,46,26,Default task
2021-10-02T14:09:05.969+09:00,HanSeunghun,KeyEvent,65535:20:0,Assignment,Editor,D:/University/Java/Assignment/src/Week5/CafeTest.java,CafeTest::main,46,26,Default task
2021-10-02T14:09:06.127+09:00,HanSeunghun,KeyEvent,115:83:0,Assignment,Editor,D:/University/Java/Assignment/src/Week5/CafeTest.java,CafeTest::main,46,26,Default task
2021-10-02T14:09:07.078+09:00,HanSeunghun,KeyEvent,112:80:0,Assignment,Editor,D:/University/Java/Assignment/src/Week5/CafeTest.java,CafeTest::main,46,26,Default task
2021-10-02T14:09:07.374+09:00,HanSeunghun,KeyEvent,114:82:0,Assignment,Editor,D:/University/Java/Assignment/src/Week5/CafeTest.java,CafeTest::main,46,26,Default task
2021-10-02T14:09:07.607+09:00,HanSeunghun,KeyEvent,101:69:0,Assignment,Editor,D:/University/Java/Assignment/src/Week5/CafeTest.java,CafeTest::main,46,26,Default task
2021-10-02T14:09:07.887+09:00,HanSeunghun,KeyEvent,115:83:0,Assignment,Editor,D:/University/Java/Assignment/src/Week5/CafeTest.java,CafeTest::main,46,26,Default task
2021-10-02T14:09:08.279+09:00,HanSeunghun,KeyEvent,115:83:0,Assignment,Editor,D:/University/Java/Assignment/src/Week5/CafeTest.java,CafeTest::main,46,26,Default task
2021-10-02T14:09:08.807+09:00,HanSeunghun,KeyEvent,111:79:0,Assignment,Editor,D:/University/Java/Assignment/src/Week5/CafeTest.java,CafeTest::main,46,26,Default task
2021-10-02T14:09:08.983+09:00,HanSeunghun,KeyEvent,32:32:0,Assignment,Editor,D:/University/Java/Assignment/src/Week5/CafeTest.java,CafeTest::main,46,26,Default task
2021-10-02T14:09:09.152+09:00,HanSeunghun,KeyEvent,65535:20:0,Assignment,Editor,D:/University/Java/Assignment/src/Week5/CafeTest.java,CafeTest::main,46,26,Default task
2021-10-02T14:09:09.424+09:00,HanSeunghun,KeyEvent,69:69:0,Assignment,Editor,D:/University/Java/Assignment/src/Week5/CafeTest.java,CafeTest::main,46,26,Default task
2021-10-02T14:09:09.726+09:00,HanSeunghun,KeyEvent,83:83:0,Assignment,Editor,D:/University/Java/Assignment/src/Week5/CafeTest.java,CafeTest::main,46,26,Default task
2021-10-02T14:09:10.575+09:00,HanSeunghun,KeyEvent,80:80:0,Assignment,Editor,D:/University/Java/Assignment/src/Week5/CafeTest.java,CafeTest::main,46,26,Default task
2021-10-02T14:09:10.951+09:00,HanSeunghun,KeyEvent,82:82:0,Assignment,Editor,D:/University/Java/Assignment/src/Week5/CafeTest.java,CafeTest::main,46,26,Default task
2021-10-02T14:09:11.177+09:00,HanSeunghun,KeyEvent,69:69:0,Assignment,Editor,D:/University/Java/Assignment/src/Week5/CafeTest.java,CafeTest::main,46,26,Default task
2021-10-02T14:09:11.414+09:00,HanSeunghun,KeyEvent,83:83:0,Assignment,Editor,D:/University/Java/Assignment/src/Week5/CafeTest.java,CafeTest::main,46,26,Default task
2021-10-02T14:09:11.570+09:00,HanSeunghun,KeyEvent,83:83:0,Assignment,Editor,D:/University/Java/Assignment/src/Week5/CafeTest.java,CafeTest::main,46,26,Default task
2021-10-02T14:09:11.688+09:00,HanSeunghun,KeyEvent,79:79:0,Assignment,Editor,D:/University/Java/Assignment/src/Week5/CafeTest.java,CafeTest::main,46,26,Default task
2021-10-02T14:09:12.001+09:00,HanSeunghun,KeyEvent,10:10:0,Assignment,Editor,D:/University/Java/Assignment/src/Week5/CafeTest.java,CafeTest::main,46,26,Default task
2021-10-02T14:09:12.735+09:00,HanSeunghun,KeyEvent,65535:20:0,Assignment,Editor,D:/University/Java/Assignment/src/Week5/CafeTest.java,CafeTest::main,46,26,Default task
2021-10-02T14:09:13.023+09:00,HanSeunghun,KeyEvent,97:65:0,Assignment,Editor,D:/University/Java/Assignment/src/Week5/CafeTest.java,CafeTest::main,46,26,Default task
2021-10-02T14:09:13.279+09:00,HanSeunghun,KeyEvent,100:68:0,Assignment,Editor,D:/University/Java/Assignment/src/Week5/CafeTest.java,CafeTest::main,46,26,Default task
2021-10-02T14:09:13.439+09:00,HanSeunghun,KeyEvent,100:68:0,Assignment,Editor,D:/University/Java/Assignment/src/Week5/CafeTest.java,CafeTest::main,46,26,Default task
2021-10-02T14:09:13.552+09:00,HanSeunghun,KeyEvent,32:32:0,Assignment,Editor,D:/University/Java/Assignment/src/Week5/CafeTest.java,CafeTest::main,46,26,Default task
2021-10-02T14:09:13.656+09:00,HanSeunghun,KeyEvent,65535:20:0,Assignment,Editor,D:/University/Java/Assignment/src/Week5/CafeTest.java,CafeTest::main,46,26,Default task
2021-10-02T14:09:13.767+09:00,HanSeunghun,KeyEvent,70:70:0,Assignment,Editor,D:/University/Java/Assignment/src/Week5/CafeTest.java,CafeTest::main,46,26,Default task
2021-10-02T14:09:13.879+09:00,HanSeunghun,KeyEvent,65535:20:0,Assignment,Editor,D:/University/Java/Assignment/src/Week5/CafeTest.java,CafeTest::main,46,26,Default task
2021-10-02T14:09:14.022+09:00,HanSeunghun,KeyEvent,108:76:0,Assignment,Editor,D:/University/Java/Assignment/src/Week5/CafeTest.java,CafeTest::main,46,26,Default task
2021-10-02T14:09:14.135+09:00,HanSeunghun,KeyEvent,97:65:0,Assignment,Editor,D:/University/Java/Assignment/src/Week5/CafeTest.java,CafeTest::main,46,26,Default task
2021-10-02T14:09:14.271+09:00,HanSeunghun,KeyEvent,116:84:0,Assignment,Editor,D:/University/Java/Assignment/src/Week5/CafeTest.java,CafeTest::main,46,26,Default task
2021-10-02T14:09:14.472+09:00,HanSeunghun,KeyEvent,65535:20:0,Assignment,Editor,D:/University/Java/Assignment/src/Week5/CafeTest.java,CafeTest::main,46,26,Default task
2021-10-02T14:09:14.566+09:00,HanSeunghun,KeyEvent,87:87:0,Assignment,Editor,D:/University/Java/Assignment/src/Week5/CafeTest.java,CafeTest::main,46,26,Default task
2021-10-02T14:09:14.699+09:00,HanSeunghun,KeyEvent,65535:20:0,Assignment,Editor,D:/University/Java/Assignment/src/Week5/CafeTest.java,CafeTest::main,46,26,Default task
2021-10-02T14:09:14.814+09:00,HanSeunghun,KeyEvent,104:72:0,Assignment,Editor,D:/University/Java/Assignment/src/Week5/CafeTest.java,CafeTest::main,46,26,Default task
2021-10-02T14:09:14.974+09:00,HanSeunghun,KeyEvent,105:73:0,Assignment,Editor,D:/University/Java/Assignment/src/Week5/CafeTest.java,CafeTest::main,46,26,Default task
2021-10-02T14:09:15.239+09:00,HanSeunghun,KeyEvent,116:84:0,Assignment,Editor,D:/University/Java/Assignment/src/Week5/CafeTest.java,CafeTest::main,46,26,Default task
2021-10-02T14:09:15.783+09:00,HanSeunghun,KeyEvent,101:69:0,Assignment,Editor,D:/University/Java/Assignment/src/Week5/CafeTest.java,CafeTest::main,46,26,Default task
2021-10-02T14:09:16.080+09:00,HanSeunghun,KeyEvent,32:32:0,Assignment,Editor,D:/University/Java/Assignment/src/Week5/CafeTest.java,CafeTest::main,46,26,Default task
2021-10-02T14:09:16.224+09:00,HanSeunghun,KeyEvent,65535:20:0,Assignment,Editor,D:/University/Java/Assignment/src/Week5/CafeTest.java,CafeTest::main,46,26,Default task
2021-10-02T14:09:16.495+09:00,HanSeunghun,KeyEvent,70:70:0,Assignment,Editor,D:/University/Java/Assignment/src/Week5/CafeTest.java,CafeTest::main,46,26,Default task
2021-10-02T14:09:16.743+09:00,HanSeunghun,KeyEvent,76:76:0,Assignment,Editor,D:/University/Java/Assignment/src/Week5/CafeTest.java,CafeTest::main,46,26,Default task
2021-10-02T14:09:16.903+09:00,HanSeunghun,KeyEvent,65:65:0,Assignment,Editor,D:/University/Java/Assignment/src/Week5/CafeTest.java,CafeTest::main,46,26,Default task
2021-10-02T14:09:17.159+09:00,HanSeunghun,KeyEvent,84:84:0,Assignment,Editor,D:/University/Java/Assignment/src/Week5/CafeTest.java,CafeTest::main,46,26,Default task
2021-10-02T14:09:17.391+09:00,HanSeunghun,KeyEvent,65535:20:0,Assignment,Editor,D:/University/Java/Assignment/src/Week5/CafeTest.java,CafeTest::main,46,26,Default task
2021-10-02T14:09:17.649+09:00,HanSeunghun,KeyEvent,10:10:0,Assignment,Editor,D:/University/Java/Assignment/src/Week5/CafeTest.java,CafeTest::main,46,26,Default task
2021-10-02T14:09:18.642+09:00,HanSeunghun,KeyEvent,108:76:0,Assignment,Editor,D:/University/Java/Assignment/src/Week5/CafeTest.java,CafeTest::main,46,26,Default task
2021-10-02T14:09:18.927+09:00,HanSeunghun,KeyEvent,105:73:0,Assignment,Editor,D:/University/Java/Assignment/src/Week5/CafeTest.java,CafeTest::main,46,26,Default task
2021-10-02T14:09:19.287+09:00,HanSeunghun,KeyEvent,8:8:0,Assignment,Editor,D:/University/Java/Assignment/src/Week5/CafeTest.java,CafeTest::main,46,26,Default task
2021-10-02T14:09:19.440+09:00,HanSeunghun,KeyEvent,8:8:0,Assignment,Editor,D:/University/Java/Assignment/src/Week5/CafeTest.java,CafeTest::main,46,26,Default task
2021-10-02T14:09:19.655+09:00,HanSeunghun,KeyEvent,108:76:0,Assignment,Editor,D:/University/Java/Assignment/src/Week5/CafeTest.java,CafeTest::main,46,26,Default task
2021-10-02T14:09:19.792+09:00,HanSeunghun,KeyEvent,105:73:0,Assignment,Editor,D:/University/Java/Assignment/src/Week5/CafeTest.java,CafeTest::main,46,26,Default task
2021-10-02T14:09:19.879+09:00,HanSeunghun,KeyEvent,115:83:0,Assignment,Editor,D:/University/Java/Assignment/src/Week5/CafeTest.java,CafeTest::main,46,26,Default task
2021-10-02T14:09:19.991+09:00,HanSeunghun,KeyEvent,116:84:0,Assignment,Editor,D:/University/Java/Assignment/src/Week5/CafeTest.java,CafeTest::main,46,26,Default task
2021-10-02T14:09:20.104+09:00,HanSeunghun,KeyEvent,10:10:0,Assignment,Editor,D:/University/Java/Assignment/src/Week5/CafeTest.java,CafeTest::main,46,26,Default task
2021-10-02T14:09:26.095+09:00,HanSeunghun,KeyEvent,102:70:0,Assignment,Editor,D:/University/Java/Assignment/src/Week5/CafeTest.java,CafeTest::main,46,26,Default task
2021-10-02T14:09:26.231+09:00,HanSeunghun,KeyEvent,105:73:0,Assignment,Editor,D:/University/Java/Assignment/src/Week5/CafeTest.java,CafeTest::main,46,26,Default task
2021-10-02T14:09:26.399+09:00,HanSeunghun,KeyEvent,110:78:0,Assignment,Editor,D:/University/Java/Assignment/src/Week5/CafeTest.java,CafeTest::main,46,26,Default task
2021-10-02T14:09:26.478+09:00,HanSeunghun,KeyEvent,100:68:0,Assignment,Editor,D:/University/Java/Assignment/src/Week5/CafeTest.java,CafeTest::main,46,26,Default task
2021-10-02T14:09:26.584+09:00,HanSeunghun,KeyEvent,32:32:0,Assignment,Editor,D:/University/Java/Assignment/src/Week5/CafeTest.java,CafeTest::main,46,26,Default task
2021-10-02T14:09:26.695+09:00,HanSeunghun,KeyEvent,65535:20:0,Assignment,Editor,D:/University/Java/Assignment/src/Week5/CafeTest.java,CafeTest::main,46,26,Default task
2021-10-02T14:09:26.823+09:00,HanSeunghun,KeyEvent,65:65:0,Assignment,Editor,D:/University/Java/Assignment/src/Week5/CafeTest.java,CafeTest::main,46,26,Default task
2021-10-02T14:09:26.951+09:00,HanSeunghun,KeyEvent,65535:20:0,Assignment,Editor,D:/University/Java/Assignment/src/Week5/CafeTest.java,CafeTest::main,46,26,Default task
2021-10-02T14:09:27.111+09:00,HanSeunghun,KeyEvent,109:77:0,Assignment,Editor,D:/University/Java/Assignment/src/Week5/CafeTest.java,CafeTest::main,46,26,Default task
2021-10-02T14:09:27.215+09:00,HanSeunghun,KeyEvent,101:69:0,Assignment,Editor,D:/University/Java/Assignment/src/Week5/CafeTest.java,CafeTest::main,46,26,Default task
2021-10-02T14:09:27.334+09:00,HanSeunghun,KeyEvent,114:82:0,Assignment,Editor,D:/University/Java/Assignment/src/Week5/CafeTest.java,CafeTest::main,46,26,Default task
2021-10-02T14:09:27.799+09:00,HanSeunghun,KeyEvent,105:73:0,Assignment,Editor,D:/University/Java/Assignment/src/Week5/CafeTest.java,CafeTest::main,46,26,Default task
2021-10-02T14:09:27.911+09:00,HanSeunghun,KeyEvent,99:67:0,Assignment,Editor,D:/University/Java/Assignment/src/Week5/CafeTest.java,CafeTest::main,46,26,Default task
2021-10-02T14:09:28.023+09:00,HanSeunghun,KeyEvent,97:65:0,Assignment,Editor,D:/University/Java/Assignment/src/Week5/CafeTest.java,CafeTest::main,46,26,Default task
2021-10-02T14:09:28.367+09:00,HanSeunghun,KeyEvent,110:78:0,Assignment,Editor,D:/University/Java/Assignment/src/Week5/CafeTest.java,CafeTest::main,46,26,Default task
2021-10-02T14:09:28.766+09:00,HanSeunghun,KeyEvent,111:79:0,Assignment,Editor,D:/University/Java/Assignment/src/Week5/CafeTest.java,CafeTest::main,46,26,Default task
2021-10-02T14:09:28.895+09:00,HanSeunghun,KeyEvent,32:32:0,Assignment,Editor,D:/University/Java/Assignment/src/Week5/CafeTest.java,CafeTest::main,46,26,Default task
2021-10-02T14:09:28.992+09:00,HanSeunghun,KeyEvent,65535:20:0,Assignment,Editor,D:/University/Java/Assignment/src/Week5/CafeTest.java,CafeTest::main,46,26,Default task
2021-10-02T14:09:29.118+09:00,HanSeunghun,KeyEvent,72:72:0,Assignment,Editor,D:/University/Java/Assignment/src/Week5/CafeTest.java,CafeTest::main,46,26,Default task
2021-10-02T14:09:29.263+09:00,HanSeunghun,KeyEvent,79:79:0,Assignment,Editor,D:/University/Java/Assignment/src/Week5/CafeTest.java,CafeTest::main,46,26,Default task
2021-10-02T14:09:29.367+09:00,HanSeunghun,KeyEvent,84:84:0,Assignment,Editor,D:/University/Java/Assignment/src/Week5/CafeTest.java,CafeTest::main,46,26,Default task
2021-10-02T14:09:29.535+09:00,HanSeunghun,KeyEvent,65535:20:0,Assignment,Editor,D:/University/Java/Assignment/src/Week5/CafeTest.java,CafeTest::main,46,26,Default task
2021-10-02T14:09:29.816+09:00,HanSeunghun,KeyEvent,10:10:0,Assignment,Editor,D:/University/Java/Assignment/src/Week5/CafeTest.java,CafeTest::main,46,26,Default task
2021-10-02T14:09:32.111+09:00,HanSeunghun,KeyEvent,102:70:0,Assignment,Editor,D:/University/Java/Assignment/src/Week5/CafeTest.java,CafeTest::main,46,26,Default task
2021-10-02T14:09:32.279+09:00,HanSeunghun,KeyEvent,105:73:0,Assignment,Editor,D:/University/Java/Assignment/src/Week5/CafeTest.java,CafeTest::main,46,26,Default task
2021-10-02T14:09:32.487+09:00,HanSeunghun,KeyEvent,110:78:0,Assignment,Editor,D:/University/Java/Assignment/src/Week5/CafeTest.java,CafeTest::main,46,26,Default task
2021-10-02T14:09:32.559+09:00,HanSeunghun,KeyEvent,100:68:0,Assignment,Editor,D:/University/Java/Assignment/src/Week5/CafeTest.java,CafeTest::main,46,26,Default task
2021-10-02T14:09:32.688+09:00,HanSeunghun,KeyEvent,32:32:0,Assignment,Editor,D:/University/Java/Assignment/src/Week5/CafeTest.java,CafeTest::main,46,26,Default task
2021-10-02T14:09:32.751+09:00,HanSeunghun,KeyEvent,65535:20:0,Assignment,Editor,D:/University/Java/Assignment/src/Week5/CafeTest.java,CafeTest::main,46,26,Default task
2021-10-02T14:09:32.871+09:00,HanSeunghun,KeyEvent,67:67:0,Assignment,Editor,D:/University/Java/Assignment/src/Week5/CafeTest.java,CafeTest::main,46,26,Default task
2021-10-02T14:09:32.992+09:00,HanSeunghun,KeyEvent,65535:20:0,Assignment,Editor,D:/University/Java/Assignment/src/Week5/CafeTest.java,CafeTest::main,46,26,Default task
2021-10-02T14:09:33.110+09:00,HanSeunghun,KeyEvent,97:65:0,Assignment,Editor,D:/University/Java/Assignment/src/Week5/CafeTest.java,CafeTest::main,46,26,Default task
2021-10-02T14:09:33.278+09:00,HanSeunghun,KeyEvent,102:70:0,Assignment,Editor,D:/University/Java/Assignment/src/Week5/CafeTest.java,CafeTest::main,46,26,Default task
2021-10-02T14:09:33.391+09:00,HanSeunghun,KeyEvent,101:69:0,Assignment,Editor,D:/University/Java/Assignment/src/Week5/CafeTest.java,CafeTest::main,46,26,Default task
2021-10-02T14:09:33.696+09:00,HanSeunghun,KeyEvent,65535:20:0,Assignment,Editor,D:/University/Java/Assignment/src/Week5/CafeTest.java,CafeTest::main,46,26,Default task
2021-10-02T14:09:33.847+09:00,HanSeunghun,KeyEvent,76:76:0,Assignment,Editor,D:/University/Java/Assignment/src/Week5/CafeTest.java,CafeTest::main,46,26,Default task
2021-10-02T14:09:33.951+09:00,HanSeunghun,KeyEvent,65535:20:0,Assignment,Editor,D:/University/Java/Assignment/src/Week5/CafeTest.java,CafeTest::main,46,26,Default task
2021-10-02T14:09:34.182+09:00,HanSeunghun,KeyEvent,97:65:0,Assignment,Editor,D:/University/Java/Assignment/src/Week5/CafeTest.java,CafeTest::main,46,26,Default task
2021-10-02T14:09:34.471+09:00,HanSeunghun,KeyEvent,116:84:0,Assignment,Editor,D:/University/Java/Assignment/src/Week5/CafeTest.java,CafeTest::main,46,26,Default task
2021-10-02T14:09:34.622+09:00,HanSeunghun,KeyEvent,116:84:0,Assignment,Editor,D:/University/Java/Assignment/src/Week5/CafeTest.java,CafeTest::main,46,26,Default task
2021-10-02T14:09:34.751+09:00,HanSeunghun,KeyEvent,101:69:0,Assignment,Editor,D:/University/Java/Assignment/src/Week5/CafeTest.java,CafeTest::main,46,26,Default task
2021-10-02T14:09:35.095+09:00,HanSeunghun,KeyEvent,65535:20:0,Assignment,Editor,D:/University/Java/Assignment/src/Week5/CafeTest.java,CafeTest::main,46,26,Default task
2021-10-02T14:09:35.551+09:00,HanSeunghun,KeyEvent,32:32:0,Assignment,Editor,D:/University/Java/Assignment/src/Week5/CafeTest.java,CafeTest::main,46,26,Default task
2021-10-02T14:09:35.743+09:00,HanSeunghun,KeyEvent,72:72:0,Assignment,Editor,D:/University/Java/Assignment/src/Week5/CafeTest.java,CafeTest::main,46,26,Default task
2021-10-02T14:09:35.887+09:00,HanSeunghun,KeyEvent,65535:20:0,Assignment,Editor,D:/University/Java/Assignment/src/Week5/CafeTest.java,CafeTest::main,46,26,Default task
2021-10-02T14:09:36.007+09:00,HanSeunghun,KeyEvent,111:79:0,Assignment,Editor,D:/University/Java/Assignment/src/Week5/CafeTest.java,CafeTest::main,46,26,Default task
2021-10-02T14:09:36.159+09:00,HanSeunghun,KeyEvent,116:84:0,Assignment,Editor,D:/University/Java/Assignment/src/Week5/CafeTest.java,CafeTest::main,46,26,Default task
2021-10-02T14:09:37.111+09:00,HanSeunghun,KeyEvent,8:8:0,Assignment,Editor,D:/University/Java/Assignment/src/Week5/CafeTest.java,CafeTest::main,46,26,Default task
2021-10-02T14:09:37.255+09:00,HanSeunghun,KeyEvent,8:8:0,Assignment,Editor,D:/University/Java/Assignment/src/Week5/CafeTest.java,CafeTest::main,46,26,Default task
2021-10-02T14:09:37.351+09:00,HanSeunghun,KeyEvent,65535:20:0,Assignment,Editor,D:/University/Java/Assignment/src/Week5/CafeTest.java,CafeTest::main,46,26,Default task
2021-10-02T14:09:37.470+09:00,HanSeunghun,KeyEvent,79:79:0,Assignment,Editor,D:/University/Java/Assignment/src/Week5/CafeTest.java,CafeTest::main,46,26,Default task
2021-10-02T14:09:37.575+09:00,HanSeunghun,KeyEvent,84:84:0,Assignment,Editor,D:/University/Java/Assignment/src/Week5/CafeTest.java,CafeTest::main,46,26,Default task
2021-10-02T14:09:37.747+09:00,HanSeunghun,KeyEvent,10:10:0,Assignment,Editor,D:/University/Java/Assignment/src/Week5/CafeTest.java,CafeTest::main,46,26,Default task
2021-10-02T14:09:44.926+09:00,HanSeunghun,KeyEvent,67:67:0,Assignment,Editor,D:/University/Java/Assignment/src/Week5/CafeTest.java,CafeTest::main,46,26,Default task
2021-10-02T14:09:45.111+09:00,HanSeunghun,KeyEvent,76:76:0,Assignment,Editor,D:/University/Java/Assignment/src/Week5/CafeTest.java,CafeTest::main,46,26,Default task
2021-10-02T14:09:45.199+09:00,HanSeunghun,KeyEvent,69:69:0,Assignment,Editor,D:/University/Java/Assignment/src/Week5/CafeTest.java,CafeTest::main,46,26,Default task
2021-10-02T14:09:45.335+09:00,HanSeunghun,KeyEvent,65:65:0,Assignment,Editor,D:/University/Java/Assignment/src/Week5/CafeTest.java,CafeTest::main,46,26,Default task
2021-10-02T14:09:45.424+09:00,HanSeunghun,KeyEvent,82:82:0,Assignment,Editor,D:/University/Java/Assignment/src/Week5/CafeTest.java,CafeTest::main,46,26,Default task
2021-10-02T14:09:45.528+09:00,HanSeunghun,KeyEvent,10:10:0,Assignment,Editor,D:/University/Java/Assignment/src/Week5/CafeTest.java,CafeTest::main,46,26,Default task
2021-10-02T14:09:46.706+09:00,HanSeunghun,KeyEvent,65535:20:0,Assignment,Editor,D:/University/Java/Assignment/src/Week5/CafeTest.java,CafeTest::main,46,26,Default task
2021-10-02T14:09:46.878+09:00,HanSeunghun,KeyEvent,97:65:0,Assignment,Editor,D:/University/Java/Assignment/src/Week5/CafeTest.java,CafeTest::main,46,26,Default task
2021-10-02T14:09:47.047+09:00,HanSeunghun,KeyEvent,100:68:0,Assignment,Editor,D:/University/Java/Assignment/src/Week5/CafeTest.java,CafeTest::main,46,26,Default task
2021-10-02T14:09:47.215+09:00,HanSeunghun,KeyEvent,100:68:0,Assignment,Editor,D:/University/Java/Assignment/src/Week5/CafeTest.java,CafeTest::main,46,26,Default task
2021-10-02T14:09:47.328+09:00,HanSeunghun,KeyEvent,32:32:0,Assignment,Editor,D:/University/Java/Assignment/src/Week5/CafeTest.java,CafeTest::main,46,26,Default task
2021-10-02T14:09:47.543+09:00,HanSeunghun,KeyEvent,65535:20:0,Assignment,Editor,D:/University/Java/Assignment/src/Week5/CafeTest.java,CafeTest::main,46,26,Default task
2021-10-02T14:09:47.655+09:00,HanSeunghun,KeyEvent,68:68:0,Assignment,Editor,D:/University/Java/Assignment/src/Week5/CafeTest.java,CafeTest::main,46,26,Default task
2021-10-02T14:09:47.777+09:00,HanSeunghun,KeyEvent,65535:20:0,Assignment,Editor,D:/University/Java/Assignment/src/Week5/CafeTest.java,CafeTest::main,46,26,Default task
2021-10-02T14:09:47.950+09:00,HanSeunghun,KeyEvent,111:79:0,Assignment,Editor,D:/University/Java/Assignment/src/Week5/CafeTest.java,CafeTest::main,46,26,Default task
2021-10-02T14:09:48.903+09:00,HanSeunghun,KeyEvent,108:76:0,Assignment,Editor,D:/University/Java/Assignment/src/Week5/CafeTest.java,CafeTest::main,46,26,Default task
2021-10-02T14:09:49.255+09:00,HanSeunghun,KeyEvent,99:67:0,Assignment,Editor,D:/University/Java/Assignment/src/Week5/CafeTest.java,CafeTest::main,46,26,Default task
2021-10-02T14:09:49.486+09:00,HanSeunghun,KeyEvent,101:69:0,Assignment,Editor,D:/University/Java/Assignment/src/Week5/CafeTest.java,CafeTest::main,46,26,Default task
2021-10-02T14:09:49.743+09:00,HanSeunghun,KeyEvent,65535:20:0,Assignment,Editor,D:/University/Java/Assignment/src/Week5/CafeTest.java,CafeTest::main,46,26,Default task
2021-10-02T14:09:49.870+09:00,HanSeunghun,KeyEvent,76:76:0,Assignment,Editor,D:/University/Java/Assignment/src/Week5/CafeTest.java,CafeTest::main,46,26,Default task
2021-10-02T14:09:49.976+09:00,HanSeunghun,KeyEvent,65535:20:0,Assignment,Editor,D:/University/Java/Assignment/src/Week5/CafeTest.java,CafeTest::main,46,26,Default task
2021-10-02T14:09:50.063+09:00,HanSeunghun,KeyEvent,97:65:0,Assignment,Editor,D:/University/Java/Assignment/src/Week5/CafeTest.java,CafeTest::main,46,26,Default task
2021-10-02T14:09:50.279+09:00,HanSeunghun,KeyEvent,116:84:0,Assignment,Editor,D:/University/Java/Assignment/src/Week5/CafeTest.java,CafeTest::main,46,26,Default task
2021-10-02T14:09:50.375+09:00,HanSeunghun,KeyEvent,116:84:0,Assignment,Editor,D:/University/Java/Assignment/src/Week5/CafeTest.java,CafeTest::main,46,26,Default task
2021-10-02T14:09:51.295+09:00,HanSeunghun,KeyEvent,101:69:0,Assignment,Editor,D:/University/Java/Assignment/src/Week5/CafeTest.java,CafeTest::main,46,26,Default task
2021-10-02T14:09:51.463+09:00,HanSeunghun,KeyEvent,32:32:0,Assignment,Editor,D:/University/Java/Assignment/src/Week5/CafeTest.java,CafeTest::main,46,26,Default task
2021-10-02T14:09:51.792+09:00,HanSeunghun,KeyEvent,65535:20:0,Assignment,Editor,D:/University/Java/Assignment/src/Week5/CafeTest.java,CafeTest::main,46,26,Default task
2021-10-02T14:09:52.150+09:00,HanSeunghun,KeyEvent,76:76:0,Assignment,Editor,D:/University/Java/Assignment/src/Week5/CafeTest.java,CafeTest::main,46,26,Default task
2021-10-02T14:09:52.959+09:00,HanSeunghun,KeyEvent,65535:20:0,Assignment,Editor,D:/University/Java/Assignment/src/Week5/CafeTest.java,CafeTest::main,46,26,Default task
2021-10-02T14:09:53.271+09:00,HanSeunghun,KeyEvent,65535:20:0,Assignment,Editor,D:/University/Java/Assignment/src/Week5/CafeTest.java,CafeTest::main,46,26,Default task
2021-10-02T14:09:53.487+09:00,HanSeunghun,KeyEvent,65:65:0,Assignment,Editor,D:/University/Java/Assignment/src/Week5/CafeTest.java,CafeTest::main,46,26,Default task
2021-10-02T14:09:53.775+09:00,HanSeunghun,KeyEvent,84:84:0,Assignment,Editor,D:/University/Java/Assignment/src/Week5/CafeTest.java,CafeTest::main,46,26,Default task
2021-10-02T14:09:53.895+09:00,HanSeunghun,KeyEvent,84:84:0,Assignment,Editor,D:/University/Java/Assignment/src/Week5/CafeTest.java,CafeTest::main,46,26,Default task
2021-10-02T14:09:54.039+09:00,HanSeunghun,KeyEvent,69:69:0,Assignment,Editor,D:/University/Java/Assignment/src/Week5/CafeTest.java,CafeTest::main,46,26,Default task
2021-10-02T14:09:54.225+09:00,HanSeunghun,KeyEvent,10:10:0,Assignment,Editor,D:/University/Java/Assignment/src/Week5/CafeTest.java,CafeTest::main,46,26,Default task
2021-10-02T14:09:55.239+09:00,HanSeunghun,KeyEvent,76:76:0,Assignment,Editor,D:/University/Java/Assignment/src/Week5/CafeTest.java,CafeTest::main,46,26,Default task
2021-10-02T14:09:55.407+09:00,HanSeunghun,KeyEvent,73:73:0,Assignment,Editor,D:/University/Java/Assignment/src/Week5/CafeTest.java,CafeTest::main,46,26,Default task
2021-10-02T14:09:55.462+09:00,HanSeunghun,KeyEvent,83:83:0,Assignment,Editor,D:/University/Java/Assignment/src/Week5/CafeTest.java,CafeTest::main,46,26,Default task
2021-10-02T14:09:55.655+09:00,HanSeunghun,KeyEvent,84:84:0,Assignment,Editor,D:/University/Java/Assignment/src/Week5/CafeTest.java,CafeTest::main,46,26,Default task
2021-10-02T14:09:56.104+09:00,HanSeunghun,KeyEvent,10:10:0,Assignment,Editor,D:/University/Java/Assignment/src/Week5/CafeTest.java,CafeTest::main,46,26,Default task
2021-10-02T14:09:59.569+09:00,HanSeunghun,KeyEvent,81:81:0,Assignment,Editor,D:/University/Java/Assignment/src/Week5/CafeTest.java,CafeTest::main,46,26,Default task
2021-10-02T14:09:59.814+09:00,HanSeunghun,KeyEvent,85:85:0,Assignment,Editor,D:/University/Java/Assignment/src/Week5/CafeTest.java,CafeTest::main,46,26,Default task
2021-10-02T14:09:59.983+09:00,HanSeunghun,KeyEvent,73:73:0,Assignment,Editor,D:/University/Java/Assignment/src/Week5/CafeTest.java,CafeTest::main,46,26,Default task
2021-10-02T14:10:00.054+09:00,HanSeunghun,KeyEvent,84:84:0,Assignment,Editor,D:/University/Java/Assignment/src/Week5/CafeTest.java,CafeTest::main,46,26,Default task
2021-10-02T14:10:00.256+09:00,HanSeunghun,KeyEvent,10:10:0,Assignment,Editor,D:/University/Java/Assignment/src/Week5/CafeTest.java,CafeTest::main,46,26,Default task
2021-10-02T14:10:00.575+09:00,HanSeunghun,KeyEvent,65535:20:0,Assignment,Editor,D:/University/Java/Assignment/src/Week5/CafeTest.java,CafeTest::main,46,26,Default task
2021-10-02T14:10:03.328+09:00,HanSeunghun,Action,Start/Stop Activity Tracking,,,,,-1,-1,
2021-10-02T14:12:42.986+09:00,HanSeunghun,Action,Start/Stop Activity Tracking,,,,,-1,-1,
2021-10-02T14:24:34.965+09:00,HanSeunghun,Action,EditorEnter,Assignment,Editor,D:/University/Java/Assignment/src/Week5/Beverage.java,Beverage::getBeverageName,15,5,Default task
2021-10-02T14:24:34.967+09:00,HanSeunghun,KeyEvent,10:10:0,Assignment,Editor,D:/University/Java/Assignment/src/Week5/Beverage.java,Beverage::getBeverageName,16,8,Default task
2021-10-02T14:24:35.293+09:00,HanSeunghun,KeyEvent,65535:17:2,Assignment,Editor,D:/University/Java/Assignment/src/Week5/Beverage.java,Beverage::getBeverageName,16,8,Default task
2021-10-02T14:24:35.358+09:00,HanSeunghun,Action,EditorPaste,Assignment,Editor,D:/University/Java/Assignment/src/Week5/Beverage.java,Beverage::getBeverageName,16,8,Default task
2021-10-02T14:24:35.361+09:00,HanSeunghun,KeyEvent,22:86:2,Assignment,Editor,D:/University/Java/Assignment/src/Week5/Beverage.java,Beverage::getBeverageName,16,33,Default task
2021-10-02T14:24:36.717+09:00,HanSeunghun,KeyEvent,65535:17:2,Assignment,Editor,D:/University/Java/Assignment/src/Week5/Beverage.java,Beverage::getBeverageName,16,33,Default task
2021-10-02T14:24:36.844+09:00,HanSeunghun,Action,$Undo,Assignment,Editor,D:/University/Java/Assignment/src/Week5/Beverage.java,Beverage::getBeverageName,16,33,Default task
2021-10-02T14:24:36.845+09:00,HanSeunghun,KeyEvent,26:90:2,Assignment,Editor,D:/University/Java/Assignment/src/Week5/Beverage.java,Beverage::getBeverageName,16,8,Default task
2021-10-02T14:24:37.167+09:00,HanSeunghun,Action,$Undo,Assignment,Editor,D:/University/Java/Assignment/src/Week5/Beverage.java,Beverage::getBeverageName,16,8,Default task
2021-10-02T14:24:37.168+09:00,HanSeunghun,KeyEvent,26:90:2,Assignment,Editor,D:/University/Java/Assignment/src/Week5/Beverage.java,Beverage::getBeverageName,15,5,Default task
2021-10-02T14:24:41.477+09:00,HanSeunghun,KeyEvent,65535:17:2,Assignment,Editor,D:/University/Java/Assignment/src/Week5/Beverage.java,,12,5,Default task
2021-10-02T14:24:41.978+09:00,HanSeunghun,KeyEvent,65535:17:2,Assignment,Editor,D:/University/Java/Assignment/src/Week5/Beverage.java,,12,5,Default task
2021-10-02T14:24:42.012+09:00,HanSeunghun,KeyEvent,65535:17:2,Assignment,Editor,D:/University/Java/Assignment/src/Week5/Beverage.java,,12,5,Default task
2021-10-02T14:24:42.045+09:00,HanSeunghun,KeyEvent,65535:17:2,Assignment,Editor,D:/University/Java/Assignment/src/Week5/Beverage.java,,12,5,Default task
2021-10-02T14:24:42.076+09:00,HanSeunghun,KeyEvent,65535:17:2,Assignment,Editor,D:/University/Java/Assignment/src/Week5/Beverage.java,,12,5,Default task
2021-10-02T14:24:42.110+09:00,HanSeunghun,KeyEvent,65535:17:2,Assignment,Editor,D:/University/Java/Assignment/src/Week5/Beverage.java,,12,5,Default task
2021-10-02T14:24:42.142+09:00,HanSeunghun,KeyEvent,65535:17:2,Assignment,Editor,D:/University/Java/Assignment/src/Week5/Beverage.java,,12,5,Default task
2021-10-02T14:24:42.174+09:00,HanSeunghun,Action,SaveAll,Assignment,Editor,D:/University/Java/Assignment/src/Week5/Beverage.java,,12,5,Default task
2021-10-02T14:24:42.174+09:00,HanSeunghun,KeyEvent,19:83:2,Assignment,Editor,D:/University/Java/Assignment/src/Week5/Beverage.java,,12,5,Default task
2021-10-02T14:25:25.941+09:00,HanSeunghun,KeyEvent,65535:16:1,Assignment,Editor,D:/University/Java/Assignment/src/Week5/Cafe.java,Cafe::toString,43,5,Default task
2021-10-02T14:25:26.125+09:00,HanSeunghun,KeyEvent,65535:17:2,Assignment,Editor,D:/University/Java/Assignment/src/Week5/Cafe.java,Cafe::toString,43,5,Default task
2021-10-02T14:25:26.541+09:00,HanSeunghun,Action,EditorEnter,Assignment,Editor,D:/University/Java/Assignment/src/Week5/Cafe.java,Cafe::toString,43,5,Default task
2021-10-02T14:25:26.543+09:00,HanSeunghun,KeyEvent,10:10:0,Assignment,Editor,D:/University/Java/Assignment/src/Week5/Cafe.java,Cafe::toString,44,8,Default task
2021-10-02T14:25:26.725+09:00,HanSeunghun,KeyEvent,65535:17:2,Assignment,Editor,D:/University/Java/Assignment/src/Week5/Cafe.java,Cafe::toString,44,8,Default task
2021-10-02T14:25:26.789+09:00,HanSeunghun,Action,EditorPaste,Assignment,Editor,D:/University/Java/Assignment/src/Week5/Cafe.java,Cafe::toString,44,8,Default task
2021-10-02T14:25:26.794+09:00,HanSeunghun,KeyEvent,22:86:2,Assignment,Editor,D:/University/Java/Assignment/src/Week5/Cafe.java,Cafe::toString,44,33,Default task
2021-10-02T14:25:27.501+09:00,HanSeunghun,Action,EditorEnter,Assignment,Editor,D:/University/Java/Assignment/src/Week5/Cafe.java,Cafe::toString,44,33,Default task
2021-10-02T14:25:27.502+09:00,HanSeunghun,KeyEvent,10:10:0,Assignment,Editor,D:/University/Java/Assignment/src/Week5/Cafe.java,Cafe::toString,45,8,Default task
2021-10-02T14:25:27.694+09:00,HanSeunghun,KeyEvent,65535:17:2,Assignment,Editor,D:/University/Java/Assignment/src/Week5/Cafe.java,Cafe::toString,45,8,Default task
2021-10-02T14:25:27.854+09:00,HanSeunghun,Action,SaveAll,Assignment,Editor,D:/University/Java/Assignment/src/Week5/Cafe.java,Cafe::toString,45,8,Default task
2021-10-02T14:25:27.861+09:00,HanSeunghun,KeyEvent,19:83:2,Assignment,Editor,D:/University/Java/Assignment/src/Week5/Cafe.java,Cafe::toString,45,8,Default task
2021-10-02T14:26:01.021+09:00,HanSeunghun,Action,EditorEnter,Assignment,Editor,D:/University/Java/Assignment/src/Week5/Beverage.java,Beverage::Beverage,9,5,Default task
2021-10-02T14:26:01.024+09:00,HanSeunghun,KeyEvent,10:10:0,Assignment,Editor,D:/University/Java/Assignment/src/Week5/Beverage.java,Beverage::Beverage,10,8,Default task
2021-10-02T14:26:01.206+09:00,HanSeunghun,KeyEvent,65535:17:2,Assignment,Editor,D:/University/Java/Assignment/src/Week5/Beverage.java,Beverage::Beverage,10,8,Default task
2021-10-02T14:26:01.261+09:00,HanSeunghun,Action,EditorPaste,Assignment,Editor,D:/University/Java/Assignment/src/Week5/Beverage.java,Beverage::Beverage,10,8,Default task
2021-10-02T14:26:01.264+09:00,HanSeunghun,KeyEvent,22:86:2,Assignment,Editor,D:/University/Java/Assignment/src/Week5/Beverage.java,Beverage::Beverage,10,33,Default task
2021-10-02T14:26:01.597+09:00,HanSeunghun,Action,EditorEnter,Assignment,Editor,D:/University/Java/Assignment/src/Week5/Beverage.java,Beverage::Beverage,10,33,Default task
2021-10-02T14:26:01.598+09:00,HanSeunghun,KeyEvent,10:10:0,Assignment,Editor,D:/University/Java/Assignment/src/Week5/Beverage.java,Beverage::Beverage,11,8,Default task
2021-10-02T14:26:01.836+09:00,HanSeunghun,KeyEvent,65535:17:2,Assignment,Editor,D:/University/Java/Assignment/src/Week5/Beverage.java,Beverage::Beverage,11,8,Default task
2021-10-02T14:26:01.941+09:00,HanSeunghun,Action,SaveAll,Assignment,Editor,D:/University/Java/Assignment/src/Week5/Beverage.java,Beverage::Beverage,11,8,Default task
2021-10-02T14:26:01.958+09:00,HanSeunghun,KeyEvent,19:83:2,Assignment,Editor,D:/University/Java/Assignment/src/Week5/Beverage.java,Beverage::Beverage,11,8,Default task
2021-10-02T14:26:19.613+09:00,HanSeunghun,Action,RunClass,Assignment,Editor,D:/University/Java/Assignment/src/Week5/CafeTest.java,CafeTest::FindBeverage,94,9,Default task
2021-10-02T14:26:22.132+09:00,HanSeunghun,KeyEvent,97:65:0,Assignment,Editor,D:/University/Java/Assignment/src/Week5/CafeTest.java,CafeTest::FindBeverage,94,9,Default task
2021-10-02T14:26:22.388+09:00,HanSeunghun,KeyEvent,100:68:0,Assignment,Editor,D:/University/Java/Assignment/src/Week5/CafeTest.java,CafeTest::FindBeverage,94,9,Default task
2021-10-02T14:26:22.581+09:00,HanSeunghun,KeyEvent,100:68:0,Assignment,Editor,D:/University/Java/Assignment/src/Week5/CafeTest.java,CafeTest::FindBeverage,94,9,Default task
2021-10-02T14:26:23.133+09:00,HanSeunghun,KeyEvent,32:32:0,Assignment,Editor,D:/University/Java/Assignment/src/Week5/CafeTest.java,CafeTest::FindBeverage,94,9,Default task
2021-10-02T14:26:23.958+09:00,HanSeunghun,KeyEvent,65535:20:0,Assignment,Editor,D:/University/Java/Assignment/src/Week5/CafeTest.java,CafeTest::FindBeverage,94,9,Default task
2021-10-02T14:26:24.092+09:00,HanSeunghun,KeyEvent,65:65:0,Assignment,Editor,D:/University/Java/Assignment/src/Week5/CafeTest.java,CafeTest::FindBeverage,94,9,Default task
2021-10-02T14:26:24.749+09:00,HanSeunghun,KeyEvent,32:32:0,Assignment,Editor,D:/University/Java/Assignment/src/Week5/CafeTest.java,CafeTest::FindBeverage,94,9,Default task
2021-10-02T14:26:25.069+09:00,HanSeunghun,KeyEvent,71:71:0,Assignment,Editor,D:/University/Java/Assignment/src/Week5/CafeTest.java,CafeTest::FindBeverage,94,9,Default task
2021-10-02T14:26:25.261+09:00,HanSeunghun,KeyEvent,65535:20:0,Assignment,Editor,D:/University/Java/Assignment/src/Week5/CafeTest.java,CafeTest::FindBeverage,94,9,Default task
2021-10-02T14:26:25.837+09:00,HanSeunghun,KeyEvent,8:8:0,Assignment,Editor,D:/University/Java/Assignment/src/Week5/CafeTest.java,CafeTest::FindBeverage,94,9,Default task
2021-10-02T14:26:26.029+09:00,HanSeunghun,KeyEvent,65535:20:0,Assignment,Editor,D:/University/Java/Assignment/src/Week5/CafeTest.java,CafeTest::FindBeverage,94,9,Default task
2021-10-02T14:26:26.158+09:00,HanSeunghun,KeyEvent,72:72:0,Assignment,Editor,D:/University/Java/Assignment/src/Week5/CafeTest.java,CafeTest::FindBeverage,94,9,Default task
2021-10-02T14:26:26.237+09:00,HanSeunghun,KeyEvent,65535:20:0,Assignment,Editor,D:/University/Java/Assignment/src/Week5/CafeTest.java,CafeTest::FindBeverage,94,9,Default task
2021-10-02T14:26:26.404+09:00,HanSeunghun,KeyEvent,111:79:0,Assignment,Editor,D:/University/Java/Assignment/src/Week5/CafeTest.java,CafeTest::FindBeverage,94,9,Default task
2021-10-02T14:26:26.493+09:00,HanSeunghun,KeyEvent,116:84:0,Assignment,Editor,D:/University/Java/Assignment/src/Week5/CafeTest.java,CafeTest::FindBeverage,94,9,Default task
2021-10-02T14:26:26.886+09:00,HanSeunghun,KeyEvent,10:10:0,Assignment,Editor,D:/University/Java/Assignment/src/Week5/CafeTest.java,CafeTest::FindBeverage,94,9,Default task
2021-10-02T14:26:28.838+09:00,HanSeunghun,Action,EditorUp,Assignment,Editor,D:/University/Java/Assignment/src/Week5/CafeTest.java,CafeTest::FindBeverage,94,9,Default task
2021-10-02T14:26:28.838+09:00,HanSeunghun,KeyEvent,65535:38:0,Assignment,Editor,D:/University/Java/Assignment/src/Week5/CafeTest.java,CafeTest::FindBeverage,94,9,Default task
2021-10-02T14:26:29.133+09:00,HanSeunghun,Action,EditorUp,Assignment,Editor,D:/University/Java/Assignment/src/Week5/CafeTest.java,CafeTest::FindBeverage,94,9,Default task
2021-10-02T14:26:29.133+09:00,HanSeunghun,KeyEvent,65535:38:0,Assignment,Editor,D:/University/Java/Assignment/src/Week5/CafeTest.java,CafeTest::FindBeverage,94,9,Default task
2021-10-02T14:26:29.357+09:00,HanSeunghun,Action,EditorUp,Assignment,Editor,D:/University/Java/Assignment/src/Week5/CafeTest.java,CafeTest::FindBeverage,94,9,Default task
2021-10-02T14:26:29.357+09:00,HanSeunghun,KeyEvent,65535:38:0,Assignment,Editor,D:/University/Java/Assignment/src/Week5/CafeTest.java,CafeTest::FindBeverage,94,9,Default task
2021-10-02T14:26:29.581+09:00,HanSeunghun,Action,EditorUp,Assignment,Editor,D:/University/Java/Assignment/src/Week5/CafeTest.java,CafeTest::FindBeverage,94,9,Default task
2021-10-02T14:26:29.582+09:00,HanSeunghun,KeyEvent,65535:38:0,Assignment,Editor,D:/University/Java/Assignment/src/Week5/CafeTest.java,CafeTest::FindBeverage,94,9,Default task
2021-10-02T14:26:30.101+09:00,HanSeunghun,Action,EditorUp,Assignment,Editor,D:/University/Java/Assignment/src/Week5/CafeTest.java,CafeTest::FindBeverage,94,9,Default task
2021-10-02T14:26:30.102+09:00,HanSeunghun,KeyEvent,65535:38:0,Assignment,Editor,D:/University/Java/Assignment/src/Week5/CafeTest.java,CafeTest::FindBeverage,94,9,Default task
2021-10-02T14:26:37.069+09:00,HanSeunghun,Action,EditorBackSpace,Assignment,Editor,D:/University/Java/Assignment/src/Week5/Cafe.java,Cafe::toString,44,0,Default task
2021-10-02T14:26:37.070+09:00,HanSeunghun,KeyEvent,8:8:0,Assignment,Editor,D:/University/Java/Assignment/src/Week5/Cafe.java,Cafe::toString,44,0,Default task
2021-10-02T14:26:38.172+09:00,HanSeunghun,KeyEvent,65535:17:2,Assignment,Editor,D:/University/Java/Assignment/src/Week5/Cafe.java,Cafe::toString,44,0,Default task
2021-10-02T14:26:38.356+09:00,HanSeunghun,Action,$Undo,Assignment,Editor,D:/University/Java/Assignment/src/Week5/Cafe.java,Cafe::toString,44,0,Default task
2021-10-02T14:26:38.357+09:00,HanSeunghun,KeyEvent,26:90:2,Assignment,Editor,D:/University/Java/Assignment/src/Week5/Cafe.java,Cafe::toString,44,0,Default task
2021-10-02T14:26:43.692+09:00,HanSeunghun,Action,EditorBackSpace,Assignment,Editor,D:/University/Java/Assignment/src/Week5/Cafe.java,Cafe::findBeverage,29,0,Default task
2021-10-02T14:26:43.694+09:00,HanSeunghun,KeyEvent,8:8:0,Assignment,Editor,D:/University/Java/Assignment/src/Week5/Cafe.java,Cafe::findBeverage,29,0,Default task
2021-10-02T14:26:44.014+09:00,HanSeunghun,Action,EditorBackSpace,Assignment,Editor,D:/University/Java/Assignment/src/Week5/Cafe.java,Cafe::findBeverage,29,0,Default task
2021-10-02T14:26:44.017+09:00,HanSeunghun,KeyEvent,8:8:0,Assignment,Editor,D:/University/Java/Assignment/src/Week5/Cafe.java,Cafe::findBeverage,28,5,Default task
2021-10-02T14:26:46.324+09:00,HanSeunghun,Action,EditorBackSpace,Assignment,Editor,D:/University/Java/Assignment/src/Week5/Cafe.java,Cafe::addBeverage,18,0,Default task
2021-10-02T14:26:46.327+09:00,HanSeunghun,KeyEvent,8:8:0,Assignment,Editor,D:/University/Java/Assignment/src/Week5/Cafe.java,Cafe::addBeverage,18,0,Default task
2021-10-02T14:26:46.492+09:00,HanSeunghun,Action,EditorBackSpace,Assignment,Editor,D:/University/Java/Assignment/src/Week5/Cafe.java,Cafe::addBeverage,18,0,Default task
2021-10-02T14:26:46.494+09:00,HanSeunghun,KeyEvent,8:8:0,Assignment,Editor,D:/University/Java/Assignment/src/Week5/Cafe.java,Cafe::addBeverage,17,5,Default task
2021-10-02T14:26:48.036+09:00,HanSeunghun,KeyEvent,65535:17:2,Assignment,Editor,D:/University/Java/Assignment/src/Week5/Cafe.java,,14,5,Default task
2021-10-02T14:26:48.173+09:00,HanSeunghun,Action,SaveAll,Assignment,Editor,D:/University/Java/Assignment/src/Week5/Cafe.java,,14,5,Default task
2021-10-02T14:26:48.180+09:00,HanSeunghun,KeyEvent,19:83:2,Assignment,Editor,D:/University/Java/Assignment/src/Week5/Cafe.java,,14,5,Default task
2021-10-02T14:26:55.317+09:00,HanSeunghun,Action,RunClass,Assignment,Editor,D:/University/Java/Assignment/src/Week5/CafeTest.java,CafeTest::FindBeverage,93,12,Default task
2021-10-02T14:26:59.916+09:00,HanSeunghun,KeyEvent,97:65:0,Assignment,Editor,D:/University/Java/Assignment/src/Week5/CafeTest.java,CafeTest::FindBeverage,93,12,Default task
2021-10-02T14:27:00.117+09:00,HanSeunghun,KeyEvent,100:68:0,Assignment,Editor,D:/University/Java/Assignment/src/Week5/CafeTest.java,CafeTest::FindBeverage,93,12,Default task
2021-10-02T14:27:00.277+09:00,HanSeunghun,KeyEvent,100:68:0,Assignment,Editor,D:/University/Java/Assignment/src/Week5/CafeTest.java,CafeTest::FindBeverage,93,12,Default task
2021-10-02T14:27:00.389+09:00,HanSeunghun,KeyEvent,32:32:0,Assignment,Editor,D:/University/Java/Assignment/src/Week5/CafeTest.java,CafeTest::FindBeverage,93,12,Default task
2021-10-02T14:27:00.641+09:00,HanSeunghun,KeyEvent,104:72:0,Assignment,Editor,D:/University/Java/Assignment/src/Week5/CafeTest.java,CafeTest::FindBeverage,93,12,Default task
2021-10-02T14:27:00.765+09:00,HanSeunghun,KeyEvent,111:79:0,Assignment,Editor,D:/University/Java/Assignment/src/Week5/CafeTest.java,CafeTest::FindBeverage,93,12,Default task
2021-10-02T14:27:00.909+09:00,HanSeunghun,KeyEvent,116:84:0,Assignment,Editor,D:/University/Java/Assignment/src/Week5/CafeTest.java,CafeTest::FindBeverage,93,12,Default task
2021-10-02T14:27:01.486+09:00,HanSeunghun,KeyEvent,8:8:0,Assignment,Editor,D:/University/Java/Assignment/src/Week5/CafeTest.java,CafeTest::FindBeverage,93,12,Default task
2021-10-02T14:27:01.654+09:00,HanSeunghun,KeyEvent,8:8:0,Assignment,Editor,D:/University/Java/Assignment/src/Week5/CafeTest.java,CafeTest::FindBeverage,93,12,Default task
2021-10-02T14:27:01.821+09:00,HanSeunghun,KeyEvent,8:8:0,Assignment,Editor,D:/University/Java/Assignment/src/Week5/CafeTest.java,CafeTest::FindBeverage,93,12,Default task
2021-10-02T14:27:01.947+09:00,HanSeunghun,KeyEvent,97:65:0,Assignment,Editor,D:/University/Java/Assignment/src/Week5/CafeTest.java,CafeTest::FindBeverage,93,12,Default task
2021-10-02T14:27:02.132+09:00,HanSeunghun,KeyEvent,97:65:0,Assignment,Editor,D:/University/Java/Assignment/src/Week5/CafeTest.java,CafeTest::FindBeverage,93,12,Default task
2021-10-02T14:27:02.318+09:00,HanSeunghun,KeyEvent,97:65:0,Assignment,Editor,D:/University/Java/Assignment/src/Week5/CafeTest.java,CafeTest::FindBeverage,93,12,Default task
2021-10-02T14:27:02.477+09:00,HanSeunghun,KeyEvent,32:32:0,Assignment,Editor,D:/University/Java/Assignment/src/Week5/CafeTest.java,CafeTest::FindBeverage,93,12,Default task
2021-10-02T14:27:02.620+09:00,HanSeunghun,KeyEvent,104:72:0,Assignment,Editor,D:/University/Java/Assignment/src/Week5/CafeTest.java,CafeTest::FindBeverage,93,12,Default task
2021-10-02T14:27:02.693+09:00,HanSeunghun,KeyEvent,111:79:0,Assignment,Editor,D:/University/Java/Assignment/src/Week5/CafeTest.java,CafeTest::FindBeverage,93,12,Default task
2021-10-02T14:27:02.788+09:00,HanSeunghun,KeyEvent,116:84:0,Assignment,Editor,D:/University/Java/Assignment/src/Week5/CafeTest.java,CafeTest::FindBeverage,93,12,Default task
2021-10-02T14:27:03.095+09:00,HanSeunghun,KeyEvent,10:10:0,Assignment,Editor,D:/University/Java/Assignment/src/Week5/CafeTest.java,CafeTest::FindBeverage,93,12,Default task
2021-10-02T14:27:04.292+09:00,HanSeunghun,Action,EditorUp,Assignment,Editor,D:/University/Java/Assignment/src/Week5/CafeTest.java,CafeTest::FindBeverage,93,12,Default task
2021-10-02T14:27:04.293+09:00,HanSeunghun,KeyEvent,65535:38:0,Assignment,Editor,D:/University/Java/Assignment/src/Week5/CafeTest.java,CafeTest::FindBeverage,93,12,Default task
2021-10-02T14:27:04.637+09:00,HanSeunghun,Action,EditorUp,Assignment,Editor,D:/University/Java/Assignment/src/Week5/CafeTest.java,CafeTest::FindBeverage,93,12,Default task
2021-10-02T14:27:04.638+09:00,HanSeunghun,KeyEvent,65535:38:0,Assignment,Editor,D:/University/Java/Assignment/src/Week5/CafeTest.java,CafeTest::FindBeverage,93,12,Default task
2021-10-02T14:27:04.957+09:00,HanSeunghun,Action,EditorUp,Assignment,Editor,D:/University/Java/Assignment/src/Week5/CafeTest.java,CafeTest::FindBeverage,93,12,Default task
2021-10-02T14:27:04.958+09:00,HanSeunghun,KeyEvent,65535:38:0,Assignment,Editor,D:/University/Java/Assignment/src/Week5/CafeTest.java,CafeTest::FindBeverage,93,12,Default task
2021-10-02T14:27:05.301+09:00,HanSeunghun,Action,EditorDown,Assignment,Editor,D:/University/Java/Assignment/src/Week5/CafeTest.java,CafeTest::FindBeverage,93,12,Default task
2021-10-02T14:27:05.301+09:00,HanSeunghun,KeyEvent,65535:40:0,Assignment,Editor,D:/University/Java/Assignment/src/Week5/CafeTest.java,CafeTest::FindBeverage,93,12,Default task
2021-10-02T14:27:05.726+09:00,HanSeunghun,Action,EditorDown,Assignment,Editor,D:/University/Java/Assignment/src/Week5/CafeTest.java,CafeTest::FindBeverage,93,12,Default task
2021-10-02T14:27:05.727+09:00,HanSeunghun,KeyEvent,65535:40:0,Assignment,Editor,D:/University/Java/Assignment/src/Week5/CafeTest.java,CafeTest::FindBeverage,93,12,Default task
2021-10-02T14:27:05.989+09:00,HanSeunghun,Action,EditorDown,Assignment,Editor,D:/University/Java/Assignment/src/Week5/CafeTest.java,CafeTest::FindBeverage,93,12,Default task
2021-10-02T14:27:05.989+09:00,HanSeunghun,KeyEvent,65535:40:0,Assignment,Editor,D:/University/Java/Assignment/src/Week5/CafeTest.java,CafeTest::FindBeverage,93,12,Default task
2021-10-02T14:27:38.341+09:00,HanSeunghun,Action,EditorBackSpace,Assignment,Editor,D:/University/Java/Assignment/src/Week5/Beverage.java,Beverage::Beverage,10,0,Default task
2021-10-02T14:27:38.343+09:00,HanSeunghun,KeyEvent,8:8:0,Assignment,Editor,D:/University/Java/Assignment/src/Week5/Beverage.java,Beverage::Beverage,10,0,Default task
2021-10-02T14:27:38.541+09:00,HanSeunghun,Action,EditorBackSpace,Assignment,Editor,D:/University/Java/Assignment/src/Week5/Beverage.java,Beverage::Beverage,10,0,Default task
2021-10-02T14:27:38.542+09:00,HanSeunghun,KeyEvent,8:8:0,Assignment,Editor,D:/University/Java/Assignment/src/Week5/Beverage.java,Beverage::Beverage,9,5,Default task
2021-10-02T14:27:39.084+09:00,HanSeunghun,KeyEvent,65535:17:2,Assignment,Editor,D:/University/Java/Assignment/src/Week5/Beverage.java,Beverage::Beverage,9,5,Default task
2021-10-02T14:27:39.204+09:00,HanSeunghun,Action,SaveAll,Assignment,Editor,D:/University/Java/Assignment/src/Week5/Beverage.java,Beverage::Beverage,9,5,Default task
2021-10-02T14:27:39.213+09:00,HanSeunghun,KeyEvent,19:83:2,Assignment,Editor,D:/University/Java/Assignment/src/Week5/Beverage.java,Beverage::Beverage,9,5,Default task
2021-10-02T14:27:48.060+09:00,HanSeunghun,Action,RunClass,Assignment,Editor,D:/University/Java/Assignment/src/Week5/CafeTest.java,CafeTest::main,40,13,Default task
2021-10-02T14:27:51.805+09:00,HanSeunghun,KeyEvent,97:65:0,Assignment,Editor,D:/University/Java/Assignment/src/Week5/CafeTest.java,CafeTest::main,40,13,Default task
2021-10-02T14:27:52.013+09:00,HanSeunghun,KeyEvent,100:68:0,Assignment,Editor,D:/University/Java/Assignment/src/Week5/CafeTest.java,CafeTest::main,40,13,Default task
2021-10-02T14:27:52.173+09:00,HanSeunghun,KeyEvent,100:68:0,Assignment,Editor,D:/University/Java/Assignment/src/Week5/CafeTest.java,CafeTest::main,40,13,Default task
2021-10-02T14:27:52.269+09:00,HanSeunghun,KeyEvent,32:32:0,Assignment,Editor,D:/University/Java/Assignment/src/Week5/CafeTest.java,CafeTest::main,40,13,Default task
2021-10-02T14:27:52.517+09:00,HanSeunghun,KeyEvent,103:71:0,Assignment,Editor,D:/University/Java/Assignment/src/Week5/CafeTest.java,CafeTest::main,40,13,Default task
2021-10-02T14:27:52.974+09:00,HanSeunghun,KeyEvent,8:8:0,Assignment,Editor,D:/University/Java/Assignment/src/Week5/CafeTest.java,CafeTest::main,40,13,Default task
2021-10-02T14:27:53.116+09:00,HanSeunghun,KeyEvent,97:65:0,Assignment,Editor,D:/University/Java/Assignment/src/Week5/CafeTest.java,CafeTest::main,40,13,Default task
2021-10-02T14:27:53.405+09:00,HanSeunghun,KeyEvent,97:65:0,Assignment,Editor,D:/University/Java/Assignment/src/Week5/CafeTest.java,CafeTest::main,40,13,Default task
2021-10-02T14:27:53.565+09:00,HanSeunghun,KeyEvent,97:65:0,Assignment,Editor,D:/University/Java/Assignment/src/Week5/CafeTest.java,CafeTest::main,40,13,Default task
2021-10-02T14:27:53.688+09:00,HanSeunghun,KeyEvent,32:32:0,Assignment,Editor,D:/University/Java/Assignment/src/Week5/CafeTest.java,CafeTest::main,40,13,Default task
2021-10-02T14:27:53.836+09:00,HanSeunghun,KeyEvent,103:71:0,Assignment,Editor,D:/University/Java/Assignment/src/Week5/CafeTest.java,CafeTest::main,40,13,Default task
2021-10-02T14:27:53.893+09:00,HanSeunghun,KeyEvent,105:73:0,Assignment,Editor,D:/University/Java/Assignment/src/Week5/CafeTest.java,CafeTest::main,40,13,Default task
2021-10-02T14:27:54.076+09:00,HanSeunghun,KeyEvent,116:84:0,Assignment,Editor,D:/University/Java/Assignment/src/Week5/CafeTest.java,CafeTest::main,40,13,Default task
2021-10-02T14:27:54.359+09:00,HanSeunghun,KeyEvent,8:8:0,Assignment,Editor,D:/University/Java/Assignment/src/Week5/CafeTest.java,CafeTest::main,40,13,Default task
2021-10-02T14:27:54.669+09:00,HanSeunghun,KeyEvent,8:8:0,Assignment,Editor,D:/University/Java/Assignment/src/Week5/CafeTest.java,CafeTest::main,40,13,Default task
2021-10-02T14:27:54.837+09:00,HanSeunghun,KeyEvent,8:8:0,Assignment,Editor,D:/University/Java/Assignment/src/Week5/CafeTest.java,CafeTest::main,40,13,Default task
2021-10-02T14:27:55.078+09:00,HanSeunghun,KeyEvent,104:72:0,Assignment,Editor,D:/University/Java/Assignment/src/Week5/CafeTest.java,CafeTest::main,40,13,Default task
2021-10-02T14:27:55.124+09:00,HanSeunghun,KeyEvent,111:79:0,Assignment,Editor,D:/University/Java/Assignment/src/Week5/CafeTest.java,CafeTest::main,40,13,Default task
2021-10-02T14:27:55.228+09:00,HanSeunghun,KeyEvent,116:84:0,Assignment,Editor,D:/University/Java/Assignment/src/Week5/CafeTest.java,CafeTest::main,40,13,Default task
2021-10-02T14:27:55.413+09:00,HanSeunghun,KeyEvent,10:10:0,Assignment,Editor,D:/University/Java/Assignment/src/Week5/CafeTest.java,CafeTest::main,40,13,Default task
2021-10-02T14:28:34.044+09:00,HanSeunghun,Action,EditorEnter,Assignment,Editor,D:/University/Java/Assignment/src/Week5/Beverage.java,Beverage::Beverage,9,5,Default task
2021-10-02T14:28:34.046+09:00,HanSeunghun,KeyEvent,10:10:0,Assignment,Editor,D:/University/Java/Assignment/src/Week5/Beverage.java,Beverage::Beverage,10,8,Default task
2021-10-02T14:28:34.245+09:00,HanSeunghun,KeyEvent,65535:17:2,Assignment,Editor,D:/University/Java/Assignment/src/Week5/Beverage.java,Beverage::Beverage,10,8,Default task
2021-10-02T14:28:34.364+09:00,HanSeunghun,Action,EditorPaste,Assignment,Editor,D:/University/Java/Assignment/src/Week5/Beverage.java,Beverage::Beverage,10,8,Default task
2021-10-02T14:28:34.368+09:00,HanSeunghun,KeyEvent,22:86:2,Assignment,Editor,D:/University/Java/Assignment/src/Week5/Beverage.java,Beverage::Beverage,10,33,Default task
2021-10-02T14:28:35.549+09:00,HanSeunghun,KeyEvent,65535:17:2,Assignment,Editor,D:/University/Java/Assignment/src/Week5/Beverage.java,Beverage::Beverage,10,33,Default task
2021-10-02T14:28:35.797+09:00,HanSeunghun,Action,SaveAll,Assignment,Editor,D:/University/Java/Assignment/src/Week5/Beverage.java,Beverage::Beverage,10,33,Default task
2021-10-02T14:28:35.805+09:00,HanSeunghun,KeyEvent,19:83:2,Assignment,Editor,D:/University/Java/Assignment/src/Week5/Beverage.java,Beverage::Beverage,10,33,Default task
2021-10-02T14:28:40.809+09:00,HanSeunghun,Action,RunClass,Assignment,Editor,D:/University/Java/Assignment/src/Week5/CafeTest.java,CafeTest::CreateBeverage,79,29,Default task
2021-10-02T14:28:44.772+09:00,HanSeunghun,KeyEvent,97:65:0,Assignment,Editor,D:/University/Java/Assignment/src/Week5/CafeTest.java,CafeTest::CreateBeverage,79,29,Default task
2021-10-02T14:28:44.996+09:00,HanSeunghun,KeyEvent,100:68:0,Assignment,Editor,D:/University/Java/Assignment/src/Week5/CafeTest.java,CafeTest::CreateBeverage,79,29,Default task
2021-10-02T14:28:45.180+09:00,HanSeunghun,KeyEvent,100:68:0,Assignment,Editor,D:/University/Java/Assignment/src/Week5/CafeTest.java,CafeTest::CreateBeverage,79,29,Default task
2021-10-02T14:28:45.277+09:00,HanSeunghun,KeyEvent,32:32:0,Assignment,Editor,D:/University/Java/Assignment/src/Week5/CafeTest.java,CafeTest::CreateBeverage,79,29,Default task
2021-10-02T14:28:45.397+09:00,HanSeunghun,KeyEvent,97:65:0,Assignment,Editor,D:/University/Java/Assignment/src/Week5/CafeTest.java,CafeTest::CreateBeverage,79,29,Default task
2021-10-02T14:28:45.564+09:00,HanSeunghun,KeyEvent,97:65:0,Assignment,Editor,D:/University/Java/Assignment/src/Week5/CafeTest.java,CafeTest::CreateBeverage,79,29,Default task
2021-10-02T14:28:45.732+09:00,HanSeunghun,KeyEvent,97:65:0,Assignment,Editor,D:/University/Java/Assignment/src/Week5/CafeTest.java,CafeTest::CreateBeverage,79,29,Default task
2021-10-02T14:28:45.896+09:00,HanSeunghun,KeyEvent,97:65:0,Assignment,Editor,D:/University/Java/Assignment/src/Week5/CafeTest.java,CafeTest::CreateBeverage,79,29,Default task
2021-10-02T14:28:45.998+09:00,HanSeunghun,KeyEvent,32:32:0,Assignment,Editor,D:/University/Java/Assignment/src/Week5/CafeTest.java,CafeTest::CreateBeverage,79,29,Default task
2021-10-02T14:28:46.108+09:00,HanSeunghun,KeyEvent,104:72:0,Assignment,Editor,D:/University/Java/Assignment/src/Week5/CafeTest.java,CafeTest::CreateBeverage,79,29,Default task
2021-10-02T14:28:46.172+09:00,HanSeunghun,KeyEvent,111:79:0,Assignment,Editor,D:/University/Java/Assignment/src/Week5/CafeTest.java,CafeTest::CreateBeverage,79,29,Default task
2021-10-02T14:28:46.252+09:00,HanSeunghun,KeyEvent,116:84:0,Assignment,Editor,D:/University/Java/Assignment/src/Week5/CafeTest.java,CafeTest::CreateBeverage,79,29,Default task
2021-10-02T14:28:46.541+09:00,HanSeunghun,KeyEvent,10:10:0,Assignment,Editor,D:/University/Java/Assignment/src/Week5/CafeTest.java,CafeTest::CreateBeverage,79,29,Default task
2021-10-02T14:29:09.652+09:00,HanSeunghun,KeyEvent,97:65:0,Assignment,Editor,D:/University/Java/Assignment/src/Week5/CafeTest.java,CafeTest::CreateBeverage,79,29,Default task
2021-10-02T14:29:09.876+09:00,HanSeunghun,KeyEvent,100:68:0,Assignment,Editor,D:/University/Java/Assignment/src/Week5/CafeTest.java,CafeTest::CreateBeverage,79,29,Default task
2021-10-02T14:29:10.060+09:00,HanSeunghun,KeyEvent,100:68:0,Assignment,Editor,D:/University/Java/Assignment/src/Week5/CafeTest.java,CafeTest::CreateBeverage,79,29,Default task
2021-10-02T14:29:10.949+09:00,HanSeunghun,KeyEvent,8:8:0,Assignment,Editor,D:/University/Java/Assignment/src/Week5/CafeTest.java,CafeTest::CreateBeverage,79,29,Default task
2021-10-02T14:29:11.149+09:00,HanSeunghun,KeyEvent,8:8:0,Assignment,Editor,D:/University/Java/Assignment/src/Week5/CafeTest.java,CafeTest::CreateBeverage,79,29,Default task
2021-10-02T14:29:11.317+09:00,HanSeunghun,KeyEvent,8:8:0,Assignment,Editor,D:/University/Java/Assignment/src/Week5/CafeTest.java,CafeTest::CreateBeverage,79,29,Default task
2021-10-02T14:29:11.572+09:00,HanSeunghun,KeyEvent,108:76:0,Assignment,Editor,D:/University/Java/Assignment/src/Week5/CafeTest.java,CafeTest::CreateBeverage,79,29,Default task
2021-10-02T14:29:11.763+09:00,HanSeunghun,KeyEvent,105:73:0,Assignment,Editor,D:/University/Java/Assignment/src/Week5/CafeTest.java,CafeTest::CreateBeverage,79,29,Default task
2021-10-02T14:29:11.844+09:00,HanSeunghun,KeyEvent,115:83:0,Assignment,Editor,D:/University/Java/Assignment/src/Week5/CafeTest.java,CafeTest::CreateBeverage,79,29,Default task
2021-10-02T14:29:11.973+09:00,HanSeunghun,KeyEvent,116:84:0,Assignment,Editor,D:/University/Java/Assignment/src/Week5/CafeTest.java,CafeTest::CreateBeverage,79,29,Default task
2021-10-02T14:29:12.109+09:00,HanSeunghun,KeyEvent,10:10:0,Assignment,Editor,D:/University/Java/Assignment/src/Week5/CafeTest.java,CafeTest::CreateBeverage,79,29,Default task
2021-10-02T14:29:21.621+09:00,HanSeunghun,Action,Start/Stop Activity Tracking,,,,,-1,-1,
